0.000000000000000000e+00	6.836172342300415039e-01	3.389893472194671631e-01	7.371515035629272461e-02	2.575021609663963318e-02	1.201601931825280190e-03	1.000000000000000000e+00	7.084044814109802246e-02	3.568376973271369934e-02	2.587418258190155029e-02	3.441101908683776855e-01	2.059554457664489746e-01	3.140975907444953918e-02
4.643990844488143921e-02	1.824138313531875610e-01	2.713151872158050537e-01	2.435425482690334320e-02	1.794711500406265259e-01	1.185542866587638855e-01	1.000000000000000000e+00	3.457380458712577820e-02	1.409661769866943359e-01	9.625560045242309570e-01	1.721805334091186523e-02	3.343369960784912109e-01	2.721737921237945557e-01
9.287981688976287842e-02	6.801385432481765747e-02	1.528379321098327637e-01	1.000000000000000000e+00	2.797583676874637604e-02	9.904287457466125488e-01	1.672960072755813599e-02	1.746000945568084717e-01	2.374338358640670776e-01	7.017252445220947266e-01	2.250359356403350830e-01	1.499698013067245483e-01	1.954039931297302246e-01
1.393197327852249146e-01	1.800880283117294312e-01	6.962921023368835449e-01	7.545610517263412476e-02	9.539658427238464355e-01	1.000000000000000000e+00	7.424138486385345459e-02	2.165471315383911133e-01	6.756249070167541504e-02	4.935219883918762207e-01	3.660577833652496338e-01	7.867274433374404907e-02	8.521614968776702881e-02
1.857596337795257568e-01	8.717286586761474609e-02	5.090901851654052734e-01	4.301602020859718323e-02	4.933350533246994019e-02	1.000000000000000000e+00	6.003702990710735321e-03	1.434905529022216797e-01	1.552813202142715454e-01	4.959085956215858459e-02	2.566325664520263672e-01	1.626032590866088867e-01	1.032863855361938477e-01
2.321995496749877930e-01	2.145564705133438110e-01	9.964538216590881348e-01	3.099524043500423431e-02	2.572684586048126221e-01	1.000000000000000000e+00	2.802901715040206909e-02	3.690595030784606934e-01	2.066189348697662354e-01	5.406012013554573059e-02	3.020744621753692627e-01	7.877473235130310059e-01	4.249948263168334961e-02
2.786394655704498291e-01	7.596538960933685303e-02	3.427078202366828918e-02	8.921060562133789062e-01	1.419306173920631409e-02	1.000000000000000000e+00	1.048564678058028221e-03	2.483229786157608032e-01	2.291753888130187988e-01	4.861913621425628662e-03	2.136390507221221924e-01	1.165161356329917908e-01	4.556124806404113770e-01
3.250793516635894775e-01	8.634117990732192993e-02	2.335530966520309448e-01	9.675078392028808594e-01	1.038022935390472412e-01	1.000000000000000000e+00	9.716795757412910461e-03	4.346802830696105957e-01	2.504521012306213379e-01	3.739743679761886597e-02	3.048652410507202148e-01	2.448713481426239014e-01	9.469340741634368896e-02
3.715192675590515137e-01	9.394547343254089355e-02	2.611269950866699219e-01	4.093958437442779541e-02	7.028597593307495117e-02	1.000000000000000000e+00	6.675868760794401169e-03	1.141468435525894165e-01	2.620754996314644814e-03	1.312781721353530884e-01	2.794718444347381592e-01	3.403663933277130127e-01	1.187760569155216217e-02
4.179591834545135498e-01	1.813237518072128296e-01	4.924063757061958313e-02	9.296326041221618652e-01	8.222449570894241333e-02	1.000000000000000000e+00	1.329961791634559631e-02	7.419668883085250854e-02	3.928196728229522705e-01	3.582016751170158386e-02	2.452021837234497070e-01	3.517674207687377930e-01	1.277708169072866440e-02
4.643990993499755859e-01	2.435865700244903564e-01	1.918029934167861938e-01	8.117074370384216309e-01	1.914993971586227417e-01	1.000000000000000000e+00	2.553513459861278534e-02	6.214893609285354614e-02	9.363452196121215820e-01	8.579888939857482910e-02	3.139689266681671143e-01	4.292737543582916260e-01	1.997853070497512817e-02
5.108389854431152344e-01	1.000000000000000000e+00	1.777185201644897461e-01	1.060782000422477722e-01	9.938788414001464844e-02	9.503802061080932617e-01	4.551551342010498047e-01	8.037402480840682983e-02	2.281243950128555298e-01	3.282075524330139160e-01	2.321980893611907959e-01	9.366981685161590576e-02	1.519082393497228622e-02
5.572789311408996582e-01	1.612915098667144775e-01	1.962537318468093872e-01	4.357552826404571533e-01	5.494186654686927795e-02	9.535182118415832520e-01	1.000000000000000000e+00	6.461619585752487183e-02	1.243943646550178528e-01	1.073804590851068497e-02	7.862874269485473633e-01	2.981643080711364746e-01	3.903869166970252991e-02
6.037188172340393066e-01	5.074751973152160645e-01	3.242110610008239746e-01	4.236912727355957031e-01	4.961136728525161743e-02	9.369803220033645630e-02	1.000000000000000000e+00	4.638843238353729248e-01	1.157542243599891663e-01	8.600624799728393555e-01	2.288111150264739990e-01	2.228523939847946167e-01	3.725651204586029053e-01
6.501587033271789551e-01	2.378483116626739502e-01	6.992505788803100586e-01	5.660496354103088379e-01	2.579077780246734619e-01	8.282519131898880005e-02	1.000000000000000000e+00	1.423635333776473999e-01	1.481617689132690430e-01	9.628074169158935547e-01	1.779721863567829132e-02	3.414106965065002441e-01	3.330019861459732056e-02
6.965986490249633789e-01	4.648084938526153564e-02	8.779925704002380371e-01	1.210716292262077332e-01	2.493270039558410645e-01	4.009946882724761963e-01	8.653499484062194824e-01	8.400012254714965820e-01	1.126707121729850769e-01	1.668703854084014893e-01	1.315875947475433350e-01	1.000000000000000000e+00	2.722733914852142334e-01
7.430385351181030273e-01	7.080074399709701538e-02	2.869641184806823730e-01	1.530848164111375809e-02	1.984819322824478149e-01	2.458976805210113525e-01	1.000000000000000000e+00	5.623466894030570984e-02	2.852598726749420166e-01	1.119134873151779175e-01	9.694154560565948486e-02	2.646788656711578369e-01	9.833754301071166992e-01
7.894784808158874512e-01	6.069295853376388550e-02	5.686395615339279175e-02	2.810825705528259277e-01	5.329423025250434875e-02	5.373899340629577637e-01	1.000000000000000000e+00	1.150519773364067078e-02	1.372957825660705566e-01	5.396528169512748718e-03	1.166143566370010376e-01	3.428787589073181152e-01	9.926235675811767578e-01
8.359183669090270996e-01	1.874027587473392487e-02	8.699107170104980469e-02	3.227097094058990479e-01	3.085123561322689056e-02	2.772881984710693359e-01	1.000000000000000000e+00	2.281604520976543427e-02	1.285284757614135742e-01	1.815877109766006470e-02	4.349260926246643066e-01	2.397017925977706909e-01	8.388223648071289062e-01
8.823582530021667480e-01	2.697244882583618164e-01	4.558252096176147461e-01	1.984941810369491577e-01	1.201028227806091309e-01	7.030202150344848633e-01	1.000000000000000000e+00	6.518387049436569214e-02	1.078562438488006592e-01	6.264747381210327148e-01	3.513676226139068604e-01	3.210059106349945068e-01	6.671187281608581543e-01
9.287981986999511719e-01	1.594779193401336670e-01	6.722878664731979370e-02	8.950331807136535645e-01	2.900511771440505981e-02	8.205313086509704590e-01	1.000000000000000000e+00	9.852283596992492676e-01	2.544094026088714600e-01	7.261151075363159180e-02	2.140724211931228638e-01	2.767660617828369141e-01	7.910388112068176270e-01
9.752380847930908203e-01	9.671345353126525879e-02	6.588454842567443848e-01	5.947595089673995972e-02	9.426903128623962402e-01	1.000000000000000000e+00	9.795949608087539673e-02	1.780210584402084351e-01	8.230154961347579956e-02	9.177304506301879883e-01	3.158072531223297119e-01	6.380385905504226685e-02	7.282042503356933594e-02
1.021677970886230469e+00	1.829059571027755737e-01	7.101860046386718750e-01	5.887665599584579468e-02	1.054918989539146423e-01	1.000000000000000000e+00	2.112881094217300415e-02	2.009853422641754150e-01	5.883706212043762207e-01	9.596520662307739258e-02	2.745330631732940674e-01	2.740018963813781738e-01	1.088488623499870300e-01
1.068117856979370117e+00	1.888035535812377930e-01	9.869832396507263184e-01	3.095205686986446381e-02	2.993851006031036377e-01	1.000000000000000000e+00	3.162029385566711426e-02	3.720111250877380371e-01	1.126652136445045471e-01	4.231616482138633728e-02	3.041792213916778564e-01	9.302646517753601074e-01	8.675195276737213135e-02
1.114557862281799316e+00	5.608741641044616699e-01	9.854170083999633789e-01	9.821465611457824707e-01	2.866423428058624268e-01	1.000000000000000000e+00	1.368429064750671387e-01	4.411861598491668701e-01	3.007408082485198975e-01	8.082172274589538574e-02	3.801730871200561523e-01	5.697959065437316895e-01	7.900108397006988525e-02
1.160997748374938965e+00	3.674772754311561584e-02	1.000000000000000000e+00	3.495875746011734009e-02	4.509455990046262741e-03	9.221553206443786621e-01	1.635117083787918091e-02	2.601078152656555176e-01	2.775042783468961716e-03	1.045427750796079636e-02	2.424051314592361450e-01	4.717238247394561768e-03	4.192740097641944885e-02
1.207437634468078613e+00	2.856541052460670471e-02	1.000000000000000000e+00	2.175686508417129517e-02	8.762865327298641205e-03	6.650407910346984863e-01	4.161745682358741760e-02	2.460603713989257812e-01	1.557343057356774807e-03	1.051823329180479050e-02	1.992633193731307983e-01	1.045695971697568893e-02	4.343686997890472412e-02
1.253877520561218262e+00	3.036455065011978149e-02	1.000000000000000000e+00	1.692080311477184296e-02	7.354146800935268402e-03	5.288375616073608398e-01	4.469405114650726318e-02	2.556240260601043701e-01	2.253363607451319695e-03	1.159151457250118256e-02	1.601928472518920898e-01	1.111479848623275757e-02	5.638300999999046326e-02
1.300317406654357910e+00	1.120323594659566879e-02	1.000000000000000000e+00	6.275371648371219635e-03	6.731697823852300644e-03	1.330627501010894775e-01	7.701555639505386353e-02	2.479113042354583740e-01	4.746728111058473587e-03	2.085443772375583649e-02	5.833381041884422302e-02	1.883511245250701904e-02	8.014976233243942261e-02
1.346757411956787109e+00	7.927481830120086670e-02	1.000000000000000000e+00	1.586839556694030762e-02	2.468017488718032837e-02	2.968448400497436523e-01	2.333159595727920532e-01	2.485087811946868896e-01	9.108708240091800690e-03	7.495871931314468384e-02	1.081987470388412476e-01	7.008548080921173096e-02	7.162784785032272339e-02
1.393197298049926758e+00	6.049007177352905273e-03	1.000000000000000000e+00	7.480617612600326538e-03	8.627731353044509888e-03	9.747160971164703369e-02	3.737878426909446716e-02	2.428783774375915527e-01	2.137723844498395920e-03	2.049043588340282440e-02	6.534467637538909912e-02	9.664379060268402100e-03	4.360933601856231689e-02
1.439637184143066406e+00	8.188281208276748657e-03	1.000000000000000000e+00	3.338024765253067017e-02	1.039515808224678040e-02	1.143065243959426880e-01	3.857987746596336365e-02	2.424810826778411865e-01	9.405783377587795258e-03	1.078887656331062317e-02	6.740853935480117798e-02	1.024317741394042969e-02	5.538684874773025513e-02
1.486077070236206055e+00	7.455279119312763214e-03	1.000000000000000000e+00	3.928225021809339523e-03	9.281273931264877319e-03	1.317806839942932129e-01	3.984612971544265747e-02	2.439433634281158447e-01	2.912978874519467354e-03	1.259864214807748795e-02	6.735061109066009521e-02	1.022324431687593460e-02	7.926254719495773315e-02
1.532516956329345703e+00	6.897077430039644241e-03	1.000000000000000000e+00	5.395782180130481720e-03	5.497397854924201965e-03	1.101213842630386353e-01	4.221289604902267456e-02	2.447331100702285767e-01	3.375044558197259903e-03	2.840155549347400665e-02	6.386576592922210693e-02	1.073625031858682632e-02	7.756830751895904541e-02
1.578956961631774902e+00	1.000000000000000000e+00	4.980434775352478027e-01	2.283309027552604675e-02	1.516627892851829529e-02	1.893238723278045654e-01	2.682769298553466797e-01	1.263407021760940552e-01	3.325282409787178040e-02	7.473915815353393555e-02	6.561493128538131714e-02	5.199649930000305176e-02	5.724076926708221436e-02
1.625396847724914551e+00	1.000000000000000000e+00	1.180864423513412476e-01	2.165504731237888336e-02	9.008713066577911377e-03	3.635732084512710571e-02	2.386900782585144043e-01	2.927669882774353027e-02	1.479725912213325500e-02	5.640538409352302551e-02	1.455424446612596512e-02	4.401673749089241028e-02	5.998089443892240524e-03
1.671836733818054199e+00	1.000000000000000000e+00	9.476119279861450195e-02	2.210975438356399536e-02	5.602883640676736832e-03	2.833338826894760132e-02	2.390597909688949585e-01	2.388788014650344849e-02	6.773360073566436768e-03	5.230755358934402466e-02	1.105953659862279892e-02	4.687079787254333496e-02	4.027534741908311844e-03
1.718276619911193848e+00	1.000000000000000000e+00	2.068372815847396851e-02	1.985570415854454041e-02	4.883100744336843491e-03	6.841303408145904541e-02	2.385159432888031006e-01	7.657946553081274033e-03	4.060453269630670547e-03	5.009718984365463257e-02	1.683072000741958618e-02	4.796953499317169189e-02	1.066944445483386517e-03
1.764716506004333496e+00	1.000000000000000000e+00	4.993929527699947357e-03	2.672073245048522949e-02	7.934824377298355103e-02	9.661073237657546997e-02	2.400928139686584473e-01	4.711135756224393845e-03	3.138293698430061340e-02	6.475555896759033203e-02	2.468262240290641785e-02	6.746255606412887573e-02	7.332476321607828140e-03
1.811156511306762695e+00	1.000000000000000000e+00	3.663988318294286728e-03	1.984091848134994507e-02	1.545377634465694427e-02	4.886062070727348328e-02	2.439270913600921631e-01	2.382972743362188339e-03	1.766088977456092834e-02	5.482169985771179199e-02	1.231809426099061966e-02	4.139610007405281067e-02	2.206630073487758636e-03
1.857596397399902344e+00	1.000000000000000000e+00	7.182084955275058746e-03	2.378375455737113953e-02	2.973715309053659439e-03	3.215055540204048157e-02	2.336511015892028809e-01	2.999842166900634766e-03	7.407480385154485703e-03	5.203189328312873840e-02	7.941202260553836823e-03	4.020983353257179260e-02	4.388082015793770552e-04
1.904036283493041992e+00	1.000000000000000000e+00	3.342885291203856468e-03	2.009042166173458099e-02	3.844730090349912643e-03	3.003497421741485596e-02	2.353321909904479980e-01	2.171629574149847031e-03	6.017420906573534012e-03	4.914318025112152100e-02	7.558600511401891708e-03	4.383013397455215454e-02	3.111132537014782429e-04
1.950476169586181641e+00	1.000000000000000000e+00	8.626514114439487457e-03	1.966712251305580139e-02	4.062416031956672668e-03	4.526526480913162231e-02	2.347163856029510498e-01	3.836878575384616852e-03	5.709779448807239532e-03	4.871746152639389038e-02	1.114256959408521652e-02	4.518425092101097107e-02	4.224749573040753603e-04
1.996916055679321289e+00	1.000000000000000000e+00	7.777335122227668762e-03	2.079826779663562775e-02	5.203629378229379654e-03	4.496334865689277649e-02	2.354307174682617188e-01	3.864708822220563889e-03	1.596882939338684082e-02	4.959750175476074219e-02	1.124962139874696732e-02	4.721845313906669617e-02	3.565509396139532328e-04
2.043355941772460938e+00	1.000000000000000000e+00	1.521668303757905960e-02	2.072755992412567139e-02	6.226645316928625107e-03	4.483404383063316345e-02	2.349241077899932861e-01	5.428934469819068909e-03	2.981070615351200104e-02	4.945267736911773682e-02	1.156744360923767090e-02	4.609362408518791199e-02	6.764986319467425346e-04
2.089795827865600586e+00	1.000000000000000000e+00	4.107858985662460327e-03	1.985730603337287903e-02	5.520878825336694717e-03	3.186665475368499756e-02	2.351634502410888672e-01	2.378887962549924850e-03	5.403162166476249695e-02	4.859893023967742920e-02	8.287568576633930206e-03	4.219143837690353394e-02	2.286412054672837257e-04
2.136235713958740234e+00	1.000000000000000000e+00	1.690514851361513138e-03	2.060972526669502258e-02	5.110954865813255310e-03	3.055396303534507751e-02	2.341128885746002197e-01	1.477421261370182037e-03	6.996989995241165161e-02	4.885182902216911316e-02	8.253828622400760651e-03	3.745591640472412109e-02	1.176964651676826179e-04
2.182675838470458984e+00	1.000000000000000000e+00	4.985200706869363785e-03	1.893777586519718170e-02	6.037927698343992233e-03	1.878290250897407532e-02	2.336702942848205566e-01	1.894705812446773052e-03	8.943372219800949097e-02	4.772883653640747070e-02	5.946001503616571426e-03	3.467156365513801575e-02	2.605595509521663189e-04
2.229115724563598633e+00	1.000000000000000000e+00	1.722759194672107697e-02	1.874485239386558533e-02	6.425737403333187103e-03	9.559753350913524628e-03	2.328630983829498291e-01	4.510999657213687897e-03	1.119857951998710632e-01	4.754691570997238159e-02	4.745055921375751495e-03	3.226389735937118530e-02	6.077687139622867107e-04
2.275555610656738281e+00	1.000000000000000000e+00	1.042320113629102707e-02	1.882753148674964905e-02	4.582558292895555496e-03	7.507233880460262299e-03	2.333824336528778076e-01	2.867385279387235641e-03	8.816818892955780029e-02	4.774611815810203552e-02	3.365848446264863014e-03	3.141292929649353027e-02	4.039007471874356270e-04
2.321995496749877930e+00	1.000000000000000000e+00	6.384209846146404743e-04	1.802818104624748230e-02	4.656103905290365219e-03	4.659526050090789795e-03	2.334821224212646484e-01	4.072292358614504337e-04	8.003319799900054932e-02	4.732888191938400269e-02	2.268251497298479080e-03	3.213456273078918457e-02	1.865332014858722687e-04
2.368435382843017578e+00	1.000000000000000000e+00	6.887133698910474777e-03	1.837246865034103394e-02	5.164841655641794205e-03	9.416699409484863281e-03	2.328043878078460693e-01	2.149725798517465591e-03	9.142841398715972900e-02	4.738924652338027954e-02	3.748332150280475616e-03	3.323107585310935974e-02	2.910178736783564091e-04
2.414875268936157227e+00	1.000000000000000000e+00	1.061348617076873779e-02	1.720036566257476807e-02	6.554678548127412796e-03	1.601466536521911621e-02	2.325221598148345947e-01	3.241990227252244949e-03	1.056592017412185669e-01	4.647459089756011963e-02	5.719334352761507034e-03	3.467724844813346863e-02	4.456317983567714691e-04
2.461315155029296875e+00	1.000000000000000000e+00	7.562339305877685547e-04	1.780115440487861633e-02	7.944863289594650269e-03	2.113926596939563751e-02	2.318982481956481934e-01	1.092893071472644806e-03	1.277609318494796753e-01	4.653478413820266724e-02	6.911010481417179108e-03	3.774651139974594116e-02	8.338360930792987347e-05
2.507755041122436523e+00	1.000000000000000000e+00	1.023035962134599686e-02	1.789913885295391083e-02	8.986420929431915283e-03	1.817726902663707733e-02	2.319872677326202393e-01	3.530679969117045403e-03	1.406394392251968384e-01	4.675691574811935425e-02	6.574827712029218674e-03	4.001305997371673584e-02	3.896700218319892883e-04
2.554194927215576172e+00	1.000000000000000000e+00	2.851014956831932068e-03	1.832608878612518311e-02	8.460268378257751465e-03	1.448914874345064163e-02	2.313904166221618652e-01	1.723186578601598740e-03	1.344609558582305908e-01	4.712880402803421021e-02	6.450382992625236511e-03	3.620189800858497620e-02	6.378683028742671013e-04
2.600634813308715820e+00	6.275306344032287598e-01	1.000000000000000000e+00	9.077610075473785400e-02	1.682230830192565918e-02	4.946929514408111572e-01	2.599768340587615967e-01	2.593304812908172607e-01	5.519793182611465454e-02	5.782491341233253479e-02	1.733115315437316895e-01	6.358147412538528442e-02	6.102951988577842712e-02
2.647074937820434570e+00	1.909399591386318207e-02	1.000000000000000000e+00	1.869482104666531086e-03	1.038355380296707153e-02	1.570935361087322235e-02	4.508466646075248718e-02	2.406645119190216064e-01	4.747380968183279037e-03	2.008451521396636963e-02	4.464412480592727661e-02	1.087894756346940994e-02	4.337063059210777283e-02
2.693514823913574219e+00	1.259096805006265640e-02	1.000000000000000000e+00	6.402456201612949371e-04	9.379701688885688782e-03	6.393361371010541916e-03	3.469133749604225159e-02	2.390763610601425171e-01	2.464242279529571533e-03	9.401259943842887878e-03	4.222518205642700195e-02	8.279434405267238617e-03	5.040308088064193726e-02
2.739954710006713867e+00	6.835673004388809204e-03	1.000000000000000000e+00	5.788328126072883606e-04	8.900392800569534302e-03	1.221069786697626114e-02	5.171458050608634949e-02	2.412646114826202393e-01	2.480696653947234154e-03	1.487215608358383179e-02	3.891622275114059448e-02	1.277569774538278580e-02	7.383114844560623169e-02
2.786394596099853516e+00	1.483208313584327698e-02	1.000000000000000000e+00	3.027561586350202560e-03	1.241036504507064819e-02	2.011686190962791443e-02	7.241115719079971313e-02	2.409656643867492676e-01	5.286862608045339584e-03	3.496492281556129456e-02	4.788431152701377869e-02	1.817538775503635406e-02	9.063760936260223389e-02
2.832834482192993164e+00	1.000000000000000000e+00	4.295758605003356934e-01	2.105697058141231537e-02	8.546312153339385986e-02	7.940557599067687988e-02	2.536485493183135986e-01	1.039428412914276123e-01	3.329217806458473206e-02	9.152264893054962158e-02	3.976654633879661560e-02	5.031604692339897156e-02	2.316505834460258484e-02
2.879274368286132812e+00	1.000000000000000000e+00	1.418145447969436646e-01	2.215607464313507080e-02	8.819469250738620758e-03	3.000428155064582825e-02	2.362024486064910889e-01	3.488902375102043152e-02	1.426420547068119049e-02	5.678129941225051880e-02	1.402269396930932999e-02	4.399823769927024841e-02	6.056827027350664139e-03
2.925714254379272461e+00	1.000000000000000000e+00	9.016068279743194580e-02	2.137987501919269562e-02	5.706192459911108017e-03	2.661372534930706024e-02	2.354906052350997925e-01	2.278727106750011444e-02	6.406156346201896667e-03	5.203516408801078796e-02	1.064274646341800690e-02	4.634969681501388550e-02	3.364026080816984177e-03
2.972154140472412109e+00	1.000000000000000000e+00	3.413724899291992188e-02	1.884067803621292114e-02	4.887146875262260437e-03	3.473670035600662231e-02	2.367015480995178223e-01	9.898846037685871124e-03	3.809791058301925659e-03	4.959603026509284973e-02	9.731116704642772675e-03	4.745227843523025513e-02	1.419895095750689507e-03
3.018594026565551758e+00	1.000000000000000000e+00	3.846000134944915771e-02	2.473563887178897858e-02	7.861777395009994507e-02	8.550420403480529785e-02	2.559748291969299316e-01	1.273621898144483566e-02	3.217991441488265991e-02	5.248201265931129456e-02	2.327542752027511597e-02	7.463632524013519287e-02	9.900020435452461243e-03
3.065033912658691406e+00	1.000000000000000000e+00	5.692769307643175125e-03	2.019257098436355591e-02	1.346275396645069122e-02	4.896672070026397705e-02	2.356206029653549194e-01	2.979514421895146370e-03	1.674839854240417480e-02	5.361441895365715027e-02	1.223204843699932098e-02	3.986883163452148438e-02	2.340120263397693634e-03
3.111474037170410156e+00	1.000000000000000000e+00	2.469121245667338371e-03	2.362765371799468994e-02	3.941775299608707428e-03	2.889367379248142242e-02	2.327828258275985718e-01	1.908659934997558594e-03	6.777847185730934143e-03	5.216941237449645996e-02	6.994455121457576752e-03	4.051482304930686951e-02	3.826423489954322577e-04
3.157913923263549805e+00	1.000000000000000000e+00	1.974173123016953468e-03	1.982602290809154510e-02	3.582831006497144699e-03	3.070161864161491394e-02	2.342492341995239258e-01	2.056759782135486603e-03	5.654104519635438919e-03	4.884527623653411865e-02	7.519165519624948502e-03	4.363775253295898438e-02	2.830093726515769958e-04
3.204353809356689453e+00	1.000000000000000000e+00	9.439086541533470154e-03	1.994731649756431580e-02	4.246424883604049683e-03	4.795424640178680420e-02	2.341561913490295410e-01	4.155318718403577805e-03	6.311236415058374405e-03	4.889596253633499146e-02	1.183755323290824890e-02	4.523431509733200073e-02	4.235658270772546530e-04
3.250793695449829102e+00	1.000000000000000000e+00	1.005378365516662598e-02	2.072108536958694458e-02	5.399431101977825165e-03	4.413877427577972412e-02	2.335054427385330200e-01	4.444249905645847321e-03	1.755733229219913483e-02	4.944206029176712036e-02	1.105973869562149048e-02	4.645275697112083435e-02	4.545473493635654449e-04
3.297233581542968750e+00	1.000000000000000000e+00	1.689634099602699280e-02	2.065864764153957367e-02	5.682905204594135284e-03	3.699699416756629944e-02	2.331957221031188965e-01	5.698179826140403748e-03	3.142572566866874695e-02	4.939237236976623535e-02	9.735424071550369263e-03	4.562216997146606445e-02	6.868984783068299294e-04
3.343673467636108398e+00	1.000000000000000000e+00	4.778889473527669907e-03	1.982042938470840454e-02	5.442700814455747604e-03	2.783364988863468170e-02	2.330150604248046875e-01	2.408439293503761292e-03	5.482541024684906006e-02	4.866614192724227905e-02	7.421853020787239075e-03	4.118613898754119873e-02	2.630285453051328659e-04
3.390113353729248047e+00	1.000000000000000000e+00	9.286355343647301197e-04	2.056470885872840881e-02	4.882241599261760712e-03	2.510041557252407074e-02	2.322047650814056396e-01	1.211301074363291264e-03	6.843237578868865967e-02	4.890596866607666016e-02	6.986329331994056702e-03	3.659361600875854492e-02	1.400143082719296217e-04
3.436553239822387695e+00	1.000000000000000000e+00	9.795014047995209694e-04	1.869781687855720520e-02	6.527485791593790054e-03	1.479563117027282715e-02	2.324858009815216064e-01	8.207181817851960659e-04	8.956033736467361450e-02	4.776920378208160400e-02	4.868737421929836273e-03	3.413262590765953064e-02	1.577125076437368989e-04
3.482993125915527344e+00	1.000000000000000000e+00	6.642191670835018158e-03	1.890090480446815491e-02	6.035795435309410095e-03	9.155227802693843842e-03	2.316703796386718750e-01	1.961844973266124725e-03	1.124551668763160706e-01	4.755794256925582886e-02	4.186742939054965973e-03	3.181877359747886658e-02	2.772478037513792515e-04
3.529433012008666992e+00	1.000000000000000000e+00	4.306914284825325012e-03	1.854444853961467743e-02	4.540521185845136642e-03	6.550844758749008179e-03	2.324283421039581299e-01	1.310601131990551949e-03	8.722420036792755127e-02	4.753576591610908508e-02	2.992759458720684052e-03	3.113014809787273407e-02	1.919263158924877644e-04
3.575872898101806641e+00	1.000000000000000000e+00	7.650157203897833824e-04	1.814055629074573517e-02	4.711629357188940048e-03	4.935675300657749176e-03	2.328103333711624146e-01	4.460509517230093479e-04	8.011071383953094482e-02	4.740399494767189026e-02	2.343964530155062675e-03	3.205244243144989014e-02	1.816845906432718039e-04
3.622313022613525391e+00	1.000000000000000000e+00	2.562675625085830688e-03	1.812157593667507172e-02	5.272589623928070068e-03	5.668333265930414200e-03	2.325191795825958252e-01	9.785253787413239479e-04	8.986552804708480835e-02	4.736020416021347046e-02	2.747182734310626984e-03	3.316584601998329163e-02	1.430154370609670877e-04
3.668752908706665039e+00	1.000000000000000000e+00	6.725276471115648746e-04	1.695292815566062927e-02	6.093475501984357834e-03	1.151912752538919449e-02	2.327265441417694092e-01	7.087577832862734795e-04	1.043732836842536926e-01	4.630268365144729614e-02	4.284437745809555054e-03	3.482292219996452332e-02	8.757300383877009153e-05
3.715192794799804688e+00	1.000000000000000000e+00	2.654410898685455322e-03	1.780823431909084320e-02	8.029785938560962677e-03	1.548682153224945068e-02	2.317457944154739380e-01	1.385814510285854340e-03	1.257810741662979126e-01	4.673441126942634583e-02	5.632187239825725555e-03	3.771670535206794739e-02	1.303432509303092957e-04
3.761632680892944336e+00	1.000000000000000000e+00	8.499693125486373901e-03	1.786960661411285400e-02	8.567693643271923065e-03	1.587593741714954376e-02	2.315193265676498413e-01	2.993565052747726440e-03	1.354647874832153320e-01	4.680135846138000488e-02	5.952871870249509811e-03	3.909716755151748657e-02	3.033108660019934177e-04
3.808072566986083984e+00	1.000000000000000000e+00	1.077762222848832607e-03	1.811200007796287537e-02	8.067434653639793396e-03	1.627464778721332550e-02	2.316363155841827393e-01	1.369225210510194302e-03	1.278224289417266846e-01	4.691614955663681030e-02	6.695091724395751953e-03	3.602637350559234619e-02	6.235238979570567608e-04
3.854512453079223633e+00	1.000000000000000000e+00	4.225699603557586670e-02	5.107636749744415283e-02	2.373294234275817871e-01	5.172879621386528015e-02	2.477178722620010376e-01	6.742282956838607788e-02	2.327589392662048340e-01	1.261225342750549316e-01	5.836720019578933716e-02	9.616775512695312500e-01	7.777651306241750717e-03
3.900952339172363281e+00	9.693681597709655762e-01	2.405165880918502808e-02	5.419530719518661499e-02	2.362411022186279297e-01	4.841261357069015503e-02	3.030707240104675293e-01	5.371772870421409607e-02	2.328826934099197388e-01	1.016278117895126343e-01	8.343835175037384033e-02	1.000000000000000000e+00	2.003628015518188477e-01
3.947392225265502930e+00	9.946907162666320801e-01	3.802226483821868896e-02	2.506968192756175995e-02	2.258955985307693481e-01	3.846226492896676064e-03	2.285526543855667114e-01	1.365818083286285400e-01	7.564091589301824570e-03	7.872083783149719238e-02	6.503061391413211823e-03	1.000000000000000000e+00	1.802742853760719299e-02
3.993832111358642578e+00	9.377978444099426270e-01	1.423693448305130005e-02	2.057710103690624237e-02	2.350526303052902222e-01	4.675731528550386429e-03	2.320036292076110840e-01	5.392463132739067078e-02	1.148821786046028137e-02	1.299743205308914185e-01	1.181710045784711838e-02	1.000000000000000000e+00	1.444262219592928886e-03
4.040272235870361328e+00	9.908984899520874023e-01	1.893721334636211395e-02	2.109810709953308105e-02	2.305611968040466309e-01	4.917086102068424225e-03	2.320834100246429443e-01	6.157017499208450317e-02	2.518150024116039276e-02	7.768293470144271851e-02	5.571171175688505173e-03	1.000000000000000000e+00	8.672756142914295197e-03
4.086711883544921875e+00	9.925143718719482422e-01	3.544139489531517029e-02	2.269006706774234772e-02	2.255832701921463013e-01	3.574016503989696503e-03	2.335441708564758301e-01	9.701024740934371948e-02	2.477383008226752281e-03	1.172331422567367554e-01	2.050594054162502289e-02	1.000000000000000000e+00	9.922686032950878143e-03
4.133152008056640625e+00	9.926074743270874023e-01	2.518124133348464966e-02	1.551625132560729980e-02	2.259090393781661987e-01	2.214850671589374542e-02	2.294312119483947754e-01	5.562254786491394043e-02	7.460104767233133316e-03	1.240279823541641235e-01	7.099378854036331177e-03	1.000000000000000000e+00	7.043355726636946201e-04
4.179591655731201172e+00	9.956394433975219727e-01	1.416397094726562500e-02	2.156515605747699738e-02	2.253189831972122192e-01	1.992669422179460526e-03	2.307399809360504150e-01	5.528540536761283875e-02	4.477417096495628357e-03	7.627961039543151855e-02	6.165977567434310913e-03	1.000000000000000000e+00	2.952306298539042473e-03
4.226031780242919922e+00	9.774331450462341309e-01	7.137368898838758469e-03	2.076350711286067963e-02	2.265404611825942993e-01	1.057382556609809399e-03	2.382736802101135254e-01	5.015866830945014954e-02	5.374404601752758026e-03	8.453041315078735352e-02	1.299205049872398376e-02	1.000000000000000000e+00	3.874763206113129854e-04
4.272471427917480469e+00	1.000000000000000000e+00	1.072673797607421875e-01	2.103066444396972656e-01	1.109077706933021545e-01	1.895556226372718811e-02	2.451910078525543213e-01	1.209855228662490845e-01	4.081468656659126282e-02	8.122499287128448486e-02	3.514179587364196777e-01	4.388511776924133301e-01	5.769008025527000427e-02
4.318911552429199219e+00	1.000000000000000000e+00	6.649885177612304688e-01	9.897829592227935791e-02	3.147242590785026550e-02	9.083700180053710938e-02	2.442672103643417358e-01	1.737998425960540771e-01	1.682151257991790771e-01	4.272632673382759094e-02	3.925881385803222656e-01	4.113757610321044922e-02	1.632481962442398071e-01
4.365351676940917969e+00	1.000000000000000000e+00	2.367989122867584229e-01	7.755488902330398560e-02	2.662240713834762573e-02	3.459630301222205162e-03	2.540889084339141846e-01	7.503525912761688232e-02	2.456823140382766724e-01	4.960808157920837402e-02	2.603580355644226074e-01	3.987735509872436523e-02	1.258450746536254883e-02
4.411791324615478516e+00	1.000000000000000000e+00	7.827783375978469849e-02	4.299973323941230774e-02	1.476224213838577271e-01	1.872691907919943333e-03	2.477711737155914307e-01	3.056317754089832306e-02	1.045183651149272919e-02	7.607887685298919678e-02	1.128345578908920288e-01	1.605179160833358765e-01	1.143105700612068176e-02
4.458231449127197266e+00	1.000000000000000000e+00	3.829439356923103333e-02	3.813019394874572754e-02	3.249611705541610718e-02	6.813896447420120239e-02	2.353260517120361328e-01	4.820171371102333069e-02	6.102286279201507568e-03	1.292833536863327026e-01	2.357232943177223206e-02	7.790688425302505493e-02	4.785302281379699707e-02
4.504671096801757812e+00	1.000000000000000000e+00	9.916296601295471191e-02	9.196506440639495850e-02	1.020077988505363464e-01	2.717420272529125214e-02	2.437573969364166260e-01	3.907060623168945312e-02	2.943709678947925568e-02	6.615361571311950684e-02	3.081290423870086670e-01	1.805813163518905640e-01	8.902174420654773712e-03
4.551111221313476562e+00	1.000000000000000000e+00	9.165966510772705078e-02	6.127268448472023010e-02	4.081878066062927246e-02	2.948583336547017097e-03	2.357770204544067383e-01	2.315219119191169739e-02	1.750666797161102295e-01	9.040006250143051147e-02	7.782758772373199463e-02	1.261495202779769897e-01	3.947991877794265747e-03
4.597550868988037109e+00	1.000000000000000000e+00	2.014879882335662842e-01	3.485953807830810547e-02	8.957456797361373901e-03	1.058811089023947716e-03	2.363478541374206543e-01	4.955836758017539978e-02	3.437019139528274536e-02	4.827491566538810730e-02	5.720693245530128479e-02	5.069700255990028381e-02	1.056565344333648682e-02
4.643990993499755859e+00	1.000000000000000000e+00	1.612687259912490845e-01	2.775220200419425964e-02	1.267576776444911957e-02	5.618313327431678772e-03	2.377911955118179321e-01	3.615425899624824524e-02	7.391926366835832596e-03	5.592618137598037720e-02	5.589287728071212769e-02	5.114315822720527649e-02	4.219729453325271606e-03
4.690430641174316406e+00	9.916787743568420410e-01	2.280882745981216431e-01	2.604100406169891357e-01	1.227425411343574524e-01	2.414367496967315674e-01	2.865848839282989502e-01	2.524336576461791992e-01	7.829950004816055298e-02	7.885822653770446777e-02	9.563890695571899414e-01	3.330077603459358215e-02	1.000000000000000000e+00
4.736870765686035156e+00	1.000000000000000000e+00	9.350454211235046387e-01	1.469547599554061890e-01	8.463418483734130859e-02	1.499380767345428467e-01	2.404348701238632202e-01	2.723896205425262451e-01	3.005324900150299072e-01	5.191820859909057617e-02	5.961493253707885742e-01	1.706862747669219971e-01	2.122321575880050659e-01
4.783310890197753906e+00	1.000000000000000000e+00	4.323452115058898926e-01	3.636378049850463867e-02	3.530069440603256226e-02	8.328331168740987778e-04	2.259859293699264526e-01	1.271421164274215698e-01	3.469779193401336670e-01	4.690081998705863953e-02	9.453835338354110718e-02	3.689778596162796021e-02	1.657026447355747223e-02
4.829750537872314453e+00	1.000000000000000000e+00	2.036329358816146851e-01	7.116335630416870117e-02	2.896122038364410400e-01	6.400566082447767258e-03	2.520470023155212402e-01	7.024368643760681152e-02	1.724274642765522003e-02	2.222434282302856445e-01	2.352919131517410278e-01	2.511895596981048584e-01	1.859634742140769958e-02
4.876190662384033203e+00	1.000000000000000000e+00	2.583145163953304291e-03	3.477909415960311890e-02	3.847182542085647583e-02	1.036593466997146606e-01	2.384998649358749390e-01	4.775672033429145813e-02	5.350315943360328674e-03	6.277933716773986816e-02	3.867242485284805298e-02	9.896919131278991699e-02	2.767065726220607758e-02
4.922630310058593750e+00	1.000000000000000000e+00	2.241615056991577148e-01	1.967370510101318359e-01	4.606797918677330017e-02	8.016831427812576294e-02	2.565183937549591064e-01	7.666872441768646240e-02	2.597524411976337433e-02	4.943863674998283386e-02	7.460516691207885742e-01	3.687902912497520447e-02	4.166492819786071777e-02
4.969070434570312500e+00	1.000000000000000000e+00	2.185740768909454346e-01	5.205425992608070374e-02	5.609512329101562500e-02	4.197969660162925720e-02	2.431035339832305908e-01	5.484031513333320618e-02	2.771024703979492188e-01	8.686181157827377319e-02	1.806634664535522461e-01	1.104368567466735840e-01	9.094329550862312317e-03
5.015510082244873047e+00	1.000000000000000000e+00	5.744775533676147461e-01	5.452437326312065125e-02	6.372010707855224609e-02	2.400853205472230911e-03	2.348328381776809692e-01	1.534482389688491821e-01	1.139999926090240479e-02	6.010909751057624817e-02	8.245077729225158691e-02	2.262826561927795410e-01	2.110563404858112335e-02
5.061950206756591797e+00	1.000000000000000000e+00	9.244898557662963867e-01	1.511691212654113770e-01	2.597754895687103271e-01	4.193065315485000610e-02	2.344537228345870972e-01	2.189614772796630859e-01	2.812730073928833008e-01	6.637565046548843384e-02	4.735208749771118164e-01	6.701951026916503906e-01	4.470931738615036011e-02
5.108389854431152344e+00	1.000000000000000000e+00	6.938113570213317871e-01	1.790773272514343262e-01	3.014926612377166748e-02	2.056562807410955429e-03	2.536042928695678711e-01	1.744977831840515137e-01	4.861521348357200623e-02	7.142007350921630859e-02	3.604152500629425049e-01	9.423009306192398071e-02	2.157638780772686005e-02
5.154829978942871094e+00	1.000000000000000000e+00	4.374392032623291016e-01	1.216134727001190186e-01	2.699714340269565582e-02	1.170743927359580994e-01	2.359336316585540771e-01	1.087885648012161255e-01	1.053898036479949951e-01	5.979748815298080444e-02	3.571721911430358887e-01	3.284253180027008057e-02	4.811068475246429443e-01
5.201269626617431641e+00	1.000000000000000000e+00	3.533359989523887634e-02	1.589179933071136475e-01	9.270817041397094727e-02	9.181006252765655518e-02	2.553040683269500732e-01	1.426413748413324356e-02	3.235740959644317627e-02	5.758675560355186462e-02	5.970106720924377441e-01	3.075525760650634766e-01	1.223837286233901978e-01
5.247709751129150391e+00	1.000000000000000000e+00	4.044435322284698486e-01	6.368807703256607056e-02	3.838333860039710999e-02	7.675454020500183105e-02	2.386662662029266357e-01	1.055731177330017090e-01	3.009801730513572693e-02	5.750391483306884766e-01	8.718671649694442749e-02	5.261110514402389526e-02	2.078214436769485474e-01
5.294149875640869141e+00	1.000000000000000000e+00	6.300339102745056152e-02	4.820655658841133118e-02	2.359527722001075745e-02	3.329051658511161804e-02	2.368519306182861328e-01	3.162167966365814209e-02	8.475566655397415161e-02	4.254297912120819092e-02	1.192188113927841187e-01	3.941623866558074951e-02	4.549062345176935196e-03
5.340589523315429688e+00	1.000000000000000000e+00	1.556520462036132812e-01	4.252358898520469666e-02	2.532286010682582855e-02	6.106261536478996277e-02	2.356984764337539673e-01	8.480404317378997803e-02	1.286440715193748474e-02	7.703441381454467773e-02	7.202994078397750854e-02	9.347236156463623047e-02	1.928902417421340942e-01
5.387029647827148438e+00	1.000000000000000000e+00	3.593892604112625122e-02	2.876538224518299103e-02	1.621375093236565590e-03	5.945317447185516357e-03	2.472125887870788574e-01	8.269618265330791473e-03	1.229072641581296921e-02	8.939764648675918579e-02	3.162223473191261292e-02	3.618054836988449097e-02	9.846664033830165863e-03
5.433469295501708984e+00	1.000000000000000000e+00	8.435911685228347778e-02	3.954485431313514709e-02	1.269027590751647949e-01	6.935486197471618652e-02	2.332880645990371704e-01	4.856595024466514587e-02	3.231686726212501526e-02	6.447711586952209473e-02	9.447548538446426392e-02	5.493406057357788086e-01	1.794296652078628540e-01
5.479909420013427734e+00	1.000000000000000000e+00	4.086773097515106201e-02	1.105706766247749329e-01	1.475659608840942383e-01	6.307456642389297485e-03	2.526589334011077881e-01	3.655501082539558411e-02	3.150850161910057068e-02	7.724960148334503174e-02	2.446023970842361450e-01	4.070709943771362305e-01	1.382697746157646179e-02
5.526349067687988281e+00	9.266470074653625488e-01	2.613610923290252686e-01	3.683120608329772949e-01	2.607004530727863312e-02	2.037151306867599487e-01	2.710551321506500244e-01	3.114575743675231934e-01	7.344695925712585449e-02	6.787662953138351440e-02	1.000000000000000000e+00	3.017259389162063599e-02	7.848465442657470703e-01
5.572789192199707031e+00	1.000000000000000000e+00	9.333244562149047852e-01	1.517990529537200928e-01	9.185837954282760620e-02	1.660062819719314575e-01	2.380539774894714355e-01	2.295022606849670410e-01	2.861709296703338623e-01	5.261229351162910461e-02	6.214330196380615234e-01	2.094576358795166016e-01	1.783397644758224487e-01
5.619228839874267578e+00	1.000000000000000000e+00	5.084307789802551270e-01	3.192207217216491699e-02	1.387913972139358521e-01	8.297083899378776550e-03	2.244663238525390625e-01	1.717101186513900757e-01	4.107948541641235352e-01	5.465732514858245850e-02	1.073339730501174927e-01	4.551991820335388184e-01	2.085190452635288239e-02
5.665668964385986328e+00	1.000000000000000000e+00	4.339234828948974609e-01	1.019148677587509155e-01	4.132024645805358887e-01	1.815833710134029388e-02	2.504521310329437256e-01	1.508385390043258667e-01	1.845061406493186951e-02	3.579646944999694824e-01	3.664132058620452881e-01	3.823548555374145508e-01	3.124015033245086670e-02
5.712108612060546875e+00	1.000000000000000000e+00	2.883239686489105225e-01	4.212774932384490967e-01	3.846004903316497803e-01	4.514067173004150391e-01	3.529844582080841064e-01	2.255944460630416870e-01	9.269556403160095215e-02	3.658528029918670654e-01	3.909173011779785156e-01	8.973220586776733398e-01	5.491136386990547180e-02
5.758548736572265625e+00	7.590185999870300293e-01	3.261931240558624268e-02	1.848475188016891479e-01	2.592305243015289307e-01	1.117368191480636597e-01	1.895165592432022095e-01	8.747037500143051147e-02	6.169194579124450684e-01	7.718888670206069946e-02	6.885176301002502441e-01	1.000000000000000000e+00	1.365397125482559204e-02
5.804988861083984375e+00	9.545382857322692871e-02	4.054307341575622559e-01	5.136429518461227417e-02	2.463068068027496338e-01	2.412753738462924957e-02	2.666519284248352051e-01	1.294112205505371094e-01	1.790681779384613037e-01	2.430835515260696411e-01	7.922505587339401245e-02	1.000000000000000000e+00	1.317914854735136032e-02
5.851428508758544922e+00	1.096881031990051270e-01	7.646506279706954956e-02	4.932255148887634277e-01	2.500085234642028809e-01	4.964715242385864258e-01	8.356475830078125000e-02	4.820919781923294067e-02	3.650201857089996338e-01	2.494152039289474487e-01	7.791512608528137207e-01	1.000000000000000000e+00	1.656060814857482910e-01
5.897868633270263672e+00	6.733168363571166992e-01	1.209150301292538643e-03	1.022305563092231750e-01	2.242441922426223755e-01	3.401675075292587280e-02	1.371384114027023315e-01	2.724279761314392090e-01	9.424827098846435547e-01	5.170963332056999207e-02	8.005917072296142578e-03	1.000000000000000000e+00	1.463706940412521362e-01
5.944308280944824219e+00	2.702591121196746826e-01	2.273523360490798950e-01	1.871742308139801025e-01	1.266137659549713135e-01	1.907368153333663940e-01	6.509832292795181274e-02	5.406657457351684570e-01	1.547594517469406128e-01	1.000000000000000000e+00	2.283510752022266388e-02	5.508183836936950684e-01	6.351413726806640625e-01
5.990748405456542969e+00	5.347519516944885254e-01	2.055221050977706909e-01	1.871095895767211914e-01	1.674292534589767456e-01	9.312912076711654663e-02	1.188604831695556641e-01	3.842985033988952637e-01	3.138303756713867188e-02	1.000000000000000000e+00	3.580774180591106415e-03	8.010957390069961548e-02	1.491104662418365479e-01
6.037188053131103516e+00	6.957666575908660889e-02	3.139584958553314209e-01	9.062181711196899414e-01	1.411548163741827011e-02	5.626175999641418457e-01	8.624683134257793427e-03	8.273701369762420654e-02	3.257094919681549072e-01	1.000000000000000000e+00	1.023947596549987793e-01	1.340049803256988525e-01	9.727113246917724609e-01
6.083628177642822266e+00	8.386537432670593262e-02	7.964340448379516602e-01	8.491462469100952148e-02	2.648852579295635223e-02	1.000000000000000000e+00	8.209179341793060303e-02	2.065273225307464600e-01	1.667495965957641602e-01	9.527817368507385254e-01	4.552904069423675537e-01	1.427156627178192139e-01	9.121945500373840332e-01
6.130067825317382812e+00	9.858388453722000122e-03	7.291481494903564453e-01	4.505971446633338928e-02	4.982574656605720520e-02	1.469643265008926392e-01	2.152650207281112671e-01	1.719979345798492432e-01	1.730453222990036011e-02	1.000000000000000000e+00	2.928855270147323608e-02	1.971839666366577148e-01	1.703125238418579102e-01
6.176507949829101562e+00	2.576340734958648682e-01	8.405765891075134277e-02	2.581669986248016357e-01	2.922795116901397705e-01	1.550231724977493286e-01	4.776699468493461609e-02	8.860824108123779297e-01	1.000000000000000000e+00	1.223328635096549988e-01	1.619234532117843628e-01	2.226206846535205841e-02	8.283670544624328613e-01
6.222948074340820312e+00	2.736304998397827148e-01	6.031406521797180176e-01	8.145778775215148926e-01	2.280892729759216309e-01	2.607988119125366211e-01	3.868388757109642029e-02	1.413315981626510620e-01	1.000000000000000000e+00	5.984898209571838379e-01	7.818597555160522461e-02	7.962903380393981934e-01	1.687966287136077881e-02
6.269387722015380859e+00	2.575504481792449951e-01	1.413643360137939453e-01	5.318954586982727051e-01	2.382464706897735596e-01	6.343728303909301758e-02	3.295591473579406738e-02	2.987865209579467773e-01	1.000000000000000000e+00	2.794127911329269409e-02	1.424162685871124268e-01	8.866080045700073242e-01	5.749945715069770813e-02
6.315827846527099609e+00	1.000000000000000000e+00	2.678470015525817871e-01	2.477641552686691284e-01	1.052728444337844849e-01	3.560836911201477051e-01	2.165275067090988159e-01	8.688718080520629883e-02	8.608229160308837891e-01	4.138236343860626221e-01	1.331453770399093628e-01	2.148372977972030640e-01	5.397549271583557129e-02
6.362267494201660156e+00	7.378707081079483032e-02	8.977259397506713867e-01	3.486685827374458313e-02	2.334499061107635498e-01	7.658930867910385132e-02	1.000000000000000000e+00	1.935716569423675537e-01	3.023931682109832764e-01	2.283684909343719482e-01	1.074465066194534302e-01	2.426235526800155640e-01	1.198064312338829041e-01
6.408707618713378906e+00	2.264588698744773865e-02	2.451711893081665039e-01	3.185704946517944336e-01	3.927225992083549500e-02	3.727761805057525635e-01	1.000000000000000000e+00	4.779788479208946228e-02	9.999369084835052490e-02	1.696725259535014629e-03	8.002321124076843262e-01	2.397193312644958496e-01	1.282873451709747314e-01
6.455147266387939453e+00	5.898998975753784180e-01	4.969670623540878296e-02	8.503483533859252930e-01	6.443193554878234863e-02	3.610870987176895142e-02	1.000000000000000000e+00	3.154056966304779053e-01	2.920713424682617188e-01	4.602108523249626160e-02	1.391347199678421021e-01	3.756643235683441162e-01	9.769597649574279785e-02
6.501587390899658203e+00	8.228419423103332520e-01	1.497457772493362427e-01	2.387424707412719727e-01	8.273809403181076050e-02	5.953761190176010132e-02	1.000000000000000000e+00	3.303996473550796509e-02	1.039233282208442688e-01	4.146206676959991455e-01	6.786300335079431534e-03	2.777696549892425537e-01	1.595473475754261017e-02
6.548027038574218750e+00	3.383260592818260193e-02	7.788395881652832031e-01	3.428249061107635498e-01	2.218035459518432617e-01	1.505299508571624756e-01	8.219525218009948730e-01	5.442215204238891602e-01	1.272206455469131470e-01	5.447398871183395386e-02	1.755678504705429077e-01	1.000000000000000000e+00	2.271761000156402588e-01
6.594467163085937500e+00	1.272571831941604614e-01	6.318184733390808105e-01	8.462417870759963989e-02	2.298593372106552124e-01	9.857597351074218750e-01	1.000000000000000000e+00	4.676432311534881592e-01	1.801421344280242920e-01	1.655429005622863770e-01	4.986670613288879395e-01	9.277678132057189941e-01	4.306918978691101074e-01
6.640906810760498047e+00	1.424581706523895264e-01	8.844745159149169922e-02	1.483176499605178833e-01	6.141186505556106567e-02	1.920201033353805542e-01	1.000000000000000000e+00	1.307630259543657303e-02	6.548353284597396851e-02	1.127658188343048096e-01	3.209760487079620361e-01	2.660944759845733643e-01	6.403362154960632324e-01
6.687346935272216797e+00	1.982558518648147583e-02	3.464173972606658936e-01	3.823621273040771484e-01	3.629348427057266235e-02	2.067482471466064453e-01	1.000000000000000000e+00	5.385676398873329163e-02	1.676492840051651001e-01	3.104926049709320068e-01	8.035753667354583740e-02	2.524621188640594482e-01	8.705859184265136719e-01
6.733787059783935547e+00	4.942925870418548584e-01	2.276242375373840332e-01	8.754153847694396973e-01	1.961684525012969971e-01	2.002081423997879028e-01	1.000000000000000000e+00	1.134322062134742737e-01	3.406139612197875977e-01	4.665637761354446411e-02	1.268101483583450317e-01	4.055629372596740723e-01	3.403010666370391846e-01
6.780226707458496094e+00	7.652361392974853516e-01	1.110825128853321075e-02	3.501697778701782227e-01	2.044010162353515625e-01	1.000000000000000000e+00	1.578736454248428345e-01	4.544296264648437500e-01	6.947513669729232788e-02	9.186540544033050537e-02	2.343234568834304810e-01	7.431366443634033203e-01	1.500732004642486572e-01
6.826666831970214844e+00	1.375135332345962524e-01	4.931825101375579834e-01	4.106272011995315552e-02	7.832942008972167969e-01	1.000000000000000000e+00	4.275913536548614502e-02	1.491518020629882812e-01	3.940477967262268066e-02	9.465778470039367676e-01	2.454977184534072876e-01	2.082444131374359131e-01	3.461159393191337585e-02
6.873106479644775391e+00	7.191019058227539062e-01	8.155598044395446777e-01	4.354627430438995361e-02	2.351860702037811279e-01	1.000000000000000000e+00	1.601462662220001221e-01	2.205139696598052979e-01	8.239554762840270996e-01	7.676556706428527832e-02	2.940920889377593994e-01	6.216520667076110840e-01	4.440447092056274414e-01
6.919546604156494141e+00	2.745804786682128906e-01	9.556071758270263672e-01	3.461672663688659668e-01	1.401769369840621948e-01	1.000000000000000000e+00	4.812813922762870789e-02	3.415182530879974365e-01	6.166362762451171875e-01	2.207668498158454895e-02	2.997780740261077881e-01	2.539946734905242920e-01	4.943966120481491089e-02
6.965986251831054688e+00	1.006422340869903564e-01	7.567697018384933472e-02	9.702585339546203613e-01	1.139710694551467896e-01	1.000000000000000000e+00	2.503825351595878601e-02	6.545028090476989746e-02	2.669470608234405518e-01	2.758971229195594788e-02	3.241342008113861084e-01	1.248381808400154114e-01	1.841784082353115082e-02
7.012426376342773438e+00	1.136685907840728760e-01	1.242180690169334412e-01	6.377937644720077515e-02	2.685049772262573242e-01	1.000000000000000000e+00	3.336991667747497559e-01	1.126719638705253601e-01	1.406437456607818604e-01	9.357108920812606812e-02	2.879528403282165527e-01	9.954448342323303223e-01	1.024538185447454453e-02
7.058866024017333984e+00	3.064997792243957520e-01	1.235863566398620605e-01	2.362020164728164673e-01	5.937055349349975586e-01	1.000000000000000000e+00	5.285370722413063049e-02	1.616669744253158569e-01	9.835329055786132812e-01	1.206182613968849182e-01	2.601826786994934082e-01	9.260383248329162598e-01	4.846675693988800049e-02
7.105306148529052734e+00	1.952405124902725220e-01	1.143813040107488632e-02	9.924986362457275391e-01	2.001721262931823730e-01	1.000000000000000000e+00	1.823908835649490356e-02	9.368692338466644287e-02	4.939593076705932617e-01	6.402132660150527954e-02	2.229373902082443237e-01	6.470617055892944336e-01	2.038124017417430878e-02
7.151745796203613281e+00	8.067964017391204834e-02	4.572930280119180679e-03	7.374948263168334961e-01	2.690113894641399384e-02	1.000000000000000000e+00	6.478982977569103241e-03	3.294921293854713440e-02	1.859490275382995605e-01	9.701140224933624268e-03	2.220620363950729370e-01	1.558508425951004028e-01	1.473032087087631226e-01
7.198185920715332031e+00	6.651358306407928467e-02	9.276594966650009155e-03	5.366876125335693359e-01	1.801207065582275391e-01	1.000000000000000000e+00	2.622124738991260529e-02	1.181815713644027710e-01	1.172005087137222290e-01	8.912076801061630249e-02	3.516466915607452393e-01	7.670419216156005859e-01	2.788508534431457520e-01
7.244626045227050781e+00	1.281150728464126587e-01	2.771980464458465576e-01	8.408986926078796387e-01	2.037615925073623657e-01	1.000000000000000000e+00	1.213036850094795227e-01	1.364317536354064941e-01	2.854202985763549805e-01	3.121681138873100281e-02	2.436755597591400146e-01	8.372551798820495605e-01	8.986149728298187256e-02
7.291065692901611328e+00	6.589049100875854492e-01	2.309954166412353516e-01	6.249763369560241699e-01	4.006576538085937500e-01	1.000000000000000000e+00	3.516541421413421631e-01	9.823591262102127075e-02	1.456089764833450317e-01	9.303704500198364258e-01	2.104099690914154053e-01	7.909492254257202148e-01	3.138028830289840698e-02
7.337505817413330078e+00	7.565905898809432983e-02	2.954460084438323975e-01	8.354293704032897949e-01	4.660862311720848083e-02	1.000000000000000000e+00	1.751874387264251709e-02	1.438467502593994141e-01	1.776278018951416016e-01	3.834019899368286133e-01	2.972677052021026611e-01	2.126340121030807495e-01	3.452732041478157043e-02
7.383945465087890625e+00	2.721129357814788818e-01	1.000000000000000000e+00	7.643498480319976807e-02	4.005815833806991577e-03	9.769528508186340332e-01	8.016180992126464844e-02	2.976954579353332520e-01	7.505399640649557114e-03	4.049224033951759338e-02	2.248516082763671875e-01	3.477267548441886902e-02	7.208074629306793213e-02
7.430385589599609375e+00	4.738713148981332779e-03	1.000000000000000000e+00	7.615336216986179352e-03	8.389324881136417389e-03	7.726688683032989502e-02	4.584683850407600403e-02	2.419204264879226685e-01	4.082298371940851212e-03	1.947336085140705109e-02	6.123281270265579224e-02	1.187872234731912613e-02	4.329530894756317139e-02
7.476825237274169922e+00	3.030934371054172516e-03	1.000000000000000000e+00	2.785202115774154663e-03	9.735645726323127747e-03	5.834098160266876221e-02	3.889753296971321106e-02	2.398090660572052002e-01	1.989412354305386543e-03	9.047424420714378357e-03	5.477476119995117188e-02	9.473029524087905884e-03	4.915792867541313171e-02
7.523265361785888672e+00	5.544597283005714417e-03	1.000000000000000000e+00	2.315336605533957481e-03	6.458626128733158112e-03	8.010426908731460571e-02	5.429341271519660950e-02	2.432920634746551514e-01	6.254740525037050247e-03	1.318856980651617050e-02	5.525681003928184509e-02	1.332435570657253265e-02	7.218486070632934570e-02
7.569705009460449219e+00	1.471733674407005310e-02	1.000000000000000000e+00	5.852806847542524338e-03	7.310159038752317429e-03	1.975627541542053223e-01	8.107057213783264160e-02	2.500612437725067139e-01	7.825051434338092804e-03	3.227711841464042664e-02	7.361888140439987183e-02	2.073612995445728302e-02	8.477742224931716919e-02
7.616145133972167969e+00	4.608905911445617676e-01	3.573259338736534119e-02	7.144420146942138672e-01	1.832455098628997803e-01	1.000000000000000000e+00	1.428842246532440186e-01	2.353202104568481445e-01	8.236198127269744873e-02	1.945073902606964111e-02	2.388340979814529419e-01	4.686292111873626709e-01	8.874803036451339722e-02
7.662585258483886719e+00	6.387018412351608276e-02	1.000000000000000000e+00	2.781112678349018097e-02	2.811924181878566742e-02	9.966147541999816895e-01	3.132598649244755507e-04	2.736352682113647461e-01	6.840464775450527668e-04	7.991901598870754242e-03	2.729928195476531982e-01	1.083295210264623165e-03	3.052727133035659790e-02
7.709024906158447266e+00	6.253840029239654541e-02	1.000000000000000000e+00	2.844739891588687897e-02	1.560974866151809692e-02	9.977069497108459473e-01	2.672104747034609318e-04	2.735553085803985596e-01	3.163472283631563187e-03	1.295386347919702530e-03	2.715980112552642822e-01	9.185433154925704002e-04	3.123279474675655365e-02
7.755465030670166016e+00	7.625325024127960205e-02	9.715786576271057129e-01	3.255221992731094360e-02	6.104157771915197372e-03	1.000000000000000000e+00	3.530855523422360420e-03	2.831175029277801514e-01	3.260987251996994019e-02	3.178979735821485519e-03	2.481091171503067017e-01	1.450295839458703995e-02	1.069103330373764038e-01
7.801904678344726562e+00	4.397620856761932373e-01	1.263240445405244827e-02	9.580450057983398438e-01	3.253727778792381287e-02	1.000000000000000000e+00	8.596046268939971924e-02	3.418086469173431396e-02	1.916740238666534424e-01	3.303318098187446594e-02	2.165330350399017334e-01	9.230828285217285156e-02	1.224386319518089294e-02
7.848344802856445312e+00	2.842624299228191376e-02	1.000000000000000000e+00	2.679039165377616882e-02	4.903732798993587494e-03	7.265572547912597656e-01	2.569362521171569824e-02	2.440294325351715088e-01	1.966771669685840607e-03	1.324432808905839920e-02	2.150981277227401733e-01	7.184199057519435883e-03	4.431037604808807373e-02
7.894784450531005859e+00	2.897487767040729523e-02	1.000000000000000000e+00	2.197409421205520630e-02	1.029849518090486526e-02	6.291878223419189453e-01	1.896821893751621246e-02	2.479471415281295776e-01	2.084695734083652496e-03	6.577055435627698898e-03	1.907877773046493530e-01	4.836749751120805740e-03	4.467368870973587036e-02
7.941224575042724609e+00	1.336998213082551956e-02	1.000000000000000000e+00	7.260206621140241623e-03	6.626855581998825073e-03	1.990704536437988281e-01	5.183169990777969360e-02	2.487463355064392090e-01	3.156293416395783424e-03	1.441854145377874374e-02	8.213974535465240479e-02	1.279872469604015350e-02	7.016945630311965942e-02
7.987664222717285156e+00	8.017297834157943726e-03	1.000000000000000000e+00	8.048475719988346100e-03	1.783782988786697388e-02	1.567567735910415649e-01	8.751350641250610352e-02	2.478294521570205688e-01	4.759554285556077957e-03	4.274469614028930664e-02	6.300315260887145996e-02	2.217701449990272522e-02	9.342116117477416992e-02
8.034104347229003906e+00	1.629058085381984711e-02	1.000000000000000000e+00	3.773820772767066956e-02	9.247153066098690033e-03	2.902643084526062012e-01	6.295169889926910400e-02	2.503497004508972168e-01	1.244417577981948853e-02	4.067617654800415039e-02	1.097939312458038330e-01	1.941573806107044220e-02	5.101580172777175903e-02
8.080544471740722656e+00	4.067541565746068954e-03	1.000000000000000000e+00	1.877970527857542038e-03	9.552302770316600800e-03	4.623930528759956360e-02	2.921866439282894135e-02	2.409104406833648682e-01	2.654326846823096275e-03	1.619190908968448639e-02	5.158143118023872375e-02	7.304244674742221832e-03	4.704606160521507263e-02
8.126984596252441406e+00	1.001169532537460327e-02	1.000000000000000000e+00	5.339093971997499466e-03	2.382641844451427460e-02	1.755574494600296021e-01	3.347171097993850708e-02	2.452828288078308105e-01	2.059205202385783195e-03	1.333334855735301971e-02	7.925100624561309814e-02	8.278175257146358490e-03	6.748834997415542603e-02
8.173423767089843750e+00	2.383428160101175308e-03	1.000000000000000000e+00	1.753055374138057232e-03	5.998000502586364746e-03	5.696012452244758606e-02	3.170124441385269165e-02	2.479210495948791504e-01	3.012155648320913315e-03	1.641547866165637970e-02	3.940669447183609009e-02	8.719055913388729095e-03	7.707570493221282959e-02
8.219863891601562500e+00	1.000000000000000000e+00	9.241479039192199707e-01	2.534094080328941345e-02	1.561701595783233643e-01	3.165105581283569336e-01	3.128889501094818115e-01	2.300813049077987671e-01	2.374752797186374664e-02	5.505746603012084961e-02	1.265124678611755371e-01	5.379496142268180847e-02	8.384056389331817627e-02
8.266304016113281250e+00	1.000000000000000000e+00	2.203115969896316528e-01	2.137565799057483673e-02	2.602587081491947174e-02	9.823533892631530762e-02	2.417721152305603027e-01	5.539112165570259094e-02	2.299306541681289673e-02	6.390004605054855347e-02	3.378463909029960632e-02	4.327614605426788330e-02	1.138432603329420090e-02
8.312744140625000000e+00	1.000000000000000000e+00	8.006857335567474365e-02	2.204713039100170135e-02	5.986880976706743240e-03	2.340359427034854889e-02	2.352320849895477295e-01	1.999958790838718414e-02	8.834159933030605316e-03	5.381478369235992432e-02	9.433342143893241882e-03	4.346357658505439758e-02	3.704436589032411575e-03
8.359183311462402344e+00	1.000000000000000000e+00	5.738291516900062561e-02	2.039742283523082733e-02	5.264623556286096573e-03	3.877404332160949707e-02	2.356717735528945923e-01	1.533053070306777954e-02	5.118391942232847214e-03	5.077413842082023621e-02	1.194852497428655624e-02	4.723557084798812866e-02	2.392914146184921265e-03
8.405623435974121094e+00	1.000000000000000000e+00	7.737166713923215866e-03	2.228621020913124084e-02	5.822308827191591263e-03	9.405195713043212891e-02	2.346958518028259277e-01	5.627154372632503510e-03	4.545497708022594452e-03	5.024154484272003174e-02	2.240099012851715088e-02	4.776792228221893311e-02	7.337211864069104195e-04
8.452063560485839844e+00	1.000000000000000000e+00	2.167792245745658875e-02	2.821535803377628326e-02	1.057813689112663269e-01	1.041338294744491577e-01	2.573980093002319336e-01	1.183863356709480286e-02	4.018363729119300842e-02	6.892010569572448730e-02	3.407447412610054016e-02	4.881188273429870605e-02	5.583412200212478638e-02
8.498503684997558594e+00	1.000000000000000000e+00	4.348469898104667664e-03	2.173763886094093323e-02	6.648824550211429596e-03	3.733073174953460693e-02	2.347250133752822876e-01	2.436316572129726410e-03	1.352811325341463089e-02	5.149543285369873047e-02	9.586187079548835754e-03	4.066376760601997375e-02	1.000810414552688599e-03
8.544942855834960938e+00	1.000000000000000000e+00	4.823727998882532120e-03	2.267271652817726135e-02	3.295412287116050720e-03	3.234821185469627380e-02	2.331648766994476318e-01	2.601616317406296730e-03	6.418844684958457947e-03	5.069223046302795410e-02	8.054874837398529053e-03	4.189263284206390381e-02	4.241078859195113182e-04
8.591382980346679688e+00	1.000000000000000000e+00	6.597256753593683243e-03	1.911238208413124084e-02	3.770102281123399734e-03	3.394036740064620972e-02	2.347533106803894043e-01	3.141589229926466942e-03	4.855419043451547623e-03	4.828425869345664978e-02	8.379067294299602509e-03	4.395761713385581970e-02	3.444472386036068201e-04
8.637823104858398438e+00	1.000000000000000000e+00	1.074207201600074768e-02	2.048619836568832397e-02	4.739729687571525574e-03	4.893311113119125366e-02	2.342095673084259033e-01	4.452264867722988129e-03	8.805250748991966248e-03	4.914266616106033325e-02	1.263984479010105133e-02	4.639559984207153320e-02	4.119517980143427849e-04
8.684263229370117188e+00	1.000000000000000000e+00	1.254830323159694672e-02	2.086170949041843414e-02	4.995308350771665573e-03	4.641439393162727356e-02	2.333160638809204102e-01	5.065845325589179993e-03	2.225586399435997009e-02	4.925420135259628296e-02	1.171128265559673309e-02	4.619228094816207886e-02	4.889724659733474255e-04
8.730703353881835938e+00	1.000000000000000000e+00	1.087995991110801697e-02	2.012276463210582733e-02	5.656815599650144577e-03	3.483595699071884155e-02	2.330394983291625977e-01	4.299496300518512726e-03	4.121254011988639832e-02	4.883041977882385254e-02	9.151866659522056580e-03	4.483197629451751709e-02	5.229779053479433060e-04
8.777142524719238281e+00	1.000000000000000000e+00	1.487088506110012531e-03	1.999240368604660034e-02	5.428739823400974274e-03	3.576774522662162781e-02	2.326582074165344238e-01	1.798159093596041203e-03	6.286440789699554443e-02	4.850860685110092163e-02	9.278729557991027832e-03	3.966501355171203613e-02	1.198468089569360018e-04
8.823582649230957031e+00	1.000000000000000000e+00	3.211016301065683365e-03	2.069555222988128662e-02	5.009522195905447006e-03	2.547748573124408722e-02	2.320661246776580811e-01	1.966737676411867142e-03	7.488682121038436890e-02	4.885932803153991699e-02	7.261117454618215561e-03	3.577952831983566284e-02	2.375280600972473621e-04
8.870022773742675781e+00	1.000000000000000000e+00	9.056406095623970032e-03	1.877956837415695190e-02	5.640966817736625671e-03	1.257744152098894119e-02	2.320899069309234619e-01	2.945994259789586067e-03	1.015186607837677002e-01	4.751921445131301880e-02	4.740235861390829086e-03	3.320100158452987671e-02	4.515982000157237053e-04
8.916462898254394531e+00	1.000000000000000000e+00	1.485660020262002945e-02	1.859142631292343140e-02	5.460704211145639420e-03	9.868931025266647339e-03	2.319008111953735352e-01	3.995498176664113998e-03	1.066558435559272766e-01	4.734078422188758850e-02	4.434612113982439041e-03	3.140107169747352600e-02	5.993687082082033157e-04
8.962902069091796875e+00	1.000000000000000000e+00	7.669460028409957886e-04	1.792413182556629181e-02	4.450164269655942917e-03	6.297697313129901886e-03	2.328867614269256592e-01	4.429253167472779751e-04	8.086616545915603638e-02	4.720758646726608276e-02	2.772940788418054581e-03	3.127668052911758423e-02	8.827912097331136465e-05
9.009342193603515625e+00	1.000000000000000000e+00	5.176982842385768890e-03	1.820119470357894897e-02	4.736953414976596832e-03	5.469539668411016464e-03	2.326339483261108398e-01	1.611026935279369354e-03	8.550588786602020264e-02	4.736685752868652344e-02	2.637021942064166069e-03	3.260232880711555481e-02	2.414661285001784563e-04
9.055782318115234375e+00	1.000000000000000000e+00	1.408527605235576630e-03	1.767311803996562958e-02	5.907146725803613663e-03	1.170494407415390015e-02	2.325800061225891113e-01	9.280777303501963615e-04	9.530316293239593506e-02	4.698680341243743896e-02	4.264008719474077225e-03	3.368722647428512573e-02	1.523119717603549361e-04
9.102222442626953125e+00	1.000000000000000000e+00	1.116237882524728775e-02	1.811057329177856445e-02	6.722358521074056625e-03	1.782499812543392181e-02	2.322059571743011475e-01	3.498196834698319435e-03	1.126928105950355530e-01	4.676068201661109924e-02	6.250034086406230927e-03	3.578886389732360840e-02	4.370241658762097359e-04
9.148662567138671875e+00	1.000000000000000000e+00	1.294359378516674042e-02	1.799675449728965759e-02	8.603343740105628967e-03	1.742457970976829529e-02	2.313324064016342163e-01	4.081438295543193817e-03	1.377682983875274658e-01	4.670792818069458008e-02	6.583663634955883026e-03	3.883207589387893677e-02	5.049973260611295700e-04
9.195101737976074219e+00	1.000000000000000000e+00	1.181352231651544571e-02	1.843569800257682800e-02	8.175130933523178101e-03	2.132022194564342499e-02	2.311483621597290039e-01	3.683861345052719116e-03	1.390621811151504517e-01	4.708262532949447632e-02	7.759989704936742783e-03	3.549196571111679077e-02	5.322670331224799156e-04
9.241541862487792969e+00	1.000000000000000000e+00	9.857720136642456055e-02	2.322855964303016663e-02	4.917413741350173950e-02	8.372430503368377686e-02	2.433878034353256226e-01	2.558269537985324860e-02	1.479686349630355835e-01	1.137690991163253784e-01	3.205242753028869629e-02	4.430872574448585510e-02	9.361744672060012817e-02
9.287981986999511719e+00	1.000000000000000000e+00	2.920646220445632935e-02	9.792783856391906738e-02	2.154318382963538170e-03	3.383141756057739258e-02	2.398518919944763184e-01	4.227851703763008118e-02	3.676569089293479919e-02	1.409696340560913086e-01	1.089093163609504700e-01	3.179413825273513794e-02	1.248394325375556946e-01
9.334422111511230469e+00	1.000000000000000000e+00	5.415644496679306030e-03	4.901610314846038818e-02	1.372788939625024796e-02	6.352986674755811691e-04	2.347736805677413940e-01	3.398862434551119804e-03	6.005627661943435669e-02	4.809005558490753174e-02	2.679387480020523071e-02	6.564131379127502441e-02	1.665642135776579380e-03
9.380861282348632812e+00	1.000000000000000000e+00	2.049464965239167213e-03	2.146826311945915222e-02	4.161946941167116165e-03	6.698629818856716156e-03	2.347593605518341064e-01	6.655275356024503708e-04	1.781595498323440552e-02	4.857335612177848816e-02	9.412717074155807495e-03	3.946837037801742554e-02	2.199269132688641548e-03
9.427301406860351562e+00	1.000000000000000000e+00	9.162881178781390190e-04	2.461314946413040161e-02	4.375063581392168999e-04	1.022049691528081894e-03	2.346853315830230713e-01	5.084219854325056076e-03	3.699660999700427055e-03	5.096794292330741882e-02	4.710112232714891434e-03	3.306120634078979492e-02	1.975489547476172447e-03
9.473741531372070312e+00	1.000000000000000000e+00	1.004000529646873474e-01	3.382931947708129883e-01	9.389451704919338226e-03	1.533791422843933105e-02	2.439780831336975098e-01	3.075048327445983887e-02	7.421028614044189453e-02	7.603143155574798584e-02	9.887909516692161560e-03	7.479203492403030396e-02	7.451927289366722107e-03
9.520181655883789062e+00	1.000000000000000000e+00	8.740466088056564331e-02	9.570652842521667480e-01	3.530587852001190186e-01	1.928171142935752869e-02	2.465228736400604248e-01	5.987380817532539368e-02	2.377409636974334717e-01	1.340745240449905396e-01	1.565899997949600220e-01	7.351099699735641479e-02	3.566621616482734680e-02
9.566621780395507812e+00	9.506593942642211914e-01	4.911137372255325317e-02	1.000000000000000000e+00	8.754302561283111572e-02	2.340164780616760254e-02	2.367990165948867798e-01	1.025385037064552307e-02	2.313782274723052979e-01	7.224933058023452759e-02	7.440140843391418457e-02	7.448798418045043945e-02	2.927820757031440735e-02
9.613060951232910156e+00	1.000000000000000000e+00	2.088336274027824402e-03	9.404143095016479492e-01	4.179130122065544128e-02	6.282962113618850708e-02	2.292803972959518433e-01	6.620316999033093452e-04	2.183876484632492065e-01	6.429505348205566406e-02	1.519257947802543640e-02	7.696180045604705811e-02	1.827865280210971832e-02
9.659501075744628906e+00	1.000000000000000000e+00	3.803515108302235603e-03	8.841987252235412598e-01	2.356848306953907013e-02	4.341368749737739563e-02	2.297905236482620239e-01	4.253017902374267578e-02	2.044874280691146851e-01	5.106306448578834534e-02	3.355827182531356812e-02	1.661768853664398193e-01	1.367952208966016769e-02
9.705941200256347656e+00	1.000000000000000000e+00	3.806006610393524170e-01	1.914478391408920288e-01	1.964148879051208496e-02	5.795998498797416687e-02	2.550987601280212402e-01	1.954587250947952271e-01	4.940506815910339355e-02	5.860204696655273438e-01	4.181441962718963623e-01	4.572951793670654297e-02	1.112637147307395935e-01
9.752381324768066406e+00	1.000000000000000000e+00	5.642249062657356262e-02	1.242136135697364807e-01	1.202154159545898438e-01	1.224791351705789566e-02	2.307924628257751465e-01	2.272967249155044556e-02	2.645634114742279053e-01	6.693457812070846558e-02	2.981103211641311646e-02	1.418616324663162231e-01	1.323651801794767380e-02
9.798820495605468750e+00	1.000000000000000000e+00	1.078644171357154846e-01	5.293770506978034973e-02	1.198893263936042786e-01	7.326930761337280273e-02	2.314381003379821777e-01	3.598047047853469849e-02	2.755272686481475830e-01	5.339045822620391846e-02	1.069398522377014160e-01	4.162459075450897217e-01	2.823771676048636436e-03
9.845260620117187500e+00	1.000000000000000000e+00	7.081804797053337097e-03	4.972270876169204712e-02	4.576757177710533142e-02	4.412906710058450699e-03	2.338872551918029785e-01	3.739601746201515198e-02	9.489367716014385223e-03	5.369675531983375549e-02	4.151159897446632385e-02	2.001810222864151001e-01	6.079018115997314453e-03
9.891700744628906250e+00	1.000000000000000000e+00	7.484304904937744141e-02	2.455483078956604004e-01	5.648894980549812317e-02	2.175447344779968262e-01	2.282539308071136475e-01	3.521736711263656616e-02	3.136543929576873779e-01	3.403749465942382812e-01	1.441386342048645020e-01	2.097978144884109497e-01	3.168644150719046593e-03
9.938140869140625000e+00	3.418914079666137695e-01	6.070539355278015137e-02	1.354564130306243896e-01	2.824929058551788330e-01	1.521056145429611206e-01	5.126876831054687500e-01	4.548680782318115234e-02	7.812505960464477539e-01	5.519710481166839600e-02	4.737043380737304688e-01	1.000000000000000000e+00	4.957144558429718018e-01
9.984580039978027344e+00	1.816939115524291992e-01	3.480342924594879150e-01	7.455372065305709839e-02	2.393036484718322754e-01	5.209507793188095093e-02	3.715577721595764160e-02	9.583859443664550781e-01	6.083176657557487488e-02	6.288318336009979248e-02	1.111980825662612915e-01	1.000000000000000000e+00	2.306264042854309082e-01
1.003102016448974609e+01	2.068553119897842407e-01	2.039786875247955322e-01	4.673601686954498291e-02	2.979898750782012939e-01	1.259199976921081543e-01	1.882589161396026611e-01	6.804642826318740845e-02	6.765098124742507935e-02	8.812422156333923340e-01	6.992037594318389893e-02	1.000000000000000000e+00	3.117390275001525879e-01
1.007746028900146484e+01	1.000000000000000000e+00	1.804073303937911987e-01	2.683896012604236603e-02	2.539553046226501465e-01	3.696266561746597290e-02	2.795475423336029053e-01	9.005142748355865479e-02	6.671645641326904297e-01	2.173667103052139282e-01	6.700780242681503296e-02	9.389207959175109863e-01	1.103164851665496826e-01
1.012390041351318359e+01	5.400006473064422607e-02	3.162546753883361816e-01	2.716398239135742188e-01	1.765158623456954956e-01	1.617626398801803589e-01	8.171106129884719849e-02	1.000000000000000000e+00	7.974148541688919067e-02	7.656226158142089844e-01	9.795689582824707031e-01	4.077626168727874756e-01	6.895912885665893555e-01
1.017034053802490234e+01	1.419389098882675171e-01	3.298923373222351074e-02	2.613251209259033203e-01	3.177582919597625732e-01	6.147440895438194275e-02	7.568610459566116333e-02	6.573162078857421875e-01	3.040057234466075897e-02	1.843621730804443359e-01	1.000000000000000000e+00	3.736880123615264893e-01	1.783117204904556274e-01
1.021677970886230469e+01	2.011519968509674072e-01	3.326961770653724670e-02	2.510869204998016357e-01	5.892710760235786438e-02	8.130608201026916504e-01	1.054267808794975281e-01	6.280152797698974609e-01	2.318129129707813263e-02	1.142716035246849060e-01	1.000000000000000000e+00	2.734052240848541260e-01	1.895150840282440186e-01
1.026321983337402344e+01	4.749923646450042725e-01	1.665152460336685181e-01	2.869357466697692871e-01	8.997733145952224731e-02	1.783932093530893326e-03	1.808019876480102539e-01	4.094140231609344482e-02	8.035278916358947754e-01	5.321398749947547913e-02	1.000000000000000000e+00	5.282711237668991089e-02	4.805209860205650330e-02
1.030965995788574219e+01	6.081126928329467773e-01	2.181339077651500702e-02	4.921938478946685791e-01	1.297644376754760742e-01	1.633454859256744385e-01	1.668739318847656250e-01	3.904958441853523254e-02	1.000000000000000000e+00	7.336898893117904663e-02	9.909548163414001465e-01	3.520798683166503906e-01	3.191623687744140625e-01
1.035610008239746094e+01	2.116660028696060181e-01	8.279983699321746826e-02	2.718780636787414551e-01	2.744326889514923096e-01	2.651827335357666016e-01	6.031455099582672119e-02	1.596653461456298828e-01	8.281016349792480469e-01	1.753756552934646606e-01	6.390134692192077637e-01	1.000000000000000000e+00	8.596853613853454590e-01
1.040253925323486328e+01	2.794186770915985107e-01	4.468422532081604004e-01	1.158685237169265747e-01	2.292125225067138672e-01	4.286267980933189392e-02	5.832667648792266846e-02	1.000000000000000000e+00	2.614545822143554688e-01	7.529300451278686523e-02	2.282756567001342773e-01	9.775462746620178223e-01	2.571381032466888428e-01
1.044897937774658203e+01	2.122140526771545410e-01	7.665011286735534668e-02	1.000589877367019653e-01	2.189790904521942139e-01	4.026200249791145325e-02	2.856726348400115967e-01	7.757442444562911987e-02	5.912655219435691833e-02	3.281094729900360107e-01	1.592686325311660767e-01	1.000000000000000000e+00	5.278741195797920227e-02
1.049541950225830078e+01	3.689267933368682861e-01	1.837908029556274414e-01	1.216634362936019897e-01	3.194615542888641357e-01	5.723759159445762634e-02	6.762953102588653564e-02	2.997933030128479004e-01	9.811202883720397949e-01	1.853091716766357422e-01	1.442027688026428223e-01	1.000000000000000000e+00	2.100369036197662354e-01
1.054185962677001953e+01	1.000000000000000000e+00	3.780195415019989014e-01	5.539404153823852539e-01	6.756623089313507080e-02	1.889750808477401733e-01	2.495152205228805542e-01	1.885671764612197876e-01	1.544050425291061401e-01	5.587880611419677734e-01	6.220334172248840332e-01	2.702026367187500000e-01	6.509295105934143066e-01
1.058829975128173828e+01	1.000000000000000000e+00	1.458454430103302002e-01	6.860393285751342773e-02	4.274876713752746582e-01	4.483962431550025940e-03	3.031165301799774170e-01	6.741268187761306763e-02	4.566248953342437744e-01	1.058477461338043213e-01	2.453664541244506836e-01	5.538834333419799805e-01	5.166286975145339966e-02
1.063473892211914062e+01	1.000000000000000000e+00	3.618755936622619629e-01	5.800403654575347900e-02	1.927748620510101318e-01	1.918192766606807709e-02	3.831810355186462402e-01	4.269157350063323975e-01	1.097134500741958618e-02	1.410292685031890869e-01	7.756266742944717407e-02	7.376204133033752441e-01	8.161051571369171143e-02
1.068117904663085938e+01	1.000000000000000000e+00	4.305836856365203857e-01	7.005604356527328491e-02	7.206164300441741943e-02	1.699664257466793060e-02	2.206335961818695068e-01	1.649749428033828735e-01	4.725832119584083557e-02	9.851431846618652344e-02	2.513887286186218262e-01	3.934153318405151367e-01	6.296155601739883423e-02
1.072761917114257812e+01	1.000000000000000000e+00	2.131957560777664185e-01	1.072135940194129944e-01	2.277718484401702881e-01	5.163359269499778748e-02	2.513552606105804443e-01	2.295386940240859985e-01	2.886430732905864716e-02	8.043839037418365479e-02	1.583546400070190430e-01	6.925941109657287598e-01	1.170424297451972961e-01
1.077405929565429688e+01	1.000000000000000000e+00	9.230091571807861328e-01	1.245350539684295654e-01	2.135361284017562866e-01	3.428219556808471680e-01	2.350638955831527710e-01	3.169635832309722900e-01	1.255854070186614990e-01	2.116571217775344849e-01	5.179739594459533691e-01	9.147799611091613770e-01	4.100396037101745605e-01
1.082049846649169922e+01	9.883055686950683594e-01	1.734046638011932373e-02	7.088716328144073486e-02	2.274073660373687744e-01	4.461039789021015167e-03	3.607764542102813721e-01	7.964983582496643066e-02	2.031110040843486786e-02	1.021448448300361633e-01	9.764837473630905151e-02	1.000000000000000000e+00	7.059462834149599075e-03
1.086693859100341797e+01	1.000000000000000000e+00	9.651899337768554688e-01	2.326677553355693817e-02	1.073823347687721252e-01	1.217042934149503708e-02	2.293337434530258179e-01	2.564501464366912842e-01	1.404051631689071655e-01	1.525156646966934204e-01	6.267806142568588257e-02	3.590331077575683594e-01	6.245178729295730591e-02
1.091337871551513672e+01	1.000000000000000000e+00	6.400781273841857910e-01	1.393170356750488281e-01	4.767257720232009888e-02	4.632118344306945801e-02	3.161900937557220459e-01	3.145330250263214111e-01	1.185310930013656616e-01	2.235195487737655640e-01	6.261258572340011597e-02	9.839014708995819092e-02	1.814435124397277832e-01
1.095981884002685547e+01	1.000000000000000000e+00	1.367446733638644218e-03	1.276610791683197021e-02	5.756112933158874512e-02	0.000000000000000000e+00	2.498719394207000732e-01	0.000000000000000000e+00	5.180645966902375221e-04	4.930675774812698364e-02	3.562318906188011169e-02	3.138713166117668152e-02	9.601750411093235016e-03
