0.000000000000000000e+00	8.132770061492919922e-01	1.798531264066696167e-01	9.251345396041870117e-01	4.253970086574554443e-01	2.232964932918548584e-01	2.584840357303619385e-01	5.895626544952392578e-01	4.397272169589996338e-01	1.335579454898834229e-01	1.000000000000000000e+00	8.536821603775024414e-01	6.841088533401489258e-01
4.643990844488143921e-02	9.893325567245483398e-01	4.471628367900848389e-02	2.155289798974990845e-01	2.615052461624145508e-01	1.560715734958648682e-01	3.142625987529754639e-01	6.046786159276962280e-02	9.506916403770446777e-01	8.928547799587249756e-02	7.772514224052429199e-01	1.000000000000000000e+00	1.397981494665145874e-01
9.287981688976287842e-02	5.746222287416458130e-02	5.157442092895507812e-01	4.247364029288291931e-02	2.408515363931655884e-01	3.359290212392807007e-02	1.008313614875078201e-02	3.079557418823242188e-01	8.021969348192214966e-02	2.309046983718872070e-01	1.144627630710601807e-01	1.000000000000000000e+00	4.836108908057212830e-02
1.393197327852249146e-01	9.508712589740753174e-02	8.328414708375930786e-02	3.894996047019958496e-01	2.353030443191528320e-01	3.399191051721572876e-02	3.274230957031250000e-01	4.996342584490776062e-02	2.266909033060073853e-01	1.963672935962677002e-01	8.684288263320922852e-01	1.000000000000000000e+00	8.102947473526000977e-02
1.857596337795257568e-01	6.539941430091857910e-01	3.547792881727218628e-02	9.298074245452880859e-02	2.197073698043823242e-01	8.501747250556945801e-02	1.332886070013046265e-01	2.580720186233520508e-01	8.724866509437561035e-01	5.807858332991600037e-02	9.689699858427047729e-03	1.000000000000000000e+00	1.514629274606704712e-01
2.321995496749877930e-01	8.958091586828231812e-02	3.110797144472599030e-02	1.915008723735809326e-01	2.175171375274658203e-01	6.405735015869140625e-02	6.657314896583557129e-01	4.904277622699737549e-02	2.184774130582809448e-01	3.943368047475814819e-02	3.675302863121032715e-01	1.000000000000000000e+00	1.267772018909454346e-01
2.786394655704498291e-01	4.908191561698913574e-01	2.664943635463714600e-01	1.313183754682540894e-01	2.912728190422058105e-01	5.406872630119323730e-01	1.050899475812911987e-01	1.033491343259811401e-01	6.702241301536560059e-01	9.956022500991821289e-01	5.326191782951354980e-01	1.000000000000000000e+00	4.683396965265274048e-02
3.250793516635894775e-01	2.437431216239929199e-01	5.418941974639892578e-01	5.749234184622764587e-02	2.911248505115509033e-01	1.091611478477716446e-02	3.806206583976745605e-02	5.295226573944091797e-01	7.382995486259460449e-01	3.436426445841789246e-02	2.126757949590682983e-01	1.000000000000000000e+00	9.931360930204391479e-02
3.715192675590515137e-01	6.624929606914520264e-02	9.799015708267688751e-03	8.570610731840133667e-02	2.376419156789779663e-01	4.636923782527446747e-03	1.353399753570556641e-01	5.721234902739524841e-02	1.497582346200942993e-02	5.600853264331817627e-02	2.379789352416992188e-01	1.000000000000000000e+00	1.744287274777889252e-02
4.179591834545135498e-01	3.120294772088527679e-02	5.188262462615966797e-02	1.647242307662963867e-01	2.350009530782699585e-01	4.859089851379394531e-02	9.529285877943038940e-02	5.601058527827262878e-02	4.340989515185356140e-02	4.507047683000564575e-02	6.756187677383422852e-01	1.000000000000000000e+00	1.477945894002914429e-01
4.643990993499755859e-01	5.939517170190811157e-02	3.554088249802589417e-02	4.876146093010902405e-02	2.495804429054260254e-01	2.809451147913932800e-02	6.884004920721054077e-03	2.772835195064544678e-01	1.743735074996948242e-01	3.462969139218330383e-02	9.002284146845340729e-03	1.000000000000000000e+00	1.500948816537857056e-01
5.108389854431152344e-01	1.181324496865272522e-01	1.728432253003120422e-02	5.680094659328460693e-02	2.532497048377990723e-01	3.119184076786041260e-01	6.572805345058441162e-02	5.687157437205314636e-02	4.044150710105895996e-01	2.968826144933700562e-02	2.165740281343460083e-01	1.000000000000000000e+00	9.878759384155273438e-01
5.572789311408996582e-01	5.914878472685813904e-02	7.597477175295352936e-03	6.514403969049453735e-02	2.567450702190399170e-01	2.530515789985656738e-01	1.323155313730239868e-02	4.093879163265228271e-01	3.749614208936691284e-02	4.051171615719795227e-02	1.464693546295166016e-01	1.000000000000000000e+00	9.573518633842468262e-01
6.037188172340393066e-01	1.285867989063262939e-01	2.286707311868667603e-01	2.395757474005222321e-02	3.024691939353942871e-01	7.559290528297424316e-02	2.643049508333206177e-02	7.948034256696701050e-02	4.724882245063781738e-01	1.000000000000000000e+00	1.111574769020080566e-01	9.963719844818115234e-01	1.028480082750320435e-01
6.501587033271789551e-01	1.954764425754547119e-01	1.502260416746139526e-01	9.526782482862472534e-02	2.681083679199218750e-01	2.162258774042129517e-01	1.577480435371398926e-01	7.209125161170959473e-02	7.900975942611694336e-01	4.396495595574378967e-02	4.056903123855590820e-01	1.000000000000000000e+00	9.696344733238220215e-01
6.965986490249633789e-01	8.357250690460205078e-02	1.520498842000961304e-01	2.889257669448852539e-01	2.374814003705978394e-01	1.342172641307115555e-02	4.086915403604507446e-02	6.988847255706787109e-02	2.874777317047119141e-01	2.277812957763671875e-01	4.174762964248657227e-01	1.000000000000000000e+00	2.740764431655406952e-02
7.430385351181030273e-01	1.025145500898361206e-01	9.555533528327941895e-01	2.304636090993881226e-01	2.286714464426040649e-01	8.402584493160247803e-02	6.872762739658355713e-02	3.632139861583709717e-01	3.494555652141571045e-01	6.291829943656921387e-01	3.517170250415802002e-01	1.000000000000000000e+00	2.412420809268951416e-01
7.894784808158874512e-01	1.042189821600914001e-01	1.968964189291000366e-02	2.954925596714019775e-01	2.392388880252838135e-01	3.264822298660874367e-03	1.217398717999458313e-01	6.386710703372955322e-02	2.699676454067230225e-01	5.638426169753074646e-02	9.880968332290649414e-01	1.000000000000000000e+00	5.825297534465789795e-02
8.359183669090270996e-01	7.180706262588500977e-01	1.645583957433700562e-01	2.909127175807952881e-01	2.472285479307174683e-01	2.949986755847930908e-01	1.917289644479751587e-01	4.200654625892639160e-01	4.800987839698791504e-01	1.442231684923171997e-01	1.000000000000000000e+00	7.551297545433044434e-01	6.792401075363159180e-01
8.823582530021667480e-01	1.000000000000000000e+00	4.527548551559448242e-01	6.852098107337951660e-01	5.793360620737075806e-02	2.110251635313034058e-01	2.557522356510162354e-01	1.846986711025238037e-01	5.700303316116333008e-01	4.564235359430313110e-02	8.429465889930725098e-01	6.610701978206634521e-02	7.667248249053955078e-01
9.287981986999511719e-01	1.000000000000000000e+00	2.961922585964202881e-01	2.884939126670360565e-02	5.228519439697265625e-01	5.755880102515220642e-02	2.755271792411804199e-01	1.397867351770401001e-01	5.062670446932315826e-03	5.550287961959838867e-01	3.432600945234298706e-02	6.633957624435424805e-01	3.952815011143684387e-02
9.752380847930908203e-01	1.000000000000000000e+00	2.748983204364776611e-01	1.222559958696365356e-01	2.564009130001068115e-01	9.632205590605735779e-03	3.430433571338653564e-01	8.939272165298461914e-02	1.984156295657157898e-02	1.669994741678237915e-01	3.295786082744598389e-01	5.426529645919799805e-01	2.294081076979637146e-02
1.021677970886230469e+00	1.000000000000000000e+00	8.741235733032226562e-02	4.787624627351760864e-02	3.308575600385665894e-02	6.923825480043888092e-03	2.327024638652801514e-01	5.058817937970161438e-02	3.037524782121181488e-02	5.281860008835792542e-02	1.183557733893394470e-01	4.705305024981498718e-02	3.407898545265197754e-02
1.068117856979370117e+00	1.000000000000000000e+00	2.459656149148941040e-01	6.700563430786132812e-01	1.364175379276275635e-01	6.218169629573822021e-02	2.211698442697525024e-01	1.215659454464912415e-01	1.693392843008041382e-01	6.262513995170593262e-02	2.456850707530975342e-01	6.473634243011474609e-01	6.307599693536758423e-02
1.114557862281799316e+00	1.000000000000000000e+00	2.137456834316253662e-01	9.233674407005310059e-02	2.872504591941833496e-01	2.518455684185028076e-02	2.291522175073623657e-01	1.196094080805778503e-01	5.243872404098510742e-01	9.758883714675903320e-02	3.581155836582183838e-01	9.263213872909545898e-01	1.092228144407272339e-01
1.160997748374938965e+00	1.000000000000000000e+00	1.154999528080224991e-02	1.760068088769912720e-01	2.953323535621166229e-02	1.994816586375236511e-02	2.680207788944244385e-01	2.234457060694694519e-02	2.804940752685070038e-02	7.680118829011917114e-02	5.152524113655090332e-01	5.097283050417900085e-02	1.244523003697395325e-02
1.207437634468078613e+00	1.000000000000000000e+00	9.755787253379821777e-01	3.089643269777297974e-02	5.104884505271911621e-02	5.627911072224378586e-03	2.352252304553985596e-01	2.281633615493774414e-01	8.243183791637420654e-02	5.666735395789146423e-02	6.191740930080413818e-02	1.117949709296226501e-01	3.778206557035446167e-02
1.253877520561218262e+00	8.275527358055114746e-01	1.634174436330795288e-01	1.438354104757308960e-01	3.809294849634170532e-02	2.491153627634048462e-01	2.262494415044784546e-01	2.335913479328155518e-01	5.898526683449745178e-02	7.739350199699401855e-02	4.807040691375732422e-01	3.025443479418754578e-02	1.000000000000000000e+00
1.300317406654357910e+00	1.000000000000000000e+00	5.807479619979858398e-01	6.429473757743835449e-01	6.970984488725662231e-02	1.839650869369506836e-01	2.550968825817108154e-01	2.073179185390472412e-01	5.970714688301086426e-01	4.474344477057456970e-02	8.317438364028930664e-01	6.184767931699752808e-02	5.897370576858520508e-01
1.346757411956787109e+00	1.000000000000000000e+00	2.332917004823684692e-01	2.187472209334373474e-02	3.981647491455078125e-01	4.584294557571411133e-02	2.667189538478851318e-01	1.031748503446578979e-01	3.069549100473523140e-03	5.528644323348999023e-01	1.312703546136617661e-02	6.155693531036376953e-01	2.522800117731094360e-02
1.393197298049926758e+00	1.000000000000000000e+00	2.516584396362304688e-01	1.233884319663047791e-01	4.336081743240356445e-01	1.736170798540115356e-02	3.318964242935180664e-01	7.423510402441024780e-02	2.235670946538448334e-02	2.374396622180938721e-01	3.407028615474700928e-01	4.336649477481842041e-01	5.684930458664894104e-02
1.439637184143066406e+00	1.000000000000000000e+00	6.441509723663330078e-02	7.837125658988952637e-02	2.347219921648502350e-02	1.055743265897035599e-02	2.331402301788330078e-01	6.697298586368560791e-02	1.448649354279041290e-02	6.102784350514411926e-02	6.679669022560119629e-02	5.862900242209434509e-02	3.645457327365875244e-02
1.486077070236206055e+00	1.000000000000000000e+00	2.461880594491958618e-01	4.824346899986267090e-01	1.143716741353273392e-02	1.712485030293464661e-02	2.385045439004898071e-01	8.633526414632797241e-02	2.031612992286682129e-01	4.332619532942771912e-02	6.474907994270324707e-01	3.606703132390975952e-02	8.296500891447067261e-02
1.532516956329345703e+00	1.000000000000000000e+00	9.520361572504043579e-02	1.079981997609138489e-01	5.217097699642181396e-02	1.334176491945981979e-02	2.599356770515441895e-01	4.522401466965675354e-02	3.781060874462127686e-01	6.635221093893051147e-02	3.783047497272491455e-01	3.477888554334640503e-02	5.474863201379776001e-02
1.578956961631774902e+00	1.000000000000000000e+00	3.979660570621490479e-02	1.233970969915390015e-01	2.515721879899501801e-02	6.496415007859468460e-03	2.526371181011199951e-01	2.906385622918605804e-02	2.090602181851863861e-02	6.634977459907531738e-02	3.281605541706085205e-01	3.764038905501365662e-02	1.654555462300777435e-02
1.625396847724914551e+00	1.000000000000000000e+00	9.662663936614990234e-01	3.151489049196243286e-02	8.136514574289321899e-02	8.825709111988544464e-03	2.307678312063217163e-01	2.189546078443527222e-01	1.232235878705978394e-01	5.231712758541107178e-02	1.062474176287651062e-01	1.503773927688598633e-01	2.534379437565803528e-02
1.671836733818054199e+00	1.000000000000000000e+00	6.871037483215332031e-01	2.440691739320755005e-01	1.854508370161056519e-01	9.816803038120269775e-02	2.991566061973571777e-01	1.741925328969955444e-01	1.723785698413848877e-01	6.712868809700012207e-02	9.528242945671081543e-01	5.864334702491760254e-01	4.017663002014160156e-01
1.718276619911193848e+00	1.000000000000000000e+00	9.692632555961608887e-01	1.200732439756393433e-01	6.415329128503799438e-02	1.658987551927566528e-01	2.297328859567642212e-01	2.291168123483657837e-01	1.078197360038757324e-01	6.368470937013626099e-02	3.235322535037994385e-01	3.285001963376998901e-02	6.629635095596313477e-01
1.764716506004333496e+00	1.000000000000000000e+00	7.900734990835189819e-02	2.399216741323471069e-01	8.055670559406280518e-02	8.776205778121948242e-02	2.614177763462066650e-01	3.556787967681884766e-02	6.156701594591140747e-02	1.987781375646591187e-01	8.966107964515686035e-01	3.268181085586547852e-01	2.050689905881881714e-01
1.811156511306762695e+00	1.000000000000000000e+00	8.159457892179489136e-02	2.553299367427825928e-01	4.675841331481933594e-02	1.521245241165161133e-01	2.576823830604553223e-01	6.619307398796081543e-02	4.839236661791801453e-02	6.031314283609390259e-02	7.138525843620300293e-01	3.143708780407905579e-02	5.776759386062622070e-01
1.857596397399902344e+00	1.000000000000000000e+00	1.228521242737770081e-01	9.477473795413970947e-02	8.571520447731018066e-03	1.351633518934249878e-01	2.493353188037872314e-01	4.263648018240928650e-02	2.354234270751476288e-02	2.369835823774337769e-01	2.196282595396041870e-01	3.727396950125694275e-02	1.606055162847042084e-02
1.904036283493041992e+00	1.000000000000000000e+00	4.188324511051177979e-02	2.195806801319122314e-01	3.448819369077682495e-02	1.942818015813827515e-01	2.329396605491638184e-01	8.040748536586761475e-02	2.432666122913360596e-01	5.047381296753883362e-02	6.321685761213302612e-02	1.457440853118896484e-01	7.530071139335632324e-01
1.950476169586181641e+00	1.000000000000000000e+00	3.005556575953960419e-02	1.694518178701400757e-01	1.211839262396097183e-03	2.620745450258255005e-03	2.771452069282531738e-01	7.222257088869810104e-03	4.334172233939170837e-02	5.074841529130935669e-02	3.258231580257415771e-01	3.943679109215736389e-02	1.637839525938034058e-02
1.996916055679321289e+00	1.000000000000000000e+00	2.188503742218017578e-01	7.797995954751968384e-02	1.998005956411361694e-01	1.120541319251060486e-01	2.305201590061187744e-01	1.139287501573562622e-01	2.351124025881290436e-02	1.024691909551620483e-01	1.518543511629104614e-01	8.012754917144775391e-01	2.416190356016159058e-01
2.043355941772460938e+00	1.000000000000000000e+00	1.237521469593048096e-01	2.167017608880996704e-01	6.217578798532485962e-02	3.131060600280761719e-01	2.425298690795898438e-01	1.282728463411331177e-01	8.697285503149032593e-02	7.214562594890594482e-02	8.172053694725036621e-01	3.385437428951263428e-01	6.259090900421142578e-01
2.089795827865600586e+00	1.000000000000000000e+00	2.223763614892959595e-03	6.796494871377944946e-02	1.629642397165298462e-01	1.808888167142868042e-01	2.693604826927185059e-01	1.089064255356788635e-01	1.115100551396608353e-02	6.841586530208587646e-02	1.918969005346298218e-01	7.438909411430358887e-01	2.439434677362442017e-01
2.136235713958740234e+00	1.000000000000000000e+00	3.032052703201770782e-02	1.642016172409057617e-01	1.776715070009231567e-01	7.571450620889663696e-02	2.454354763031005859e-01	2.008692026138305664e-01	3.275008499622344971e-02	1.143514961004257202e-01	3.129784166812896729e-01	5.992311835289001465e-01	2.980806231498718262e-01
2.182675838470458984e+00	1.000000000000000000e+00	1.329464465379714966e-01	4.162787795066833496e-01	8.034095168113708496e-02	1.537603884935379028e-02	2.593929469585418701e-01	1.810527294874191284e-01	9.170633554458618164e-02	3.301798999309539795e-01	8.926816582679748535e-01	4.473752677440643311e-01	4.887546598911285400e-02
2.229115724563598633e+00	1.000000000000000000e+00	1.016461998224258423e-01	1.122148111462593079e-01	9.697443246841430664e-01	2.358881756663322449e-02	3.175805807113647461e-01	3.733916953206062317e-02	2.126629948616027832e-01	3.687514364719390869e-01	2.763076722621917725e-01	7.488694190979003906e-01	1.127556264400482178e-01
2.275555610656738281e+00	1.000000000000000000e+00	1.104973480105400085e-01	1.773928850889205933e-02	9.275909066200256348e-01	2.317199409008026123e-01	2.808690369129180908e-01	3.016413375735282898e-02	2.179310917854309082e-01	3.879955112934112549e-01	4.832841083407402039e-02	2.616796493530273438e-01	9.736051559448242188e-01
2.321995496749877930e+00	1.000000000000000000e+00	2.318908572196960449e-01	1.148687303066253662e-01	8.490357547998428345e-03	3.486162126064300537e-01	2.393523752689361572e-01	4.513227939605712891e-02	6.374770402908325195e-02	6.943793892860412598e-01	3.134087324142456055e-01	4.652481898665428162e-02	7.845599055290222168e-01
2.368435382843017578e+00	1.000000000000000000e+00	1.774218119680881500e-02	3.644268214702606201e-01	2.173323035240173340e-01	5.761625245213508606e-02	2.405453324317932129e-01	5.462107434868812561e-02	2.301868647336959839e-01	1.461482793092727661e-01	5.502532720565795898e-01	9.119853973388671875e-01	2.043633311986923218e-01
2.414875268936157227e+00	1.000000000000000000e+00	5.480077862739562988e-02	1.215408742427825928e-01	1.986134499311447144e-01	1.411378383636474609e-02	2.419270277023315430e-01	3.689545020461082458e-02	3.857475519180297852e-01	2.925297021865844727e-01	4.445376396179199219e-01	6.935055255889892578e-01	7.746999617666006088e-04
2.461315155029296875e+00	1.000000000000000000e+00	1.043801307678222656e-01	5.319450497627258301e-01	1.581977158784866333e-01	2.639324218034744263e-02	2.465988397598266602e-01	4.697247967123985291e-02	1.279421001672744751e-01	5.287382006645202637e-01	1.868022084236145020e-01	7.137991189956665039e-01	1.216872595250606537e-02
2.507755041122436523e+00	1.000000000000000000e+00	3.521539568901062012e-01	2.522563636302947998e-01	4.611780866980552673e-02	7.502445578575134277e-02	2.783021330833435059e-01	5.150324851274490356e-02	2.963721007108688354e-02	5.270530581474304199e-01	9.922790527343750000e-01	4.408985748887062073e-02	2.276050448417663574e-01
2.554194927215576172e+00	1.000000000000000000e+00	1.709864586591720581e-01	2.387566417455673218e-01	3.467311859130859375e-01	3.195792305632494390e-05	2.644183635711669922e-01	7.220411300659179688e-02	2.241245210170745850e-01	9.697426110506057739e-02	9.155270457267761230e-01	6.212806701660156250e-01	2.373945713043212891e-02
2.600634813308715820e+00	1.000000000000000000e+00	1.153328106738626957e-03	6.603728532791137695e-01	4.899114370346069336e-02	1.947030774317681789e-03	2.670068144798278809e-01	1.426423806697130203e-02	1.340811252593994141e-01	5.142175778746604919e-02	9.787521362304687500e-01	2.614187300205230713e-01	6.034304387867450714e-03
2.647074937820434570e+00	1.000000000000000000e+00	4.754636064171791077e-02	9.872102737426757812e-01	6.733413902111351490e-04	9.126009047031402588e-02	2.295552641153335571e-01	5.583235062658786774e-03	2.301277816295623779e-01	2.637135982513427734e-01	8.331350982189178467e-03	9.141470491886138916e-02	2.079391628503799438e-01
2.693514823913574219e+00	1.000000000000000000e+00	8.983822911977767944e-02	1.704115048050880432e-02	9.738714098930358887e-01	1.983669959008693695e-02	2.629841268062591553e-01	3.014080785214900970e-02	4.106036387383937836e-03	5.349904298782348633e-01	3.681059752125293016e-04	1.228377148509025574e-01	6.101546436548233032e-02
2.739954710006713867e+00	1.000000000000000000e+00	1.267002820968627930e-01	2.598900198936462402e-01	2.830527664627879858e-04	4.043043032288551331e-02	2.620127201080322266e-01	4.431035742163658142e-02	3.715458139777183533e-02	6.079055666923522949e-01	9.620755910873413086e-01	8.391126990318298340e-02	4.128191620111465454e-03
2.786394596099853516e+00	9.552755355834960938e-01	2.137529551982879639e-01	1.596164330840110779e-02	4.109796718694269657e-04	6.842111051082611084e-02	2.257010489702224731e-01	2.562690526247024536e-02	3.878527553752064705e-03	1.000000000000000000e+00	3.885592450387775898e-04	7.644818723201751709e-02	2.321019768714904785e-03
2.832834482192993164e+00	9.550728201866149902e-01	2.028242796659469604e-01	1.627239212393760681e-02	4.539162218570709229e-01	6.382974982261657715e-02	2.648075222969055176e-01	5.201331153512001038e-02	3.856533905491232872e-03	1.000000000000000000e+00	4.728457133751362562e-04	9.081560373306274414e-01	4.130592569708824158e-02
2.879274368286132812e+00	1.000000000000000000e+00	9.047808498144149780e-02	1.554053835570812225e-02	1.994440681301057339e-04	2.899512648582458496e-02	2.364373803138732910e-01	1.088307984173297882e-02	1.654515508562326431e-03	4.487760066986083984e-01	1.791803078958764672e-04	5.027399957180023193e-02	1.616823370568454266e-03
2.925714254379272461e+00	9.731820821762084961e-01	2.220727652311325073e-01	6.937564611434936523e-01	2.984931343235075474e-04	8.544681966304779053e-02	2.255423367023468018e-01	2.772857435047626495e-02	1.536411494016647339e-01	1.000000000000000000e+00	2.731527201831340790e-04	1.035425961017608643e-01	2.046624897047877312e-03
2.972154140472412109e+00	9.552150964736938477e-01	2.131035327911376953e-01	1.601972058415412903e-02	3.002058074343949556e-04	6.835675984621047974e-02	2.256928682327270508e-01	2.547866664826869965e-02	3.061029827222228050e-03	1.000000000000000000e+00	3.524233761709183455e-04	7.627161592245101929e-02	2.126557519659399986e-03
3.018594026565551758e+00	9.669212102890014648e-01	2.128984034061431885e-01	2.478635609149932861e-01	3.309859603177756071e-04	6.835733354091644287e-02	2.662362456321716309e-01	2.544631250202655792e-02	7.799949496984481812e-02	1.000000000000000000e+00	2.787279663607478142e-04	7.631048560142517090e-02	2.431141957640647888e-02
3.065033912658691406e+00	9.550464153289794922e-01	2.129434645175933838e-01	1.620846614241600037e-02	2.819635265041142702e-04	6.824754178524017334e-02	2.254428863525390625e-01	2.544689737260341644e-02	2.878571627661585808e-03	1.000000000000000000e+00	2.357065241085365415e-04	7.618279755115509033e-02	1.719981082715094090e-03
3.111474037170410156e+00	9.550579190254211426e-01	2.132158726453781128e-01	1.617801934480667114e-02	2.842697431333363056e-04	6.826215237379074097e-02	2.254290431737899780e-01	2.550066448748111725e-02	2.944790059700608253e-03	1.000000000000000000e+00	2.558176929596811533e-04	7.612325996160507202e-02	1.797907636500895023e-03
3.157913923263549805e+00	9.591121673583984375e-01	2.131116092205047607e-01	2.248441614210605621e-02	3.163767978549003601e-04	6.816973537206649780e-02	2.582609653472900391e-01	2.548089809715747833e-02	1.946332678198814392e-02	1.000000000000000000e+00	2.356883051106706262e-04	7.629361748695373535e-02	2.521188557147979736e-02
3.204353809356689453e+00	9.550282359123229980e-01	2.035451829433441162e-01	1.623703166842460632e-02	3.220843500457704067e-04	8.357276022434234619e-02	2.254279702901840210e-01	2.306912839412689209e-02	2.893097931519150734e-03	1.000000000000000000e+00	2.443763951305299997e-04	9.722629934549331665e-02	1.581313903443515301e-03
3.250793695449829102e+00	9.548157453536987305e-01	2.134969979524612427e-01	1.652549393475055695e-02	3.298180236015468836e-04	6.818782538175582886e-02	2.253044843673706055e-01	2.557308785617351532e-02	2.841654932126402855e-03	1.000000000000000000e+00	2.925120934378355742e-04	7.623022049665451050e-02	1.561854616738855839e-03
3.297233581542968750e+00	1.000000000000000000e+00	3.678329754620790482e-03	1.767629384994506836e-02	3.495855780784040689e-04	3.084614290855824947e-04	2.358164936304092407e-01	8.228819933719933033e-04	2.481131348758935928e-03	4.753942415118217468e-02	3.007228369824588299e-04	3.033691272139549255e-02	1.294078421778976917e-03
3.343673467636108398e+00	9.425011277198791504e-01	5.620477795600891113e-01	8.589279651641845703e-01	2.904856577515602112e-02	3.310875892639160156e-01	6.911779046058654785e-01	1.540351808071136475e-01	2.681258916854858398e-01	5.065425634384155273e-01	5.204883962869644165e-02	2.186084687709808350e-01	1.000000000000000000e+00
3.390113353729248047e+00	1.438944488763809204e-01	2.850865721702575684e-01	1.000000000000000000e+00	9.095615744590759277e-01	1.695555746555328369e-01	7.003524154424667358e-02	1.570299863815307617e-01	3.043086528778076172e-01	2.512209713459014893e-01	4.126218557357788086e-01	4.814323037862777710e-02	6.928886771202087402e-01
3.436553239822387695e+00	3.057028055191040039e-01	2.203018367290496826e-01	1.000000000000000000e+00	4.801358580589294434e-01	4.613791033625602722e-02	1.229215189814567566e-01	4.327970370650291443e-02	2.248258292675018311e-01	1.349845379590988159e-01	5.889162421226501465e-01	4.102820903062820435e-02	1.908582001924514771e-01
3.482993125915527344e+00	8.111870884895324707e-01	3.571828007698059082e-01	1.000000000000000000e+00	1.865105032920837402e-01	2.099926173686981201e-01	1.853688359260559082e-01	8.685670793056488037e-02	2.302123159170150757e-01	1.158182173967361450e-01	8.670283854007720947e-02	2.181117534637451172e-01	1.305973827838897705e-01
3.529433012008666992e+00	9.490369260311126709e-02	8.071010708808898926e-01	1.000000000000000000e+00	2.137088775634765625e-01	6.533824801445007324e-01	1.697899861028417945e-04	4.882870912551879883e-01	2.304750233888626099e-01	3.524626418948173523e-02	1.946559548377990723e-01	8.426073789596557617e-01	9.938269853591918945e-02
3.575872898101806641e+00	6.648088097572326660e-01	1.559969633817672729e-01	1.000000000000000000e+00	4.483238160610198975e-01	6.335670500993728638e-02	2.040533870458602905e-01	8.972210437059402466e-02	2.334791123867034912e-01	5.683103799819946289e-01	5.849790293723344803e-03	9.569757431745529175e-02	8.191012591123580933e-02
3.622313022613525391e+00	9.921436905860900879e-01	2.264722883701324463e-01	1.000000000000000000e+00	2.009956389665603638e-01	6.840223819017410278e-02	3.761014640331268311e-01	1.337204128503799438e-01	2.326887696981430054e-01	1.951288133859634399e-01	1.877439767122268677e-02	6.435005068778991699e-01	2.062081545591354370e-01
3.668752908706665039e+00	3.491649031639099121e-01	9.234829805791378021e-03	1.000000000000000000e+00	6.012059375643730164e-02	2.571029774844646454e-02	1.131135076284408569e-01	1.265468597412109375e-01	2.276819199323654175e-01	3.928609937429428101e-02	6.845204234123229980e-01	5.271955206990242004e-02	6.398527324199676514e-02
3.715192794799804688e+00	2.727924585342407227e-01	9.958844631910324097e-02	1.000000000000000000e+00	1.365952342748641968e-01	2.174717932939529419e-02	1.368610262870788574e-01	6.249792128801345825e-02	2.422966510057449341e-01	5.600382760167121887e-02	4.380123615264892578e-01	4.260691255331039429e-02	7.088597118854522705e-02
3.761632680892944336e+00	1.097151190042495728e-01	3.490703999996185303e-01	1.000000000000000000e+00	3.722217977046966553e-01	4.269005656242370605e-01	4.778628423810005188e-02	1.731690317392349243e-01	2.735759615898132324e-01	8.605784922838211060e-02	6.656327843666076660e-02	5.609407275915145874e-02	8.710849285125732422e-01
3.808072566986083984e+00	9.788764715194702148e-01	2.746283411979675293e-01	1.000000000000000000e+00	1.038486417382955551e-02	2.305829524993896484e-01	2.338446676731109619e-01	7.209757715463638306e-02	4.487261474132537842e-01	1.388956159353256226e-01	4.689407721161842346e-02	7.578779757022857666e-02	8.528813719749450684e-01
3.854512453079223633e+00	3.332734405994415283e-01	4.007399082183837891e-03	1.000000000000000000e+00	1.237965449690818787e-01	3.739509284496307373e-01	9.191510081291198730e-02	2.575186826288700104e-02	2.697463929653167725e-01	2.157623879611492157e-02	3.240154981613159180e-01	5.428529977798461914e-01	9.232913255691528320e-01
3.900952339172363281e+00	8.716903924942016602e-01	5.777399241924285889e-02	1.000000000000000000e+00	6.219138856977224350e-03	2.703753113746643066e-01	2.563163936138153076e-01	2.101290598511695862e-02	2.434979081153869629e-01	4.585383832454681396e-02	3.496136069297790527e-01	7.870839536190032959e-02	8.347427845001220703e-01
3.947392225265502930e+00	4.379892647266387939e-01	6.924195289611816406e-01	1.000000000000000000e+00	6.368060410022735596e-02	1.806066930294036865e-01	1.778852045536041260e-01	1.953453868627548218e-01	2.857154011726379395e-01	8.312863111495971680e-02	8.776865899562835693e-02	1.134531721472740173e-01	5.013374090194702148e-01
3.993832111358642578e+00	1.000000000000000000e+00	3.645442724227905273e-01	4.937261343002319336e-01	1.405081152915954590e-02	1.598661094903945923e-01	2.506200671195983887e-01	1.835249364376068115e-01	1.438034772872924805e-01	3.937357068061828613e-01	4.851512312889099121e-01	5.303713306784629822e-02	5.726215839385986328e-01
4.040272235870361328e+00	1.000000000000000000e+00	1.375786811113357544e-01	4.882973432540893555e-02	5.356591939926147461e-01	4.147239960730075836e-03	2.246229201555252075e-01	5.535150691866874695e-02	6.632600426673889160e-01	1.447992920875549316e-01	1.316527575254440308e-01	3.913140296936035156e-01	3.936643525958061218e-02
4.086711883544921875e+00	1.000000000000000000e+00	2.636218070983886719e-01	4.253157600760459900e-02	2.068734318017959595e-01	1.000506919808685780e-03	2.982747256755828857e-01	7.998655736446380615e-02	2.049088478088378906e-01	6.745895743370056152e-02	1.234581843018531799e-01	7.477068305015563965e-01	7.165538612753152847e-03
4.133152008056640625e+00	1.000000000000000000e+00	2.137943804264068604e-01	6.642802804708480835e-02	2.614122815430164337e-02	1.676517538726329803e-02	2.291936725378036499e-01	1.464155465364456177e-01	1.305549591779708862e-02	8.135116100311279297e-02	7.924237847328186035e-02	1.673767268657684326e-01	5.401524528861045837e-02
4.179591655731201172e+00	1.000000000000000000e+00	1.864782720804214478e-01	6.110484004020690918e-01	1.358290016651153564e-01	4.606808125972747803e-01	2.170175164937973022e-01	8.186170458793640137e-02	8.553581833839416504e-01	8.263574242591857910e-01	3.663222789764404297e-01	4.812962412834167480e-01	3.196438550949096680e-01
4.226031780242919922e+00	2.679685652256011963e-01	5.736215412616729736e-02	1.324924528598785400e-01	2.638873755931854248e-01	1.913847029209136963e-01	3.181461691856384277e-01	4.937820881605148315e-02	8.567892909049987793e-01	3.941092267632484436e-02	4.049304425716400146e-01	1.000000000000000000e+00	6.951999068260192871e-01
4.272471427917480469e+00	2.185718715190887451e-01	3.338302075862884521e-01	5.644992366433143616e-02	2.360651493072509766e-01	4.479492083191871643e-02	4.134285822510719299e-02	9.728765487670898438e-01	5.578082054853439331e-02	6.605332344770431519e-02	2.267266251146793365e-02	1.000000000000000000e+00	2.332345247268676758e-01
4.318911552429199219e+00	3.251437842845916748e-01	1.427864134311676025e-01	7.290777564048767090e-02	2.946988344192504883e-01	5.710377171635627747e-02	1.843892037868499756e-01	8.462230116128921509e-02	5.868744477629661560e-02	6.796556711196899414e-01	4.191324487328529358e-02	1.000000000000000000e+00	5.030789226293563843e-02
4.365351676940917969e+00	6.447610855102539062e-01	1.386925345286726952e-03	7.810746878385543823e-02	2.427235692739486694e-01	5.084487050771713257e-02	1.252163648605346680e-01	1.441266983747482300e-01	9.448167681694030762e-01	6.435064226388931274e-02	1.880411617457866669e-02	1.000000000000000000e+00	2.010338902473449707e-01
4.411791324615478516e+00	1.504892408847808838e-01	1.296411603689193726e-01	1.416718810796737671e-01	2.952087521553039551e-01	3.137710317969322205e-02	5.788620561361312866e-02	9.953317046165466309e-01	1.142949797213077545e-02	1.041262298822402954e-01	2.276620715856552124e-01	1.000000000000000000e+00	2.320197671651840210e-01
4.458231449127197266e+00	1.538370102643966675e-01	3.433800339698791504e-01	3.343389183282852173e-02	2.379546314477920532e-01	4.819039106369018555e-01	3.233806416392326355e-02	1.155889257788658142e-01	1.689931601285934448e-01	9.979613423347473145e-01	1.822088658809661865e-01	1.000000000000000000e+00	8.563110977411270142e-02
4.504671096801757812e+00	2.946752905845642090e-01	1.410377919673919678e-01	8.155553936958312988e-01	2.123212069272994995e-01	2.064556628465652466e-01	5.297590419650077820e-02	4.584060013294219971e-01	2.756238877773284912e-01	2.770293653011322021e-01	4.088057950139045715e-02	1.000000000000000000e+00	2.529385983943939209e-01
4.551111221313476562e+00	9.972698241472244263e-02	5.414195060729980469e-01	1.894094794988632202e-01	2.431903779506683350e-01	3.703248500823974609e-02	2.662527561187744141e-01	1.537277549505233765e-01	1.855287551879882812e-01	3.651024401187896729e-01	4.285329580307006836e-01	1.000000000000000000e+00	2.876174449920654297e-02
4.597550868988037109e+00	7.493013143539428711e-01	2.781155109405517578e-01	6.693050265312194824e-01	2.503907382488250732e-01	1.550133675336837769e-01	2.397857606410980225e-01	3.599555790424346924e-01	1.416099220514297485e-01	8.101259171962738037e-02	1.000000000000000000e+00	9.041324257850646973e-01	5.215945839881896973e-01
4.643990993499755859e+00	1.000000000000000000e+00	9.420279860496520996e-01	1.845768243074417114e-01	6.068004667758941650e-02	1.612251549959182739e-01	2.712585031986236572e-01	2.297250628471374512e-01	3.077707588672637939e-01	5.040987953543663025e-02	7.598123550415039062e-01	6.120703369379043579e-02	3.360202610492706299e-01
4.690430641174316406e+00	1.000000000000000000e+00	5.556352138519287109e-01	1.996786147356033325e-01	1.186680495738983154e-01	1.490484327077865601e-01	3.071237802505493164e-01	1.816290467977523804e-01	6.549420952796936035e-01	7.236636430025100708e-02	7.807012796401977539e-01	8.402596414089202881e-02	5.922363996505737305e-01
4.736870765686035156e+00	1.000000000000000000e+00	2.817930877208709717e-01	1.196665316820144653e-01	5.232564210891723633e-01	2.406884887022897601e-04	2.843548357486724854e-01	1.045744493603706360e-01	2.503573708236217499e-02	1.495090126991271973e-01	4.641031920909881592e-01	5.078427195549011230e-01	4.119443148374557495e-02
4.783310890197753906e+00	1.000000000000000000e+00	1.708444356918334961e-01	4.688045755028724670e-02	8.222892135381698608e-02	5.361548438668251038e-02	2.373292595148086548e-01	1.306750327348709106e-01	1.070044003427028656e-02	4.379132091999053955e-01	1.127239596098661423e-02	9.218963980674743652e-02	1.230496838688850403e-01
4.829750537872314453e+00	1.000000000000000000e+00	2.378082424402236938e-01	1.995900571346282959e-01	2.185695767402648926e-01	5.001997202634811401e-02	2.562390565872192383e-01	7.727957516908645630e-02	8.051484823226928711e-02	9.167203307151794434e-02	7.503350973129272461e-01	9.457135945558547974e-02	8.432953059673309326e-02
4.876190662384033203e+00	1.000000000000000000e+00	2.987042665481567383e-01	1.381299793720245361e-01	6.791922450065612793e-02	2.871176414191722870e-02	2.399858236312866211e-01	6.445735692977905273e-02	6.205263137817382812e-01	1.323255896568298340e-01	3.139367401599884033e-01	5.946668609976768494e-02	1.084408685564994812e-01
4.922630310058593750e+00	1.000000000000000000e+00	6.686416864395141602e-01	9.147588163614273071e-02	5.834593996405601501e-02	6.145284976810216904e-03	2.387982606887817383e-01	1.584786325693130493e-01	2.069045603275299072e-01	5.200902372598648071e-02	1.923889070749282837e-01	5.923486500978469849e-02	4.694626107811927795e-02
4.969070434570312500e+00	1.000000000000000000e+00	9.571850895881652832e-01	7.439299672842025757e-02	6.256571412086486816e-02	3.340457752346992493e-02	2.362966090440750122e-01	2.275636494159698486e-01	1.441165357828140259e-01	5.484301596879959106e-02	2.410513162612915039e-01	9.915448725223541260e-02	4.333285614848136902e-02
5.015510082244873047e+00	4.798091351985931396e-01	2.422699183225631714e-01	2.729988992214202881e-01	2.745521068572998047e-01	4.075239300727844238e-01	1.142589226365089417e-01	1.231522485613822937e-01	9.087708592414855957e-01	1.033274531364440918e-01	9.888560771942138672e-01	1.000000000000000000e+00	4.213002026081085205e-01
5.061950206756591797e+00	3.562583327293395996e-01	8.524351567029953003e-02	1.545134931802749634e-01	2.620834410190582275e-01	2.177066653966903687e-01	3.792079091072082520e-01	5.436122789978981018e-02	8.687722086906433105e-01	1.523486971855163574e-01	2.826795279979705811e-01	1.000000000000000000e+00	7.935892343521118164e-01
5.108389854431152344e+00	4.100352227687835693e-01	4.403591454029083252e-01	1.267222464084625244e-01	2.238977402448654175e-01	5.532899871468544006e-02	8.678273856639862061e-02	1.000000000000000000e+00	6.965517997741699219e-02	1.107594743371009827e-01	2.122221738100051880e-01	9.823858737945556641e-01	2.002849876880645752e-01
5.154829978942871094e+00	2.357660681009292603e-01	1.231964752078056335e-01	5.401203036308288574e-02	2.675118744373321533e-01	6.149341538548469543e-02	1.573096066713333130e-01	8.973652124404907227e-02	4.902337864041328430e-02	5.836851596832275391e-01	1.217175945639610291e-01	1.000000000000000000e+00	8.550029247999191284e-02
5.201269626617431641e+00	2.780410349369049072e-01	3.842350542545318604e-01	4.503500834107398987e-02	3.213237524032592773e-01	6.136832758784294128e-02	1.887096911668777466e-01	1.478670686483383179e-01	8.262250423431396484e-01	3.648482859134674072e-01	1.739648282527923584e-01	1.000000000000000000e+00	1.949547789990901947e-02
5.247709751129150391e+00	2.344399876892566681e-02	2.173870950937271118e-01	2.594336867332458496e-01	1.095111817121505737e-01	1.738620847463607788e-01	7.146046310663223267e-02	6.678967475891113281e-01	6.618174910545349121e-02	6.752880215644836426e-01	1.000000000000000000e+00	2.846340537071228027e-01	6.994112730026245117e-01
5.294149875640869141e+00	6.131691485643386841e-02	2.596600912511348724e-02	2.488690763711929321e-01	3.375113308429718018e-01	1.238699108362197876e-01	7.007382810115814209e-02	5.842114686965942383e-01	5.106649920344352722e-02	8.749948441982269287e-02	1.000000000000000000e+00	6.117065623402595520e-02	5.386118888854980469e-01
5.340589523315429688e+00	2.091007307171821594e-02	1.832430437207221985e-02	2.225522100925445557e-01	8.065863512456417084e-03	1.884264498949050903e-01	6.150426343083381653e-02	1.124262586236000061e-01	2.684458903968334198e-02	3.433476900681853294e-03	1.000000000000000000e+00	1.467859093099832535e-02	6.354489922523498535e-02
5.387029647827148438e+00	3.258630037307739258e-01	7.152115553617477417e-02	2.545956075191497803e-01	1.054574027657508850e-01	2.923761494457721710e-03	1.138353347778320312e-01	2.343516796827316284e-02	8.909847140312194824e-01	3.321292996406555176e-02	1.000000000000000000e+00	4.262143373489379883e-02	4.405090585350990295e-02
5.433469295501708984e+00	2.448713965713977814e-02	5.479986667633056641e-01	2.546073794364929199e-01	1.074153259396553040e-01	1.460548490285873413e-01	5.477536842226982117e-02	1.000000000000000000e+00	9.834278374910354614e-02	7.424126863479614258e-01	9.713469743728637695e-01	2.813022434711456299e-01	6.025108695030212402e-01
5.479909420013427734e+00	5.012109130620956421e-02	4.347696900367736816e-02	4.601789116859436035e-01	2.125827968120574951e-01	2.142437994480133057e-01	5.339977517724037170e-02	6.818295717239379883e-01	7.333685457706451416e-02	1.543017923831939697e-01	1.000000000000000000e+00	7.342633605003356934e-01	1.788805723190307617e-01
5.526349067687988281e+00	2.627116441726684570e-01	5.800693109631538391e-02	3.816759884357452393e-01	1.399735063314437866e-01	3.622584789991378784e-02	8.785519003868103027e-01	9.580078125000000000e-01	9.887284040451049805e-02	4.388484731316566467e-02	1.000000000000000000e+00	6.888116002082824707e-01	2.837547063827514648e-01
5.572789192199707031e+00	1.428836286067962646e-01	2.368857525289058685e-02	3.071083724498748779e-01	2.762631699442863464e-02	3.120517730712890625e-01	9.765352308750152588e-02	1.294596027582883835e-02	5.453657507896423340e-01	1.789106521755456924e-03	1.000000000000000000e+00	2.961371093988418579e-02	3.077210299670696259e-02
5.619228839874267578e+00	1.788060367107391357e-01	2.650377154350280762e-01	8.559346795082092285e-01	6.520291417837142944e-02	1.016668006777763367e-01	1.005032062530517578e-01	6.076055169105529785e-01	2.995066344738006592e-01	4.395217821002006531e-02	1.000000000000000000e+00	1.723727285861968994e-01	2.255249917507171631e-01
5.665668964385986328e+00	2.349887192249298096e-01	2.885803766548633575e-02	2.500793039798736572e-01	1.165090128779411316e-01	4.997845366597175598e-02	3.986117243766784668e-02	7.885957360267639160e-01	1.000000000000000000e+00	6.673190742731094360e-02	1.662568151950836182e-01	1.642495542764663696e-01	2.431603521108627319e-01
5.712108612060546875e+00	2.548706531524658203e-01	6.187166571617126465e-01	2.491284534335136414e-02	5.228131413459777832e-01	4.580532759428024292e-02	8.503606170415878296e-02	2.538317441940307617e-01	1.000000000000000000e+00	9.568569660186767578e-01	1.085884273052215576e-01	7.590352296829223633e-01	5.953075364232063293e-02
5.758548736572265625e+00	2.413130551576614380e-01	9.237294644117355347e-02	8.157657980918884277e-01	8.024502545595169067e-02	3.135412186384201050e-02	3.317404538393020630e-02	1.738476008176803589e-01	1.000000000000000000e+00	7.274759933352470398e-03	1.022587940096855164e-01	1.830041408538818359e-01	4.150216653943061829e-02
5.804988861083984375e+00	1.000000000000000000e+00	4.117258638143539429e-02	4.591734707355499268e-01	1.899124383926391602e-01	6.296342015266418457e-01	5.020174384117126465e-01	6.239196658134460449e-02	9.943066239356994629e-01	2.364224195480346680e-01	3.054234385490417480e-01	7.045897245407104492e-01	9.426163509488105774e-03
5.851428508758544922e+00	2.357663661241531372e-01	9.507156908512115479e-03	6.417129039764404297e-01	1.120219379663467407e-01	8.920015394687652588e-02	3.045070767402648926e-01	3.553861752152442932e-02	1.000000000000000000e+00	1.295681577175855637e-02	3.825760483741760254e-01	3.798797428607940674e-01	1.367254108190536499e-01
5.897868633270263672e+00	2.795100808143615723e-01	2.053234279155731201e-01	8.883334696292877197e-03	6.633458286523818970e-02	1.626075655221939087e-01	4.630845040082931519e-02	3.557133972644805908e-01	1.000000000000000000e+00	1.426421012729406357e-02	7.232092320919036865e-02	3.881657030433416367e-03	7.810564637184143066e-01
5.944308280944824219e+00	4.094907343387603760e-01	9.867764711380004883e-01	1.536455750465393066e-02	1.751817762851715088e-01	1.493014544248580933e-01	1.538930982351303101e-01	3.537309169769287109e-01	1.000000000000000000e+00	1.858213543891906738e-01	1.168919280171394348e-01	4.803115129470825195e-01	5.686144158244132996e-02
5.990748405456542969e+00	2.131703644990921021e-01	2.696104347705841064e-02	8.334853649139404297e-01	1.738020777702331543e-01	7.142248004674911499e-02	2.690897323191165924e-02	2.392400354146957397e-01	1.000000000000000000e+00	2.952806465327739716e-02	3.678207099437713623e-02	6.003363728523254395e-01	5.280728265643119812e-02
6.037188053131103516e+00	2.511473000049591064e-01	9.390605688095092773e-01	2.760842442512512207e-01	6.857246160507202148e-02	5.745382234454154968e-02	3.946972265839576721e-02	4.657693207263946533e-01	1.000000000000000000e+00	5.086360033601522446e-03	9.236929565668106079e-02	8.128964900970458984e-02	1.440055966377258301e-01
6.083628177642822266e+00	2.329312711954116821e-01	5.027712583541870117e-01	1.648271828889846802e-02	6.098654866218566895e-02	2.272311598062515259e-02	3.194754943251609802e-02	1.438512802124023438e-01	1.000000000000000000e+00	1.462452672421932220e-02	6.775013357400894165e-02	4.274255037307739258e-02	7.886590063571929932e-02
6.130067825317382812e+00	7.623017430305480957e-01	4.504930675029754639e-01	7.519551366567611694e-02	1.994208544492721558e-01	4.987520277500152588e-01	3.174898922443389893e-01	1.536635607481002808e-01	1.000000000000000000e+00	9.300600290298461914e-01	2.731521427631378174e-01	1.570640653371810913e-01	4.244583249092102051e-01
6.176507949829101562e+00	2.144569754600524902e-01	5.780603885650634766e-01	3.725368976593017578e-01	6.970762461423873901e-02	2.222672551870346069e-01	2.595372498035430908e-01	1.232168376445770264e-01	1.000000000000000000e+00	1.192122772336006165e-01	8.973039686679840088e-02	9.037569165229797363e-02	5.614181756973266602e-01
6.222948074340820312e+00	8.514216542243957520e-01	1.232255995273590088e-02	4.921319782733917236e-01	2.122971117496490479e-01	7.617954164743423462e-02	2.275804579257965088e-01	8.798854947090148926e-01	1.000000000000000000e+00	9.363214671611785889e-02	2.430921196937561035e-01	5.579240918159484863e-01	2.845674753189086914e-01
6.269387722015380859e+00	2.175792902708053589e-01	2.628120779991149902e-02	3.609700798988342285e-01	1.330919712781906128e-01	1.946253627538681030e-01	1.470900475978851318e-01	3.651092201471328735e-02	1.000000000000000000e+00	2.138102799654006958e-02	1.401107907295227051e-01	5.579622089862823486e-02	7.910746335983276367e-01
6.315827846527099609e+00	2.294460684061050415e-01	5.355606079101562500e-01	9.164351224899291992e-02	9.387433528900146484e-02	1.743694543838500977e-01	4.832276329398155212e-02	9.767810702323913574e-01	1.000000000000000000e+00	2.220763862133026123e-01	2.771806716918945312e-01	1.987389475107192993e-02	7.695347666740417480e-01
6.362267494201660156e+00	3.785295784473419189e-01	2.506257891654968262e-01	3.019998073577880859e-01	6.238407641649246216e-02	5.427680909633636475e-02	1.063975989818572998e-01	5.995822548866271973e-01	1.000000000000000000e+00	2.455438673496246338e-02	1.347038298845291138e-01	6.822256743907928467e-02	1.485512703657150269e-01
6.408707618713378906e+00	8.923458456993103027e-01	8.199982345104217529e-02	3.874084353446960449e-01	9.518657624721527100e-02	1.038325726985931396e-01	2.279334366321563721e-01	1.000000000000000000e+00	9.964879751205444336e-01	3.872934281826019287e-01	3.500214219093322754e-01	2.420057654380798340e-01	2.732282876968383789e-01
6.455147266387939453e+00	3.064045608043670654e-01	2.842926383018493652e-01	6.730461120605468750e-02	8.373608440160751343e-02	1.919589587487280369e-03	7.059339433908462524e-02	7.104621827602386475e-02	1.000000000000000000e+00	6.786493584513664246e-03	7.700246572494506836e-02	8.511458337306976318e-02	1.153689250349998474e-02
6.501587390899658203e+00	5.302791595458984375e-01	1.876373887062072754e-01	1.458700001239776611e-01	1.289410442113876343e-01	9.905949234962463379e-02	7.342085838317871094e-01	9.892410635948181152e-01	1.000000000000000000e+00	7.800983637571334839e-02	3.506861925125122070e-01	2.587970793247222900e-01	3.454555273056030273e-01
6.548027038574218750e+00	1.000000000000000000e+00	5.462760329246520996e-01	4.501533210277557373e-01	1.450594067573547363e-01	5.918936058878898621e-02	6.341676712036132812e-01	2.718044817447662354e-01	9.968499541282653809e-01	4.404243454337120056e-02	2.242671102285385132e-01	3.989987671375274658e-01	2.564595043659210205e-01
6.594467163085937500e+00	1.000000000000000000e+00	2.895969748497009277e-01	2.283349037170410156e-01	1.982734799385070801e-01	3.039179928600788116e-02	5.137790441513061523e-01	4.544643461704254150e-01	8.562605381011962891e-01	7.057331502437591553e-02	8.379381895065307617e-02	5.204173922538757324e-01	1.262898743152618408e-01
6.640906810760498047e+00	1.000000000000000000e+00	1.763071864843368530e-01	7.352917641401290894e-02	6.359308958053588867e-02	2.028979174792766571e-02	3.326213359832763672e-01	4.446082189679145813e-02	8.120211958885192871e-01	2.797439098358154297e-01	9.598111361265182495e-02	1.536464840173721313e-01	1.099911518394947052e-02
6.687346935272216797e+00	5.772361755371093750e-01	3.142713755369186401e-02	5.746747553348541260e-02	3.270392715930938721e-01	8.564507588744163513e-03	1.216334775090217590e-01	6.144182011485099792e-02	1.000000000000000000e+00	5.031210184097290039e-02	1.049702093005180359e-01	9.227182269096374512e-01	1.328030228614807129e-02
6.733787059783935547e+00	1.000000000000000000e+00	1.279567182064056396e-02	7.198183536529541016e-01	2.310957461595535278e-01	4.423796758055686951e-02	2.320179343223571777e-01	9.195259958505630493e-02	9.619341492652893066e-01	7.060855627059936523e-02	1.039071604609489441e-01	3.605429828166961670e-01	4.377831146121025085e-02
6.780226707458496094e+00	5.515947937965393066e-01	1.111592259258031845e-02	5.189405083656311035e-01	2.025757580995559692e-01	1.642889827489852905e-01	1.439446210861206055e-01	1.040472313761711121e-01	1.000000000000000000e+00	3.790130466222763062e-02	1.239064335823059082e-01	6.873070001602172852e-01	5.449134707450866699e-01
6.826666831970214844e+00	1.000000000000000000e+00	6.641708314418792725e-03	1.306759864091873169e-01	2.765684723854064941e-01	2.555370144546031952e-02	2.216738462448120117e-01	7.620766162872314453e-01	8.154767155647277832e-01	1.252658516168594360e-01	5.524495616555213928e-02	1.412958055734634399e-01	1.865103393793106079e-01
6.873106479644775391e+00	1.000000000000000000e+00	2.544151386246085167e-03	2.325371354818344116e-01	5.359131097793579102e-02	2.606636844575405121e-02	2.126028984785079956e-01	2.039935886859893799e-01	9.530072808265686035e-01	5.357908084988594055e-02	2.307886816561222076e-02	7.629977911710739136e-02	9.703522175550460815e-02
6.919546604156494141e+00	1.000000000000000000e+00	3.654997944831848145e-01	2.449706196784973145e-01	4.499244689941406250e-02	1.333901137113571167e-01	3.049812018871307373e-01	1.378993242979049683e-01	8.892763257026672363e-01	6.919476389884948730e-02	4.566631838679313660e-02	6.235117092728614807e-02	5.554332137107849121e-01
6.965986251831054688e+00	8.294934034347534180e-01	9.129946678876876831e-02	1.018139049410820007e-01	6.749343872070312500e-02	1.761373281478881836e-01	1.730782389640808105e-01	2.769858837127685547e-01	1.000000000000000000e+00	4.691077023744583130e-02	1.069505885243415833e-01	7.258430868387222290e-02	7.685226798057556152e-01
7.012426376342773438e+00	1.000000000000000000e+00	9.372216300107538700e-04	7.379232347011566162e-02	6.471178680658340454e-02	3.484512120485305786e-02	2.151480466127395630e-01	8.243905031122267246e-04	9.160006642341613770e-01	4.101249203085899353e-02	3.169929981231689453e-02	2.993863821029663086e-02	1.135694086551666260e-01
7.058866024017333984e+00	1.000000000000000000e+00	8.932419866323471069e-02	6.682228296995162964e-02	5.034113302826881409e-02	6.933864671736955643e-03	2.126271426677703857e-01	2.616267092525959015e-02	8.829305171966552734e-01	4.179726913571357727e-02	3.283081948757171631e-02	2.868207357823848724e-02	8.786667138338088989e-03
7.105306148529052734e+00	1.000000000000000000e+00	8.295723237097263336e-04	1.844073683023452759e-01	5.638362467288970947e-02	9.368221275508403778e-03	2.165536433458328247e-01	1.253363937139511108e-01	8.423702120780944824e-01	4.779080301523208618e-02	1.860832050442695618e-02	3.297535702586174011e-02	3.531021997332572937e-02
7.151745796203613281e+00	1.000000000000000000e+00	6.518493406474590302e-03	9.724573045969009399e-02	1.326340138912200928e-01	2.833741717040538788e-03	2.747503221035003662e-01	7.243380881845951080e-03	8.655130863189697266e-01	5.518295988440513611e-02	2.423248998820781708e-02	1.523265540599822998e-01	8.623816072940826416e-03
7.198185920715332031e+00	1.000000000000000000e+00	8.325739181600511074e-04	1.342880725860595703e-01	4.196181893348693848e-02	1.008732058107852936e-02	2.364025712013244629e-01	6.743171811103820801e-02	8.288730382919311523e-01	4.436396807432174683e-02	1.913160458207130432e-02	3.865258395671844482e-02	2.113767340779304504e-02
7.244626045227050781e+00	1.000000000000000000e+00	6.147140637040138245e-02	5.733315646648406982e-02	4.148801043629646301e-02	4.765281453728675842e-03	2.157020866870880127e-01	9.094654023647308350e-02	8.115905523300170898e-01	4.495380073785781860e-02	2.192236855626106262e-02	2.631130442023277283e-02	2.586214616894721985e-02
7.291065692901611328e+00	1.000000000000000000e+00	2.675930736586451530e-03	8.312602341175079346e-02	4.580342769622802734e-02	2.413172041997313499e-03	2.560442388057708740e-01	2.229932462796568871e-03	8.209373354911804199e-01	4.227724671363830566e-02	1.842306368052959442e-02	5.364508554339408875e-02	5.376753862947225571e-03
7.337505817413330078e+00	1.000000000000000000e+00	8.639799780212342739e-04	8.816509693861007690e-02	4.448446258902549744e-02	2.267663832753896713e-03	2.392753362655639648e-01	1.560042437631636858e-04	8.794109225273132324e-01	4.000133275985717773e-02	1.883960701525211334e-02	3.290999680757522583e-02	5.489057861268520355e-03
7.383945465087890625e+00	1.000000000000000000e+00	5.328278639353811741e-04	4.757785797119140625e-02	5.246521160006523132e-02	2.135616494342684746e-03	2.164694070816040039e-01	9.654634632170200348e-03	8.117722868919372559e-01	4.273656010627746582e-02	1.927301846444606781e-02	7.925850152969360352e-02	5.505476146936416626e-03
7.430385589599609375e+00	1.000000000000000000e+00	4.841309564653784037e-04	1.161968633532524109e-01	4.308378696441650391e-02	5.217024590820074081e-03	2.152041792869567871e-01	1.285534672206267715e-04	8.509465456008911133e-01	4.141416773200035095e-02	1.979271322488784790e-02	3.070749714970588684e-02	4.582845140248537064e-03
7.476825237274169922e+00	1.000000000000000000e+00	9.312831796705722809e-03	5.437575653195381165e-02	1.669702380895614624e-01	1.548886019736528397e-02	2.735883593559265137e-01	6.331320386379957199e-03	8.571120500564575195e-01	6.960585713386535645e-02	2.212229371070861816e-02	6.164954602718353271e-02	1.360315550118684769e-02
7.523265361785888672e+00	5.310278758406639099e-02	8.177762031555175781e-01	3.668870031833648682e-02	2.690635323524475098e-01	7.377655804157257080e-02	1.000000000000000000e+00	1.761172711849212646e-01	2.046181410551071167e-01	1.190299093723297119e-01	1.044335588812828064e-01	2.471911907196044922e-01	9.760874509811401367e-02
7.569705009460449219e+00	2.470836788415908813e-02	2.505407631397247314e-01	3.311130106449127197e-01	4.123247414827346802e-02	4.130145609378814697e-01	1.000000000000000000e+00	4.935615882277488708e-02	1.099616736173629761e-01	9.738404187373816967e-04	8.696351051330566406e-01	2.427670210599899292e-01	1.820036172866821289e-01
7.616145133972167969e+00	4.146699011325836182e-01	2.141887992620468140e-01	5.208941698074340820e-01	1.883652359247207642e-01	2.911184132099151611e-01	1.000000000000000000e+00	3.770248591899871826e-02	1.609303206205368042e-01	7.149065136909484863e-01	5.026535689830780029e-02	4.330108463764190674e-01	3.925538957118988037e-01
7.662585258483886719e+00	8.170923590660095215e-01	2.089545130729675293e-01	2.478772997856140137e-01	7.970173656940460205e-02	7.848149538040161133e-02	1.000000000000000000e+00	2.402679622173309326e-02	6.431633979082107544e-02	6.734903454780578613e-01	1.338342297822237015e-02	2.614792883396148682e-01	1.508354768157005310e-02
7.709024906158447266e+00	1.888715475797653198e-02	8.391069769859313965e-01	3.345607519149780273e-01	9.820109605789184570e-02	8.358397334814071655e-02	1.000000000000000000e+00	1.802801489830017090e-01	1.220045685768127441e-01	2.383353188633918762e-02	1.808616518974304199e-01	3.996680676937103271e-01	5.111350491642951965e-02
7.755465030670166016e+00	8.205597102642059326e-02	5.510526299476623535e-01	9.884669184684753418e-01	1.910386979579925537e-01	4.346228241920471191e-01	1.000000000000000000e+00	1.200417578220367432e-01	3.963642418384552002e-01	1.360127329826354980e-01	2.669079303741455078e-01	6.778916120529174805e-01	6.966575235128402710e-02
7.801904678344726562e+00	2.205818705260753632e-02	9.396500885486602783e-02	4.486955329775810242e-02	4.937770962715148926e-02	2.047950774431228638e-01	1.000000000000000000e+00	1.151466090232133865e-02	7.521781325340270996e-02	2.930640056729316711e-02	2.127841711044311523e-01	2.387893795967102051e-01	8.415501117706298828e-01
7.848344802856445312e+00	1.831949688494205475e-02	3.028074204921722412e-01	4.360128045082092285e-01	6.485752016305923462e-02	2.410626560449600220e-01	1.000000000000000000e+00	4.684679955244064331e-02	1.522416174411773682e-01	3.939487338066101074e-01	6.377152353525161743e-02	2.614166438579559326e-01	9.500827193260192871e-01
7.894784450531005859e+00	6.170917153358459473e-01	6.534231901168823242e-01	6.522817015647888184e-01	4.119047820568084717e-01	6.048536300659179688e-01	1.000000000000000000e+00	1.697649508714675903e-01	1.679635941982269287e-01	1.230136081576347351e-01	2.911824584007263184e-01	4.853756129741668701e-01	7.237538695335388184e-02
7.941224575042724609e+00	8.412765264511108398e-01	6.513293087482452393e-02	1.670610010623931885e-01	1.000000000000000000e+00	1.705781966447830200e-01	9.034608006477355957e-01	3.689287696033716202e-03	5.913859233260154724e-02	2.553403675556182861e-01	2.532205581665039062e-01	2.364054918289184570e-01	6.466419696807861328e-01
7.987664222717285156e+00	4.241265356540679932e-01	4.433385133743286133e-01	8.627384901046752930e-02	1.000000000000000000e+00	2.698704898357391357e-01	4.642180800437927246e-01	4.016729891300201416e-01	9.627085179090499878e-02	2.309145033359527588e-01	7.901744544506072998e-02	7.772145271301269531e-01	1.188213005661964417e-01
8.034104347229003906e+00	8.923728764057159424e-02	5.986247658729553223e-01	1.551636010408401489e-01	1.000000000000000000e+00	2.932299161329865456e-03	5.986708030104637146e-02	1.276854127645492554e-01	9.571790695190429688e-02	2.255197912454605103e-01	3.981029242277145386e-02	1.445213109254837036e-01	5.925492569804191589e-02
8.080544471740722656e+00	8.928291797637939453e-01	6.529245525598526001e-02	6.768096238374710083e-02	1.000000000000000000e+00	1.122203469276428223e-02	2.904564440250396729e-01	5.271966569125652313e-03	2.218166552484035492e-02	4.207727611064910889e-01	1.640815287828445435e-02	7.471422106027603149e-02	5.678576231002807617e-02
8.126984596252441406e+00	7.281658649444580078e-01	3.295307233929634094e-02	2.821569144725799561e-01	1.000000000000000000e+00	2.568294405937194824e-01	2.121688574552536011e-01	7.308967411518096924e-02	5.941091850399971008e-02	2.729608416557312012e-01	9.086449444293975830e-02	4.866304993629455566e-02	7.049311697483062744e-02
8.173423767089843750e+00	2.036476582288742065e-01	1.000000000000000000e+00	1.406045109033584595e-01	9.983873367309570312e-01	4.154359400272369385e-01	7.885857671499252319e-02	3.450846970081329346e-01	3.406414762139320374e-02	2.398623079061508179e-01	1.383455842733383179e-01	1.285932362079620361e-01	1.006826013326644897e-01
8.219863891601562500e+00	4.303818568587303162e-02	9.935451745986938477e-01	2.088968642055988312e-02	1.000000000000000000e+00	6.004523634910583496e-01	4.381252080202102661e-02	2.618589401245117188e-01	5.950332432985305786e-02	2.234902530908584595e-01	2.024371773004531860e-01	1.502158306539058685e-02	8.764427155256271362e-02
8.266304016113281250e+00	2.354232370853424072e-01	4.983353912830352783e-01	5.267890095710754395e-01	1.000000000000000000e+00	2.155086770653724670e-02	1.195484921336174011e-01	2.514021694660186768e-01	1.419168859720230103e-01	2.375622838735580444e-01	2.286917343735694885e-02	1.080950126051902771e-01	1.271205246448516846e-01
8.312744140625000000e+00	4.451749026775360107e-01	8.166663348674774170e-02	6.144166588783264160e-01	1.000000000000000000e+00	5.966535210609436035e-02	2.122246921062469482e-01	1.547862216830253601e-02	2.425450980663299561e-01	3.711587190628051758e-01	1.414501816034317017e-01	1.692066341638565063e-01	2.292568832635879517e-01
8.359183311462402344e+00	7.102863192558288574e-01	2.971438765525817871e-01	5.181056633591651917e-02	1.000000000000000000e+00	1.317372620105743408e-01	6.641948223114013672e-01	6.703637540340423584e-02	3.085257485508918762e-02	2.532500028610229492e-01	1.886750757694244385e-01	1.657344102859497070e-01	5.488638877868652344e-01
8.405623435974121094e+00	3.897023200988769531e-01	4.289490282535552979e-01	8.066409081220626831e-02	1.000000000000000000e+00	2.625456750392913818e-01	3.840599060058593750e-01	3.852179944515228271e-01	9.841919690370559692e-02	2.309627532958984375e-01	7.764583081007003784e-02	7.300219535827636719e-01	1.111104115843772888e-01
8.452063560485839844e+00	2.078937590122222900e-01	4.307557940483093262e-01	2.167510837316513062e-01	1.000000000000000000e+00	1.032443940639495850e-01	7.605210691690444946e-02	1.265330314636230469e-01	5.871729552745819092e-02	2.999886870384216309e-01	5.510064959526062012e-02	2.226464897394180298e-01	8.302801847457885742e-02
8.498503684997558594e+00	8.793041110038757324e-01	5.295426025986671448e-02	9.487090259790420532e-02	1.000000000000000000e+00	1.369842328131198883e-02	2.373152822256088257e-01	7.855282723903656006e-02	1.721154339611530304e-02	3.881341516971588135e-01	3.093521110713481903e-02	3.819747269153594971e-02	7.601095736026763916e-02
8.544942855834960938e+00	5.612871795892715454e-02	9.257099628448486328e-01	1.000000000000000000e+00	9.283476471900939941e-01	5.843085050582885742e-01	7.375402003526687622e-02	2.190568745136260986e-01	2.951378226280212402e-01	2.177151739597320557e-01	4.490214586257934570e-01	5.739384889602661133e-02	9.422772526741027832e-01
8.591382980346679688e+00	1.859838962554931641e-01	5.208392739295959473e-01	1.000000000000000000e+00	7.206767797470092773e-01	6.712854504585266113e-01	8.359333872795104980e-02	1.816092133522033691e-01	3.078204989433288574e-01	2.208063751459121704e-01	6.903480291366577148e-01	4.645220562815666199e-02	8.674682378768920898e-01
8.637823104858398438e+00	3.678982704877853394e-02	1.977895647287368774e-01	1.000000000000000000e+00	5.416200160980224609e-01	1.477309018373489380e-01	1.016527190804481506e-01	3.407012298703193665e-02	2.494682222604751587e-01	1.379524767398834229e-01	3.624772429466247559e-01	6.883052736520767212e-02	5.702744722366333008e-01
8.684263229370117188e+00	9.949352741241455078e-01	2.203731089830398560e-01	1.000000000000000000e+00	2.830990850925445557e-01	2.445313036441802979e-01	2.360706180334091187e-01	4.722549393773078918e-02	2.619995772838592529e-01	1.234776824712753296e-01	6.393062323331832886e-02	7.278370112180709839e-02	3.333890736103057861e-01
8.730703353881835938e+00	1.691869199275970459e-01	9.761421680450439453e-01	1.000000000000000000e+00	2.055897116661071777e-01	1.032877713441848755e-01	3.476636111736297607e-02	4.833411872386932373e-01	2.367074042558670044e-01	5.644176602363586426e-01	1.033294200897216797e-01	6.463199257850646973e-01	1.672369092702865601e-01
8.777142524719238281e+00	4.122964292764663696e-02	2.869400680065155029e-01	1.000000000000000000e+00	8.349040150642395020e-02	1.447429955005645752e-01	3.407275974750518799e-01	8.420588821172714233e-02	2.622885704040527344e-01	1.759764403104782104e-01	1.812768541276454926e-02	4.124922454357147217e-01	4.027206301689147949e-01
8.823582649230957031e+00	3.335028886795043945e-01	8.248224854469299316e-02	1.000000000000000000e+00	1.203157976269721985e-01	1.967178285121917725e-01	3.366320133209228516e-01	2.289419993758201599e-02	2.350877821445465088e-01	3.898798674345016479e-02	6.998015046119689941e-01	1.497113108634948730e-01	3.956432640552520752e-01
8.870022773742675781e+00	8.184592723846435547e-01	1.553805619478225708e-01	1.000000000000000000e+00	6.903900299221277237e-03	3.410196304321289062e-02	2.138058245182037354e-01	3.649302199482917786e-02	2.838070690631866455e-01	3.582824394106864929e-02	2.995969951152801514e-01	6.246808916330337524e-02	9.830389916896820068e-02
8.916462898254394531e+00	4.197127223014831543e-01	8.263549804687500000e-01	1.000000000000000000e+00	6.789335608482360840e-02	3.800885677337646484e-01	1.179920211434364319e-01	2.775794565677642822e-01	3.231094479560852051e-01	6.852709501981735229e-02	2.387820482254028320e-01	6.760046631097793579e-02	9.648863673210144043e-01
8.962902069091796875e+00	4.522709548473358154e-01	1.146218478679656982e-01	1.000000000000000000e+00	2.089312672615051270e-02	2.300416082143783569e-01	2.289021909236907959e-01	4.358838796615600586e-01	2.698070704936981201e-01	3.684074431657791138e-02	7.203463315963745117e-01	6.773170828819274902e-02	9.160005450248718262e-01
9.009342193603515625e+00	1.000000000000000000e+00	7.382939457893371582e-01	8.713030219078063965e-01	8.201461285352706909e-02	1.784122884273529053e-01	2.428458631038665771e-01	2.426507174968719482e-01	7.734836935997009277e-01	4.819636046886444092e-02	8.516943454742431641e-01	6.518901884555816650e-02	6.314317584037780762e-01
9.055782318115234375e+00	1.000000000000000000e+00	3.192745745182037354e-01	5.276500433683395386e-02	4.111307561397552490e-01	4.630682989954948425e-02	2.543745338916778564e-01	1.277421563863754272e-01	5.716054514050483704e-02	3.916858434677124023e-01	4.706584289669990540e-02	6.106086969375610352e-01	2.408043481409549713e-02
9.102222442626953125e+00	1.000000000000000000e+00	2.915382385253906250e-01	8.750676363706588745e-02	3.045652806758880615e-01	6.211217492818832397e-03	3.401491343975067139e-01	1.135574057698249817e-01	1.667100377380847931e-02	9.779892861843109131e-02	1.553006768226623535e-01	7.265264391899108887e-01	2.144985646009445190e-02
9.148662567138671875e+00	1.000000000000000000e+00	4.243027865886688232e-01	9.585002064704895020e-02	1.573090106248855591e-01	7.423199713230133057e-02	2.392133325338363647e-01	1.166505962610244751e-01	6.465887278318405151e-02	6.315831840038299561e-02	2.600411176681518555e-01	1.035234108567237854e-01	7.704702019691467285e-02
9.195101737976074219e+00	1.000000000000000000e+00	3.027402460575103760e-01	1.400918066501617432e-01	2.331448048353195190e-01	1.552831083536148071e-01	2.520140111446380615e-01	2.014998793601989746e-01	4.865796118974685669e-02	4.489546120166778564e-01	3.797837197780609131e-01	5.452701821923255920e-02	5.863360166549682617e-01
9.241541862487792969e+00	1.000000000000000000e+00	7.025638222694396973e-01	5.407516956329345703e-01	5.239781141281127930e-01	3.348219674080610275e-03	2.209311276674270630e-01	1.775093227624893188e-01	6.418124437332153320e-01	2.178650796413421631e-01	5.615157485008239746e-01	5.805159211158752441e-01	3.030137717723846436e-02
9.287981986999511719e+00	1.000000000000000000e+00	2.676911056041717529e-01	3.976967558264732361e-02	3.510618209838867188e-02	2.892065644264221191e-01	2.274495363235473633e-01	6.200721859931945801e-02	4.040587842464447021e-01	3.827430307865142822e-02	1.242103278636932373e-01	2.878658659756183624e-02	6.924412846565246582e-01
9.334422111511230469e+00	1.000000000000000000e+00	2.742781639099121094e-01	2.183687090873718262e-01	1.195749547332525253e-02	1.126351654529571533e-01	2.351935058832168579e-01	1.015971899032592773e-01	3.271326050162315369e-02	1.250023543834686279e-01	6.772949695587158203e-01	3.795305266976356506e-02	1.591811887919902802e-02
9.380861282348632812e+00	1.000000000000000000e+00	1.357989013195037842e-01	5.074790716171264648e-01	1.757414489984512329e-01	5.611958503723144531e-01	4.147296249866485596e-01	7.935115694999694824e-02	4.852494895458221436e-01	5.140572786331176758e-01	2.180907279253005981e-01	7.244393825531005859e-01	4.863346219062805176e-01
9.427301406860351562e+00	5.456920862197875977e-01	6.024748086929321289e-02	1.381594389677047729e-01	2.549349069595336914e-01	1.580435484647750854e-01	4.967890679836273193e-01	4.564736038446426392e-02	7.020661830902099609e-01	5.827115103602409363e-02	5.119789838790893555e-01	1.000000000000000000e+00	3.814411461353302002e-01
9.473741531372070312e+00	1.955723613500595093e-01	5.024147629737854004e-01	7.688879221677780151e-02	2.480593621730804443e-01	7.900210469961166382e-02	3.135849535465240479e-02	9.223092794418334961e-01	5.218799114227294922e-01	1.919880509376525879e-01	1.734746694564819336e-01	1.000000000000000000e+00	3.910354673862457275e-01
9.520181655883789062e+00	6.286709755659103394e-02	2.147982716560363770e-01	9.239001572132110596e-02	3.365609645843505859e-01	2.554364204406738281e-01	1.466263085603713989e-02	7.204582542181015015e-02	1.134397387504577637e-01	8.879284262657165527e-01	1.373610198497772217e-01	1.000000000000000000e+00	5.963907018303871155e-02
9.566621780395507812e+00	9.201202988624572754e-01	1.877616532146930695e-02	6.431742012500762939e-02	2.706494331359863281e-01	1.623736023902893066e-01	1.974447369575500488e-01	4.979616701602935791e-01	7.582708001136779785e-01	1.308638602495193481e-01	4.551202431321144104e-02	1.000000000000000000e+00	4.937069416046142578e-01
9.613060951232910156e+00	1.000000000000000000e+00	5.741350650787353516e-01	6.736905574798583984e-01	1.268692165613174438e-01	2.520608305931091309e-01	2.508341968059539795e-01	3.458845317363739014e-01	2.484983652830123901e-01	6.557714939117431641e-01	7.920187115669250488e-01	4.850595593452453613e-01	9.678618907928466797e-01
9.659501075744628906e+00	1.000000000000000000e+00	1.869401484727859497e-01	4.332122802734375000e-01	1.919839233160018921e-01	1.315147802233695984e-02	2.334217280149459839e-01	6.998878717422485352e-02	3.691648542881011963e-01	2.432604879140853882e-01	2.959258556365966797e-01	6.345529556274414062e-01	2.096104808151721954e-02
9.705941200256347656e+00	1.000000000000000000e+00	2.724507451057434082e-01	4.194280505180358887e-02	8.553265035152435303e-02	1.770004779100418091e-01	2.389981746673583984e-01	1.581489443778991699e-01	1.378128118813037872e-02	6.415878236293792725e-02	1.577629148960113525e-01	2.550732493400573730e-01	3.776003047823905945e-02
9.752381324768066406e+00	1.000000000000000000e+00	2.481572329998016357e-01	3.746748268604278564e-01	2.447349764406681061e-02	1.502248086035251617e-02	2.317445278167724609e-01	1.297745555639266968e-01	6.833414733409881592e-02	1.609517782926559448e-01	7.091069221496582031e-01	5.608627572655677795e-02	2.047193236649036407e-02
9.798820495605468750e+00	1.000000000000000000e+00	1.774860322475433350e-01	4.794686287641525269e-02	2.503343224525451660e-01	5.756172165274620056e-02	2.528572380542755127e-01	9.608462452888488770e-02	9.014029055833816528e-03	1.677815318107604980e-01	1.629350483417510986e-01	3.161216080188751221e-01	1.494089066982269287e-01
9.845260620117187500e+00	1.000000000000000000e+00	6.601117253303527832e-01	2.309067696332931519e-01	1.815629601478576660e-01	2.522137463092803955e-01	2.596523463726043701e-01	1.940683424472808838e-01	3.480037674307823181e-02	1.521939635276794434e-01	9.571292996406555176e-01	5.623587369918823242e-01	1.776859015226364136e-01
9.891700744628906250e+00	1.000000000000000000e+00	1.730405241250991821e-01	6.923349201679229736e-02	1.485561132431030273e-01	4.650321323424577713e-03	3.674310445785522461e-01	6.963942945003509521e-02	5.772505700588226318e-02	7.892733812332153320e-02	2.310798168182373047e-01	4.583743810653686523e-01	9.131820872426033020e-03
9.938140869140625000e+00	1.000000000000000000e+00	9.187074303627014160e-01	3.776400908827781677e-02	1.160607188940048218e-01	1.084723509848117828e-02	2.345032393932342529e-01	2.475948035717010498e-01	3.146830797195434570e-01	7.514782249927520752e-02	1.289936453104019165e-01	3.580566048622131348e-01	4.201905429363250732e-02
9.984580039978027344e+00	1.000000000000000000e+00	9.293763637542724609e-01	1.146851032972335815e-01	1.837927252054214478e-01	4.703320190310478210e-02	2.352204471826553345e-01	2.410150319337844849e-01	1.703999787569046021e-01	6.487239897251129150e-02	3.411696255207061768e-01	6.204748749732971191e-01	9.794841706752777100e-02
1.003102016448974609e+01	1.000000000000000000e+00	8.640167117118835449e-01	1.008725389838218689e-01	5.473566427826881409e-02	3.016127832233905792e-02	2.616416513919830322e-01	3.079060912132263184e-01	2.838904410600662231e-02	9.639120846986770630e-02	2.149717062711715698e-01	2.170272022485733032e-01	1.149050891399383545e-01
1.007746028900146484e+01	9.900352954864501953e-01	5.567846298217773438e-01	1.593307703733444214e-01	1.784997582435607910e-01	6.646722555160522461e-02	2.461592704057693481e-01	1.110370606184005737e-01	1.845782995223999023e-01	1.000000000000000000e+00	5.565431714057922363e-01	6.496725678443908691e-01	4.280085489153862000e-02
1.012390041351318359e+01	1.000000000000000000e+00	2.050830870866775513e-01	2.418831288814544678e-01	2.068743854761123657e-01	2.875423729419708252e-01	2.988740801811218262e-01	8.873933553695678711e-02	2.400045841932296753e-01	6.903377920389175415e-02	9.249088168144226074e-01	8.572517633438110352e-01	6.893302202224731445e-01
1.017034053802490234e+01	1.000000000000000000e+00	2.124514281749725342e-01	2.343960255384445190e-01	3.332015126943588257e-02	1.105963513255119324e-01	2.302666902542114258e-01	4.059243574738502502e-02	1.584398597478866577e-01	7.437594532966613770e-01	2.069052308797836304e-01	1.871441453695297241e-01	1.553803682327270508e-01
1.021677970886230469e+01	1.000000000000000000e+00	1.055512875318527222e-01	3.304758295416831970e-02	1.231517419219017029e-01	2.200417965650558472e-01	2.414175420999526978e-01	1.400511860847473145e-01	1.159551739692687988e-01	6.060228496789932251e-02	6.626865267753601074e-02	4.726765751838684082e-01	9.076427817344665527e-01
1.026321983337402344e+01	1.000000000000000000e+00	2.986648678779602051e-01	1.958633363246917725e-01	9.427420794963836670e-02	1.875485032796859741e-01	2.886787950992584229e-01	6.068282201886177063e-02	5.442042946815490723e-01	6.584603339433670044e-02	7.919991612434387207e-01	2.581608295440673828e-01	8.589596152305603027e-01
1.030965995788574219e+01	1.000000000000000000e+00	1.574997156858444214e-01	6.061303243041038513e-02	1.089493632316589355e-01	2.259054780006408691e-01	2.713002264499664307e-01	1.054387688636779785e-01	2.075023353099822998e-01	7.048749923706054688e-02	2.092145830392837524e-01	4.419881105422973633e-01	9.688704013824462891e-01
1.035610008239746094e+01	8.102113604545593262e-01	2.408294826745986938e-01	6.350779533386230469e-02	2.429359555244445801e-01	1.319687515497207642e-01	1.847386360168457031e-01	1.059761270880699158e-01	7.852225750684738159e-02	7.806669175624847412e-02	1.968403905630111694e-01	1.000000000000000000e+00	8.437191694974899292e-02
1.040253925323486328e+01	7.629939913749694824e-01	5.988412350416183472e-02	1.356242746114730835e-01	2.340274751186370850e-01	9.656956046819686890e-02	2.512951195240020752e-01	6.269338726997375488e-02	8.887472748756408691e-02	7.801181823015213013e-02	3.721660971641540527e-01	1.000000000000000000e+00	3.573904633522033691e-01
1.044897937774658203e+01	1.000000000000000000e+00	1.021233014762401581e-02	5.727196857333183289e-02	2.328331768512725830e-01	3.534294664859771729e-01	2.723164558410644531e-01	2.016215622425079346e-01	4.055668786168098450e-02	9.048282355070114136e-02	1.695734560489654541e-01	9.925613999366760254e-01	8.710998296737670898e-01
1.049541950225830078e+01	1.000000000000000000e+00	1.007890552282333374e-01	5.368278026580810547e-01	7.934560775756835938e-01	1.448188163340091705e-02	2.532201111316680908e-01	1.996625810861587524e-01	1.811949163675308228e-01	2.598707377910614014e-01	2.641322910785675049e-01	7.863737940788269043e-01	7.021529227495193481e-02
1.054185962677001953e+01	9.833455681800842285e-01	3.270406126976013184e-01	2.527631223201751709e-01	7.088673859834671021e-02	1.220948994159698486e-01	2.700020968914031982e-01	7.142592221498489380e-02	1.831722706556320190e-01	1.000000000000000000e+00	6.130945086479187012e-01	2.957940697669982910e-01	3.649500757455825806e-02
1.058829975128173828e+01	1.000000000000000000e+00	1.826919019222259521e-01	2.935492396354675293e-01	7.394259423017501831e-02	2.777408063411712646e-01	2.544744610786437988e-01	1.532739400863647461e-01	2.216037213802337646e-01	5.106794834136962891e-01	3.002570271492004395e-01	3.297330141067504883e-01	9.844699501991271973e-01
1.063473892211914062e+01	1.000000000000000000e+00	5.348867774009704590e-01	2.100503295660018921e-01	1.717998981475830078e-01	2.786552906036376953e-02	2.311706840991973877e-01	1.365405172109603882e-01	5.601586103439331055e-01	3.250546753406524658e-01	5.930235385894775391e-01	1.031689345836639404e-01	2.709391154348850250e-02
1.068117904663085938e+01	1.000000000000000000e+00	7.301165163516998291e-02	1.670790165662765503e-01	7.331844419240951538e-02	5.112042427062988281e-01	2.816846966743469238e-01	5.692088603973388672e-02	4.012079834938049316e-01	2.056107521057128906e-01	5.854536294937133789e-01	2.767839431762695312e-01	8.685948252677917480e-01
1.072761917114257812e+01	1.000000000000000000e+00	2.178895324468612671e-01	6.580588966608047485e-02	1.778170168399810791e-01	6.190959364175796509e-02	2.470537871122360229e-01	1.568859517574310303e-01	1.640073023736476898e-02	8.641574382781982422e-01	1.881592273712158203e-01	6.403357386589050293e-01	1.052252501249313354e-01
1.077405929565429688e+01	1.000000000000000000e+00	3.385573625564575195e-02	1.242509931325912476e-01	4.385387897491455078e-01	1.053644623607397079e-02	2.377361357212066650e-01	2.186689525842666626e-02	9.431528300046920776e-02	2.513228058815002441e-01	3.917855024337768555e-01	3.342602849006652832e-01	1.585888303816318512e-02
1.082049846649169922e+01	9.987465143203735352e-01	1.000000000000000000e+00	7.974765449762344360e-02	4.539816379547119141e-01	8.526951819658279419e-02	9.206519722938537598e-01	2.628100514411926270e-01	2.918842993676662445e-02	6.862751841545104980e-01	2.804377377033233643e-01	4.115994274616241455e-01	6.684091687202453613e-02
