0.000000000000000000e+00	1.000000000000000000e+00	7.388722300529479980e-01	7.330411076545715332e-01	2.053342759609222412e-02	8.882644027471542358e-02	3.170732855796813965e-01	1.586795449256896973e-01	1.698336303234100342e-01	4.151558876037597656e-01	8.803421854972839355e-01	1.031865626573562622e-01	3.695289194583892822e-01
4.643990844488143921e-02	1.000000000000000000e+00	3.020404465496540070e-02	1.039162874221801758e-01	6.050781812518835068e-03	1.704126037657260895e-02	2.313223779201507568e-01	2.467991858720779419e-01	8.018798194825649261e-03	2.160063534975051880e-01	1.841050535440444946e-01	6.133218482136726379e-02	5.143838748335838318e-02
9.287981688976287842e-02	1.000000000000000000e+00	9.764523804187774658e-02	7.792583703994750977e-01	2.188860774040222168e-01	2.343617752194404602e-02	2.654362916946411133e-01	6.931720674037933350e-02	1.717135310173034668e-01	4.903467893600463867e-01	7.804802656173706055e-01	9.660553336143493652e-01	5.484370049089193344e-03
1.393197327852249146e-01	1.000000000000000000e+00	1.353489700704813004e-03	4.024563431739807129e-01	1.569557934999465942e-01	7.477857172489166260e-02	2.612396776676177979e-01	5.004698038101196289e-01	6.600617617368698120e-02	7.293538749217987061e-02	9.862706065177917480e-01	6.929900050163269043e-01	3.122173249721527100e-01
1.857596337795257568e-01	1.000000000000000000e+00	7.398197650909423828e-01	1.676796823740005493e-01	1.164623275399208069e-01	1.893952488899230957e-01	2.613226175308227539e-01	1.591381579637527466e-01	7.983399629592895508e-01	4.372585117816925049e-01	6.513246893882751465e-01	5.425139144062995911e-02	7.093390822410583496e-01
2.321995496749877930e-01	1.000000000000000000e+00	6.038007512688636780e-02	1.580679044127464294e-02	6.523326784372329712e-02	2.201307862997055054e-01	2.360857129096984863e-01	1.851836405694484711e-02	5.664690583944320679e-02	1.769752353429794312e-01	2.630956284701824188e-02	3.039626479148864746e-01	9.242415428161621094e-01
2.786394655704498291e-01	9.730193614959716797e-01	1.168700978159904480e-01	1.775545775890350342e-01	2.265679389238357544e-01	3.718242794275283813e-02	2.558515369892120361e-01	5.299047380685806274e-02	2.392249926924705505e-02	5.909701585769653320e-01	6.754252910614013672e-01	1.000000000000000000e+00	8.503385819494724274e-03
3.250793516635894775e-01	9.573322534561157227e-01	2.129651308059692383e-01	1.599327102303504944e-02	1.079100742936134338e-01	6.842055916786193848e-02	2.737738788127899170e-01	2.594458498060703278e-02	3.534616669639945030e-03	1.000000000000000000e+00	4.370285314507782459e-04	8.310111612081527710e-02	4.256961494684219360e-02
3.715192675590515137e-01	9.543074965476989746e-01	2.132795155048370361e-01	1.675413176417350769e-02	4.059054423123598099e-03	6.875527650117874146e-02	2.249973267316818237e-01	2.633737586438655853e-02	3.567747073248028755e-03	1.000000000000000000e+00	4.359698505140841007e-04	9.203795343637466431e-02	4.008222371339797974e-03
4.179591834545135498e-01	1.000000000000000000e+00	1.476717889308929443e-01	2.761646509170532227e-01	1.366183310747146606e-01	8.780437707901000977e-02	2.422071099281311035e-01	5.415809527039527893e-02	2.139341533184051514e-01	2.974145710468292236e-01	2.063173055648803711e-02	4.160109162330627441e-01	2.155618816614151001e-01
4.643990993499755859e-01	1.000000000000000000e+00	5.481905937194824219e-01	5.283680558204650879e-01	1.563329435884952545e-02	2.660973668098449707e-01	2.588898837566375732e-01	3.509732186794281006e-01	1.212959960103034973e-01	5.386506915092468262e-01	6.445856094360351562e-01	3.481598943471908569e-02	9.865380525588989258e-01
5.108389854431152344e-01	1.000000000000000000e+00	4.668551981449127197e-01	5.809760093688964844e-01	4.505256116390228271e-01	2.172711305320262909e-02	2.145312577486038208e-01	1.215429753065109253e-01	6.908972263336181641e-01	1.234563365578651428e-01	4.140362739562988281e-01	5.312659144401550293e-01	9.022415429353713989e-02
5.572789311408996582e-01	1.000000000000000000e+00	2.997640669345855713e-01	4.891865327954292297e-02	9.039440006017684937e-02	1.272292137145996094e-01	2.311910688877105713e-01	6.952283531427383423e-02	4.300553798675537109e-01	4.044367745518684387e-02	1.899147331714630127e-01	1.527516394853591919e-01	7.935619913041591644e-03
6.037188172340393066e-01	1.000000000000000000e+00	3.044787347316741943e-01	2.168825566768646240e-01	1.587909273803234100e-02	2.335058711469173431e-02	2.301450073719024658e-01	1.741671264171600342e-01	4.886454343795776367e-02	1.860688328742980957e-01	1.895663887262344360e-01	1.697102189064025879e-01	6.428654491901397705e-02
6.501587033271789551e-01	1.000000000000000000e+00	8.262000232934951782e-02	6.079401820898056030e-02	5.246028304100036621e-01	7.367224246263504028e-02	2.507736384868621826e-01	8.743669092655181885e-02	1.717220395803451538e-01	1.669794172048568726e-01	2.202614396810531616e-02	4.322298467159271240e-01	9.629061818122863770e-02
6.965986490249633789e-01	1.000000000000000000e+00	9.148164987564086914e-01	1.827927529811859131e-01	2.822603583335876465e-01	4.768304824829101562e-01	2.340843528509140015e-01	2.604011297225952148e-01	7.680377364158630371e-02	7.430055141448974609e-01	7.383746504783630371e-01	8.292400836944580078e-01	1.064308285713195801e-01
7.430385351181030273e-01	1.000000000000000000e+00	3.684011474251747131e-02	1.583826094865798950e-01	9.967419505119323730e-02	3.487656638026237488e-02	2.496373057365417480e-01	2.830429188907146454e-02	3.866103589534759521e-01	9.136340022087097168e-02	3.828291893005371094e-01	3.479238748550415039e-01	2.085129730403423309e-02
7.894784808158874512e-01	1.000000000000000000e+00	6.008301973342895508e-01	5.660926178097724915e-02	2.939099445939064026e-02	3.408776596188545227e-02	2.355034202337265015e-01	1.596070379018783569e-01	1.055237501859664917e-01	8.746203780174255371e-02	1.360011547803878784e-01	3.381967172026634216e-02	5.085165798664093018e-02
8.359183669090270996e-01	1.000000000000000000e+00	9.587827920913696289e-01	1.417361348867416382e-01	1.472810953855514526e-01	3.851759433746337891e-02	2.325595766305923462e-01	2.325433045625686646e-01	1.538765430450439453e-01	1.274178326129913330e-01	2.988158464431762695e-01	4.099391400814056396e-01	9.556306153535842896e-02
8.823582530021667480e-01	1.000000000000000000e+00	9.632311463356018066e-01	1.813469082117080688e-01	8.326464332640171051e-03	2.641709893941879272e-02	2.474634200334548950e-01	2.458723187446594238e-01	4.177720472216606140e-02	8.142066001892089844e-02	3.166115581989288330e-01	3.841434419155120850e-02	1.047062724828720093e-01
9.287981986999511719e-01	1.000000000000000000e+00	2.313920259475708008e-01	2.646359801292419434e-01	7.439041137695312500e-02	1.002913415431976318e-01	2.673971652984619141e-01	6.163568049669265747e-02	4.963351786136627197e-02	3.128399550914764404e-01	9.686223268508911133e-01	2.787331938743591309e-01	3.137449026107788086e-01
9.752380847930908203e-01	1.000000000000000000e+00	4.957731813192367554e-02	1.053646504878997803e-01	2.659977674484252930e-01	8.042604476213455200e-02	2.549079656600952148e-01	7.394144684076309204e-02	5.660578235983848572e-02	8.335636556148529053e-02	3.671941459178924561e-01	7.882584929466247559e-01	1.009416133165359497e-01
1.021677970886230469e+00	1.000000000000000000e+00	2.709209024906158447e-01	2.845771908760070801e-01	5.391451530158519745e-03	7.712469995021820068e-02	2.560841441154479980e-01	7.655202597379684448e-02	8.226877450942993164e-02	7.177881002426147461e-01	2.939858101308345795e-02	7.129587233066558838e-02	1.416686773300170898e-01
1.068117856979370117e+00	1.000000000000000000e+00	1.058068647980690002e-01	2.009589038789272308e-02	1.812034845352172852e-01	1.984047330915927887e-02	2.363239526748657227e-01	8.126269280910491943e-02	9.872795641422271729e-02	6.210701912641525269e-02	3.532396256923675537e-02	7.281264662742614746e-01	9.043070673942565918e-02
1.114557862281799316e+00	1.000000000000000000e+00	5.787050127983093262e-01	1.795088797807693481e-01	1.451390683650970459e-01	8.085601776838302612e-02	3.317446112632751465e-01	1.138457953929901123e-01	6.148200854659080505e-02	8.039485812187194824e-01	5.771336555480957031e-01	4.038909673690795898e-01	1.235718950629234314e-01
1.160997748374938965e+00	1.000000000000000000e+00	4.157045856118202209e-02	2.156892232596874237e-02	8.019053377211093903e-03	1.062221080064773560e-02	2.495624423027038574e-01	9.331896901130676270e-03	1.500138267874717712e-02	7.233539968729019165e-02	2.732951939105987549e-02	3.457347676157951355e-02	3.933586552739143372e-02
1.207437634468078613e+00	9.896932840347290039e-01	1.363755315542221069e-01	4.075235500931739807e-02	2.705467641353607178e-01	3.384512290358543396e-02	2.271105200052261353e-01	9.916131943464279175e-02	2.553504705429077148e-02	9.133429825305938721e-02	9.486097097396850586e-02	1.000000000000000000e+00	1.447751969099044800e-01
1.253877520561218262e+00	9.862046837806701660e-01	3.693412840366363525e-01	2.719119489192962646e-01	2.686445415019989014e-01	4.288095235824584961e-01	2.993259429931640625e-01	1.250333636999130249e-01	1.022573858499526978e-01	2.914012968540191650e-01	1.000000000000000000e+00	4.910231530666351318e-01	9.980415701866149902e-01
1.300317406654357910e+00	6.763454526662826538e-02	6.110820174217224121e-01	1.000000000000000000e+00	1.064686998724937439e-01	4.914820194244384766e-01	7.239469327032566071e-03	1.665364354848861694e-01	2.491048872470855713e-01	1.275696009397506714e-01	1.566275805234909058e-01	4.252325892448425293e-01	4.731541872024536133e-01
1.346757411956787109e+00	4.812940061092376709e-01	9.405775368213653564e-02	1.000000000000000000e+00	2.609753608703613281e-01	9.637967497110366821e-02	4.664609134197235107e-01	8.162683993577957153e-02	2.295396178960800171e-01	7.768958061933517456e-02	5.887987613677978516e-01	1.294428408145904541e-01	3.716369569301605225e-01
1.393197298049926758e+00	8.113333582878112793e-01	1.448520570993423462e-01	1.000000000000000000e+00	7.760881446301937103e-03	4.722704291343688965e-01	1.862483918666839600e-01	4.436676576733589172e-02	2.880788445472717285e-01	4.602751508355140686e-02	2.720465064048767090e-01	5.899273231625556946e-02	1.068617403507232666e-01
1.439637184143066406e+00	6.873947381973266602e-01	8.686632513999938965e-01	1.000000000000000000e+00	1.611722260713577271e-01	2.361159026622772217e-01	1.870100349187850952e-01	2.045955657958984375e-01	6.547812223434448242e-01	4.005181789398193359e-02	1.462744325399398804e-01	7.201272994279861450e-02	7.084789276123046875e-01
1.486077070236206055e+00	4.992574825882911682e-02	9.171511232852935791e-02	1.000000000000000000e+00	4.835833981633186340e-02	8.297680020332336426e-01	7.450085598975419998e-03	1.910764127969741821e-01	2.583529353141784668e-01	3.030303120613098145e-02	1.779525578022003174e-01	4.703699052333831787e-02	9.363986253738403320e-01
1.532516956329345703e+00	3.007495105266571045e-01	1.755167543888092041e-01	1.000000000000000000e+00	1.406609117984771729e-01	1.122857406735420227e-01	1.403066515922546387e-01	6.846380978822708130e-02	4.664102792739868164e-01	1.068104654550552368e-01	2.089841365814208984e-01	6.783753633499145508e-02	4.170281589031219482e-01
1.578956961631774902e+00	8.268322348594665527e-01	2.087720334529876709e-01	1.000000000000000000e+00	1.211606562137603760e-01	3.583327308297157288e-02	4.660045802593231201e-01	5.753455311059951782e-02	2.113347798585891724e-01	8.538492769002914429e-02	6.839646100997924805e-01	1.228514015674591064e-01	1.059994027018547058e-01
1.625396847724914551e+00	9.216994792222976685e-02	1.670342832803726196e-01	1.000000000000000000e+00	6.033787131309509277e-01	1.310016065835952759e-01	1.730289608240127563e-01	8.985829353332519531e-02	2.498973608016967773e-01	1.504853665828704834e-01	3.550433740019798279e-02	4.639531373977661133e-01	4.790086448192596436e-01
1.671836733818054199e+00	5.918018892407417297e-02	3.624621927738189697e-01	1.000000000000000000e+00	6.945432424545288086e-01	1.061041355133056641e-01	1.173661798238754272e-01	2.226047366857528687e-01	2.438010871410369873e-01	2.278037816286087036e-01	1.964969187974929810e-01	3.819131255149841309e-01	3.618987202644348145e-01
1.718276619911193848e+00	6.124474480748176575e-02	5.902053713798522949e-01	1.000000000000000000e+00	1.113883256912231445e-01	5.055408477783203125e-01	4.869798198342323303e-03	1.633615046739578247e-01	2.493146061897277832e-01	1.388192623853683472e-01	1.522407680749893188e-01	4.509134292602539062e-01	5.619665384292602539e-01
1.764716506004333496e+00	6.053085327148437500e-01	9.729241579771041870e-02	1.000000000000000000e+00	2.899937629699707031e-01	1.162404939532279968e-01	4.696265161037445068e-01	9.392084926366806030e-02	2.292871326208114624e-01	8.854243159294128418e-02	5.870074033737182617e-01	1.294177770614624023e-01	4.494657814502716064e-01
1.811156511306762695e+00	8.061323165893554688e-01	1.370719820261001587e-01	1.000000000000000000e+00	3.983046859502792358e-03	5.022778511047363281e-01	1.794662177562713623e-01	6.485795974731445312e-02	2.275466024875640869e-01	5.412650480866432190e-02	2.169641554355621338e-01	6.123712286353111267e-02	1.317197978496551514e-01
1.857596397399902344e+00	4.058915078639984131e-01	8.685225844383239746e-01	1.000000000000000000e+00	2.472026497125625610e-01	2.268631458282470703e-01	1.540475487709045410e-01	3.136011064052581787e-01	6.291257143020629883e-01	4.529938101768493652e-02	8.941679447889328003e-02	1.025515571236610413e-01	8.988291621208190918e-01
1.904036283493041992e+00	4.147148877382278442e-02	1.141386404633522034e-01	1.000000000000000000e+00	7.414332032203674316e-02	7.465208768844604492e-01	5.582686048001050949e-03	1.971488445997238159e-01	2.704326212406158447e-01	4.504843801259994507e-02	1.602386534214019775e-01	4.905230551958084106e-02	9.264807105064392090e-01
1.950476169586181641e+00	3.732108175754547119e-01	1.659229546785354614e-01	1.000000000000000000e+00	4.961441084742546082e-02	3.868052363395690918e-02	1.633343696594238281e-01	4.033820331096649170e-02	3.431205153465270996e-01	1.118303537368774414e-01	2.044145576655864716e-02	1.539380848407745361e-01	8.227596431970596313e-02
1.996916055679321289e+00	8.476393818855285645e-01	2.352545857429504395e-01	1.000000000000000000e+00	9.476874768733978271e-02	3.020531311631202698e-02	4.489421844482421875e-01	7.446856796741485596e-02	2.209006845951080322e-01	7.668033242225646973e-02	6.126257777214050293e-01	1.183090582489967346e-01	8.993472903966903687e-02
2.043355941772460938e+00	9.497870504856109619e-02	1.828150004148483276e-01	1.000000000000000000e+00	5.738875865936279297e-01	1.189937815070152283e-01	8.790657669305801392e-02	7.600493729114532471e-02	2.511130273342132568e-01	1.598829776048660278e-01	2.823291346430778503e-02	2.153786569833755493e-01	4.370017051696777344e-01
2.089795827865600586e+00	2.079135179519653320e-01	3.055629879236221313e-02	1.000000000000000000e+00	8.650687932968139648e-01	4.035784304141998291e-02	1.058681309223175049e-01	1.204436942934989929e-01	2.370612323284149170e-01	2.098226398229598999e-01	1.773117184638977051e-01	5.032467469573020935e-02	1.588777899742126465e-01
2.136235713958740234e+00	1.050774604082107544e-01	1.822157651185989380e-01	1.000000000000000000e+00	1.468944698572158813e-01	5.031035542488098145e-01	3.950542211532592773e-02	5.672256276011466980e-02	2.260751426219940186e-01	8.268004655838012695e-02	1.324112713336944580e-01	4.910185188055038452e-02	9.373916983604431152e-01
2.182675838470458984e+00	3.711538314819335938e-01	1.706919819116592407e-01	1.000000000000000000e+00	1.024298891425132751e-01	2.417435199022293091e-01	8.614146709442138672e-02	3.559031710028648376e-02	2.390967160463333130e-01	6.939870119094848633e-02	2.552939951419830322e-01	5.672391876578330994e-02	8.859577775001525879e-01
2.229115724563598633e+00	1.787719428539276123e-01	7.408624142408370972e-02	1.000000000000000000e+00	2.334859371185302734e-01	2.528862059116363525e-01	7.986170798540115356e-02	1.416753511875867844e-02	2.769857048988342285e-01	7.577093690633773804e-02	1.861827224493026733e-01	5.348989367485046387e-02	9.450721740722656250e-01
2.275555610656738281e+00	9.869924187660217285e-01	8.339462429285049438e-02	1.000000000000000000e+00	7.519048452377319336e-02	1.866086125373840332e-01	2.261576205492019653e-01	2.937887907028198242e-01	2.513672411441802979e-01	6.170963495969772339e-02	5.401277542114257812e-02	3.619354367256164551e-01	7.176357507705688477e-01
2.321995496749877930e+00	9.537259936332702637e-01	4.077966213226318359e-01	1.000000000000000000e+00	1.430720239877700806e-01	1.868468523025512695e-01	3.132959902286529541e-01	1.013946905732154846e-01	2.452525645494461060e-01	1.719074100255966187e-01	3.304012417793273926e-01	9.382753819227218628e-02	6.410082578659057617e-01
2.368435382843017578e+00	7.439282536506652832e-01	3.925849497318267822e-02	1.000000000000000000e+00	1.119865253567695618e-01	2.525892555713653564e-01	1.747653186321258545e-01	4.226470738649368286e-02	2.945032715797424316e-01	1.061729267239570618e-01	1.785405278205871582e-01	9.801010787487030029e-02	8.534821867942810059e-01
2.414875268936157227e+00	8.283057212829589844e-01	1.021058037877082825e-01	1.000000000000000000e+00	4.141995683312416077e-02	5.978753790259361267e-02	1.937542855739593506e-01	3.474140167236328125e-02	2.847363948822021484e-01	4.369253292679786682e-02	2.411198988556861877e-02	1.106732934713363647e-01	7.433897256851196289e-02
2.461315155029296875e+00	3.530629575252532959e-01	5.675784945487976074e-01	1.000000000000000000e+00	4.323129355907440186e-02	8.362170308828353882e-02	1.638862937688827515e-01	8.208326697349548340e-01	2.322196364402770996e-01	7.508404552936553955e-02	3.984272852540016174e-02	1.667996942996978760e-01	3.683906495571136475e-01
2.507755041122436523e+00	9.601173996925354004e-01	3.180034458637237549e-01	9.743365049362182617e-01	4.127270877361297607e-01	1.280974298715591431e-01	5.757570862770080566e-01	1.466543823480606079e-01	2.333618253469467163e-01	8.050452172756195068e-02	6.142786517739295959e-02	1.000000000000000000e+00	2.094111889600753784e-01
2.554194927215576172e+00	3.631885349750518799e-02	3.647569417953491211e-01	1.000000000000000000e+00	2.489377111196517944e-01	2.325592190027236938e-01	3.092445246875286102e-02	1.823910772800445557e-01	2.627282440662384033e-01	9.290192276239395142e-02	4.898598492145538330e-01	4.303259775042533875e-02	8.881829977035522461e-01
2.600634813308715820e+00	4.035402834415435791e-02	1.740218997001647949e-01	1.000000000000000000e+00	9.027268737554550171e-02	8.106919378042221069e-02	4.151156637817621231e-03	1.306160986423492432e-01	2.350374758243560791e-01	6.984477490186691284e-02	5.482576042413711548e-02	2.701170444488525391e-01	2.422721534967422485e-01
2.647074937820434570e+00	3.931541144847869873e-01	1.331789195537567139e-01	1.000000000000000000e+00	3.578537702560424805e-01	1.437921822071075439e-01	1.058086603879928589e-01	3.392346501350402832e-01	2.521185576915740967e-01	1.512255370616912842e-01	6.007371470332145691e-02	1.632693409919738770e-01	5.928669571876525879e-01
2.693514823913574219e+00	5.633344054222106934e-01	6.337873637676239014e-02	1.000000000000000000e+00	6.629385985434055328e-03	2.038714736700057983e-01	1.282797157764434814e-01	1.935334205627441406e-01	3.244628310203552246e-01	8.712717145681381226e-02	3.529829159379005432e-02	6.324806809425354004e-02	7.718459963798522949e-01
2.739954710006713867e+00	6.232815980911254883e-01	1.495794802904129028e-01	1.000000000000000000e+00	7.991309762001037598e-01	8.842719346284866333e-02	1.756204515695571899e-01	9.188984334468841553e-02	2.534778416156768799e-01	2.075108289718627930e-01	2.324168384075164795e-01	1.514086425304412842e-01	3.442101180553436279e-01
2.786394596099853516e+00	7.626604437828063965e-01	1.395950466394424438e-01	1.000000000000000000e+00	2.717136144638061523e-01	1.377293560653924942e-02	1.876925379037857056e-01	4.268009588122367859e-02	3.682579100131988525e-01	8.791912347078323364e-02	3.471131026744842529e-01	2.898531258106231689e-01	1.706184819340705872e-02
2.832834482192993164e+00	5.158551931381225586e-01	6.742243170738220215e-01	1.000000000000000000e+00	6.320078670978546143e-02	4.041002690792083740e-02	1.851981431245803833e-01	4.033800661563873291e-01	2.156111449003219604e-01	1.317865401506423950e-02	8.207137584686279297e-01	5.903131514787673950e-02	9.521313756704330444e-02
2.879274368286132812e+00	9.529346823692321777e-01	7.653261721134185791e-02	1.000000000000000000e+00	3.212599456310272217e-01	2.504208385944366455e-01	2.334056496620178223e-01	2.640380710363388062e-02	2.770167887210845947e-01	3.298239707946777344e-01	3.626752644777297974e-02	8.086404949426651001e-02	9.700964689254760742e-01
2.925714254379272461e+00	5.490907430648803711e-01	6.785330176353454590e-02	1.000000000000000000e+00	6.488195061683654785e-01	3.616957738995552063e-02	1.581275612115859985e-01	1.030000764876604080e-02	2.324891388416290283e-01	3.797699511051177979e-01	7.989919930696487427e-02	7.752338051795959473e-02	4.286042600870132446e-02
2.972154140472412109e+00	2.992786467075347900e-02	5.499804764986038208e-02	1.000000000000000000e+00	5.090746283531188965e-01	9.394035488367080688e-02	1.125599816441535950e-02	8.536706678569316864e-03	2.391185313463211060e-01	2.991039752960205078e-01	1.828415840864181519e-01	4.885444790124893188e-02	3.077683448791503906e-01
3.018594026565551758e+00	3.970439732074737549e-02	4.102776348590850830e-01	1.000000000000000000e+00	1.579712331295013428e-02	9.755300730466842651e-02	5.763280987739562988e-01	9.416529536247253418e-02	2.604141235351562500e-01	7.123639225028455257e-04	1.211709082126617432e-01	1.606175005435943604e-01	3.452364802360534668e-01
3.065033912658691406e+00	5.563145130872726440e-02	1.560702454298734665e-03	1.000000000000000000e+00	1.940919905900955200e-01	1.054665222764015198e-01	2.336565777659416199e-02	5.176706984639167786e-02	2.204709500074386597e-01	2.378985472023487091e-02	5.722795128822326660e-01	8.914062976837158203e-01	3.577111065387725830e-01
3.111474037170410156e+00	8.775097876787185669e-02	5.029743313789367676e-01	1.000000000000000000e+00	5.888332054018974304e-02	8.946979641914367676e-01	1.777767390012741089e-02	1.562843322753906250e-01	2.416318655014038086e-01	2.637498974800109863e-01	5.977492332458496094e-01	2.502983212471008301e-01	4.124212563037872314e-01
3.157913923263549805e+00	3.707070052623748779e-01	6.944146752357482910e-02	9.997753500938415527e-01	4.536617919802665710e-02	1.519993692636489868e-02	1.000000000000000000e+00	4.873956204392015934e-04	2.859504222869873047e-01	3.098958695773035288e-04	7.023732643574476242e-03	2.572347521781921387e-01	1.945098483702167869e-04
3.204353809356689453e+00	5.661100149154663086e-02	2.470565028488636017e-03	1.000000000000000000e+00	9.403399308212101460e-04	9.828820228576660156e-01	2.239682653453201056e-04	6.461605662479996681e-04	2.377720326185226440e-01	2.300841442774981260e-04	2.428944259881973267e-01	4.437302425503730774e-02	3.151902637910097837e-04
3.250793695449829102e+00	5.740404501557350159e-02	1.740925945341587067e-03	1.000000000000000000e+00	8.441319223493337631e-04	9.827224016189575195e-01	2.208163496106863022e-04	4.504164098761975765e-04	2.369232326745986938e-01	2.098140248563140631e-04	2.426088303327560425e-01	4.419520869851112366e-02	2.645546919666230679e-04
3.297233581542968750e+00	8.737597465515136719e-01	1.455953577533364296e-03	1.000000000000000000e+00	1.516298856586217880e-02	6.549711823463439941e-01	2.139137387275695801e-01	3.610656131058931351e-04	2.298073172569274902e-01	1.830738782882690430e-02	6.755473613739013672e-01	6.613725423812866211e-02	2.190945961046963930e-04
3.343673467636108398e+00	9.701224565505981445e-01	9.184007644653320312e-01	1.000000000000000000e+00	1.988187134265899658e-01	1.696840226650238037e-01	2.526952028274536133e-01	2.273362427949905396e-01	5.809279680252075195e-01	2.555152177810668945e-01	5.810895562171936035e-01	7.211626321077346802e-02	2.979938089847564697e-01
3.390113353729248047e+00	1.000000000000000000e+00	3.508526384830474854e-01	6.595964431762695312e-01	2.261964976787567139e-02	1.829566061496734619e-01	2.535244226455688477e-01	1.747680306434631348e-01	1.674142479896545410e-01	4.065314531326293945e-01	5.915731787681579590e-01	7.104043662548065186e-02	6.437793970108032227e-01
3.436553239822387695e+00	1.000000000000000000e+00	3.625345826148986816e-01	4.420782253146171570e-02	6.396602988243103027e-01	4.326176363974809647e-03	2.781375646591186523e-01	1.153493598103523254e-01	6.331560611724853516e-01	1.646888703107833862e-01	1.154150366783142090e-01	4.832488000392913818e-01	5.319318547844886780e-02
3.482993125915527344e+00	1.000000000000000000e+00	1.987592428922653198e-01	5.635327845811843872e-02	2.048449069261550903e-01	1.435772283002734184e-03	3.118920326232910156e-01	7.421891391277313232e-02	2.203098088502883911e-01	7.019479572772979736e-02	9.697324037551879883e-02	7.858704924583435059e-01	5.524083506315946579e-03
3.529433012008666992e+00	1.000000000000000000e+00	1.590038388967514038e-01	3.790322691202163696e-02	3.382747620344161987e-02	6.910925265401601791e-03	2.277285158634185791e-01	1.214414313435554504e-01	4.664517939090728760e-03	6.830348819494247437e-02	4.296007752418518066e-02	1.662011742591857910e-01	1.918797940015792847e-02
3.575872898101806641e+00	1.000000000000000000e+00	1.404678523540496826e-01	5.776716470718383789e-01	1.716125160455703735e-01	3.598569706082344055e-02	2.319597452878952026e-01	1.417511105537414551e-01	1.347028613090515137e-01	7.702624797821044922e-02	1.470048446208238602e-02	7.365403771400451660e-01	7.609724998474121094e-02
3.622313022613525391e+00	1.000000000000000000e+00	5.791207551956176758e-01	9.021693468093872070e-02	2.516062557697296143e-01	4.353928565979003906e-02	4.135308265686035156e-01	2.039836645126342773e-01	1.292546093463897705e-01	9.328734874725341797e-02	3.514998257160186768e-01	9.756240248680114746e-01	8.042969554662704468e-02
3.668752908706665039e+00	1.000000000000000000e+00	4.242209717631340027e-02	7.519657164812088013e-02	3.017217619344592094e-03	1.644322089850902557e-02	2.387777417898178101e-01	1.395438611507415771e-02	9.239894337952136993e-03	2.327316403388977051e-01	2.246363908052444458e-01	3.819921612739562988e-02	2.205813070759177208e-03
3.715192794799804688e+00	1.000000000000000000e+00	8.653091788291931152e-01	3.139620274305343628e-02	2.883791364729404449e-02	1.364308875054121017e-02	2.321026474237442017e-01	2.147170454263687134e-01	2.148577719926834106e-01	7.122334837913513184e-02	4.428918287158012390e-02	3.129371255636215210e-02	5.077704414725303650e-02
3.761632680892944336e+00	1.000000000000000000e+00	5.559863522648811340e-02	2.928126454353332520e-01	1.421016305685043335e-01	9.944279491901397705e-02	2.928484380245208740e-01	3.857689350843429565e-02	6.369800865650177002e-02	1.478630602359771729e-01	5.671104788780212402e-01	2.300810962915420532e-01	3.426124155521392822e-01
3.808072566986083984e+00	9.258210062980651855e-01	2.325231581926345825e-01	7.705227732658386230e-01	1.000000000000000000e+00	2.391162142157554626e-02	7.276704907417297363e-01	6.598225980997085571e-02	2.279038280248641968e-01	2.703462541103363037e-01	1.392556130886077881e-01	3.551590740680694580e-01	6.242669746279716492e-02
3.854512453079223633e+00	2.547929584980010986e-01	4.349805712699890137e-01	1.386850476264953613e-01	1.000000000000000000e+00	4.335596561431884766e-01	1.861083656549453735e-01	3.786351084709167480e-01	2.516935206949710846e-02	2.864511609077453613e-01	1.298146843910217285e-01	6.001733541488647461e-01	1.439021676778793335e-01
3.900952339172363281e+00	1.358997970819473267e-01	1.793559640645980835e-01	3.748854249715805054e-02	1.000000000000000000e+00	1.044369768351316452e-02	5.970386415719985962e-02	2.820963263511657715e-01	1.346641313284635544e-02	2.462511062622070312e-01	6.257995963096618652e-02	6.325363181531429291e-03	1.217459142208099365e-01
3.947392225265502930e+00	9.544150829315185547e-01	8.406209200620651245e-02	8.668772578239440918e-01	1.000000000000000000e+00	2.314192503690719604e-01	2.567942738533020020e-01	4.880108833312988281e-01	2.884585857391357422e-01	3.552634716033935547e-01	8.410582691431045532e-02	9.416466951370239258e-02	9.360064864158630371e-01
3.993832111358642578e+00	3.290914893150329590e-01	8.646290898323059082e-01	1.505177915096282959e-01	1.000000000000000000e+00	2.612981200218200684e-01	9.809372574090957642e-02	3.172154724597930908e-01	2.835555002093315125e-02	3.917968273162841797e-01	1.350438892841339111e-01	2.922184951603412628e-02	1.027926877140998840e-01
4.040272235870361328e+00	2.565926685929298401e-02	6.943385601043701172e-01	1.208206489682197571e-01	1.000000000000000000e+00	1.401955913752317429e-02	2.159454300999641418e-02	1.888614743947982788e-01	5.688803642988204956e-02	2.364653199911117554e-01	6.483706086874008179e-02	6.369272619485855103e-02	7.094215601682662964e-02
4.086711883544921875e+00	1.646281182765960693e-01	1.000000000000000000e+00	2.850720100104808807e-02	9.901117086410522461e-01	4.711739420890808105e-01	5.743426829576492310e-02	2.491808384656906128e-01	4.319523926824331284e-03	3.211513459682464600e-01	2.053579837083816528e-01	8.267764002084732056e-03	1.162402331829071045e-01
4.133152008056640625e+00	3.604352176189422607e-01	2.296634912490844727e-01	8.753831386566162109e-01	1.000000000000000000e+00	4.464722052216529846e-02	2.282466441392898560e-01	9.866435080766677856e-02	2.947824299335479736e-01	2.408030778169631958e-01	2.806956507265567780e-02	1.644562333822250366e-01	8.383253216743469238e-02
4.179591655731201172e+00	1.853703260421752930e-01	2.593389153480529785e-01	7.696055173873901367e-01	1.000000000000000000e+00	1.297545731067657471e-01	8.828826993703842163e-02	1.188408732414245605e-01	2.772417068481445312e-01	4.569472670555114746e-01	2.449092864990234375e-01	2.610125541687011719e-01	4.403724670410156250e-01
4.226031780242919922e+00	9.607118368148803711e-02	7.280439734458923340e-01	1.000000000000000000e+00	3.436243832111358643e-01	9.959208965301513672e-01	3.381636738777160645e-02	2.319339364767074585e-01	2.560641467571258545e-01	2.227353006601333618e-01	2.427064180374145508e-01	1.400382667779922485e-01	8.575809597969055176e-01
4.272471427917480469e+00	4.346249401569366455e-01	1.354874372482299805e-01	1.000000000000000000e+00	5.124158859252929688e-01	9.717974066734313965e-02	4.055021703243255615e-01	2.267091348767280579e-02	2.464982271194458008e-01	1.603433787822723389e-01	2.978001534938812256e-01	1.440953612327575684e-01	3.676046729087829590e-01
4.318911552429199219e+00	9.679624438285827637e-01	2.727328538894653320e-01	1.000000000000000000e+00	7.370693236589431763e-02	1.281693428754806519e-01	3.052696585655212402e-01	6.875498592853546143e-02	2.552604973316192627e-01	1.050475612282752991e-01	3.078502416610717773e-02	2.752757370471954346e-01	4.420029819011688232e-01
4.365351676940917969e+00	8.998610824346542358e-02	9.839096069335937500e-01	1.000000000000000000e+00	1.669729948043823242e-01	4.647832363843917847e-02	2.904118411242961884e-02	6.219709515571594238e-01	2.339900881052017212e-01	4.904316365718841553e-02	3.876774013042449951e-02	6.830174922943115234e-01	1.322814673185348511e-01
4.411791324615478516e+00	9.187995195388793945e-01	2.752726376056671143e-01	6.954994797706604004e-01	7.041718810796737671e-02	4.912790954113006592e-01	2.490556389093399048e-01	3.653355538845062256e-01	1.722712814807891846e-01	7.497294992208480835e-02	1.000000000000000000e+00	4.997287690639495850e-02	7.306334972381591797e-01
4.458231449127197266e+00	1.000000000000000000e+00	9.355682730674743652e-01	1.808477044105529785e-01	6.381016224622726440e-02	1.385078579187393188e-01	2.383901178836822510e-01	2.748914659023284912e-01	3.017436861991882324e-01	4.949026927351951599e-02	5.978292822837829590e-01	2.984441258013248444e-02	2.570872902870178223e-01
4.504671096801757812e+00	1.000000000000000000e+00	5.983126163482666016e-01	5.612370744347572327e-02	1.209500506520271301e-01	1.395162427797913551e-03	2.460014671087265015e-01	1.816633343696594238e-01	4.655544757843017578e-01	5.359628796577453613e-02	1.099823564291000366e-01	3.556092381477355957e-01	2.230999059975147247e-02
4.551111221313476562e+00	1.000000000000000000e+00	3.650354146957397461e-01	1.384958028793334961e-01	3.316801190376281738e-01	1.191364321857690811e-02	2.648965120315551758e-01	1.382549405097961426e-01	2.539108134806156158e-02	9.613671153783798218e-02	3.553006052970886230e-01	8.409913182258605957e-01	3.154003247618675232e-02
4.597550868988037109e+00	1.000000000000000000e+00	5.256402492523193359e-01	4.107999503612518311e-01	5.088975429534912109e-01	6.831932663917541504e-01	3.769585788249969482e-01	3.818789124488830566e-01	1.038920953869819641e-01	4.804207980632781982e-01	4.018168747425079346e-01	9.342972636222839355e-01	1.435366868972778320e-01
4.643990993499755859e+00	5.730612277984619141e-01	7.776933256536722183e-03	1.687266677618026733e-01	2.491178065538406372e-01	1.100413948297500610e-01	1.448870897293090820e-01	2.299354374408721924e-01	4.977684020996093750e-01	6.419058889150619507e-02	5.848591327667236328e-01	1.000000000000000000e+00	4.350337386131286621e-02
4.690430641174316406e+00	6.869418919086456299e-02	2.901799082756042480e-01	4.691288620233535767e-02	2.407928556203842163e-01	1.915105804800987244e-02	3.547355532646179199e-01	9.722658991813659668e-02	1.752839982509613037e-01	2.405592203140258789e-01	7.019165158271789551e-02	1.000000000000000000e+00	8.990669623017311096e-03
4.736870765686035156e+00	1.041635498404502869e-01	4.218529537320137024e-02	4.515228867530822754e-01	2.504538297653198242e-01	3.741193711757659912e-01	8.996714651584625244e-02	5.057511851191520691e-02	3.585548400878906250e-01	3.252993151545524597e-02	8.743051886558532715e-01	1.000000000000000000e+00	1.237086057662963867e-01
4.783310890197753906e+00	5.804410576820373535e-01	3.450255095958709717e-02	7.445950806140899658e-02	2.376661449670791626e-01	4.707095399498939514e-02	1.144888401031494141e-01	2.789247632026672363e-01	9.304951429367065430e-01	4.303970187902450562e-02	9.560945443809032440e-03	1.000000000000000000e+00	1.667597740888595581e-01
4.829750537872314453e+00	1.371386647224426270e-01	1.124390661716461182e-01	5.879178643226623535e-01	2.044932991266250610e-01	1.678690165281295776e-01	7.667456865310668945e-01	5.123827233910560608e-02	2.872957289218902588e-01	4.545498490333557129e-01	1.765792667865753174e-01	1.000000000000000000e+00	3.357918560504913330e-01
4.876190662384033203e+00	5.161057114601135254e-01	2.618069350719451904e-01	5.508136749267578125e-02	3.100010156631469727e-01	2.568590342998504639e-01	9.970444440841674805e-02	8.706694096326828003e-02	9.504824280738830566e-01	8.918275237083435059e-01	1.855325996875762939e-01	1.000000000000000000e+00	1.514050811529159546e-01
4.922630310058593750e+00	9.291792660951614380e-02	8.313634991645812988e-01	3.437877446413040161e-02	2.662780582904815674e-01	8.346505463123321533e-02	1.503011863678693771e-02	8.253309130668640137e-01	6.074492260813713074e-02	3.543184399604797363e-01	6.272824108600616455e-02	1.000000000000000000e+00	3.211926221847534180e-01
4.969070434570312500e+00	2.966048419475555420e-01	2.550489827990531921e-02	1.642423719167709351e-01	2.413628548383712769e-01	2.338029444217681885e-01	2.219612598419189453e-01	5.059517174959182739e-02	6.291145831346511841e-02	1.072440817952156067e-01	2.976875901222229004e-01	1.000000000000000000e+00	7.962957620620727539e-01
5.015510082244873047e+00	2.101005762815475464e-01	5.539405345916748047e-01	7.800207138061523438e-01	3.109832406044006348e-01	3.071866035461425781e-01	7.077250629663467407e-02	2.472637295722961426e-01	6.334713697433471680e-01	5.587929114699363708e-02	6.349611282348632812e-01	1.000000000000000000e+00	5.085622668266296387e-01
5.061950206756591797e+00	1.000000000000000000e+00	1.013865768909454346e-01	9.991719722747802734e-01	3.679297864437103271e-02	2.584758996963500977e-01	2.589524090290069580e-01	1.306739598512649536e-01	2.448812127113342285e-01	7.113542407751083374e-02	8.397282361984252930e-01	1.367919147014617920e-01	8.823105096817016602e-01
5.108389854431152344e+00	1.000000000000000000e+00	7.547268271446228027e-01	3.402673453092575073e-02	7.275420427322387695e-01	2.594549059867858887e-01	2.331776022911071777e-01	2.276578992605209351e-01	2.069894457235932350e-03	6.245741248130798340e-01	9.226153790950775146e-02	5.268620252609252930e-01	5.139658227562904358e-02
5.154829978942871094e+00	1.000000000000000000e+00	5.617209076881408691e-01	6.376143544912338257e-02	1.786936223506927490e-01	1.202977541834115982e-02	3.306030929088592529e-01	1.705764234066009521e-01	1.279845274984836578e-02	1.054237931966781616e-01	1.381501853466033936e-01	7.716627120971679688e-01	1.689185202121734619e-02
5.201269626617431641e+00	1.000000000000000000e+00	1.230174750089645386e-01	1.863211989402770996e-01	2.740431949496269226e-02	1.333348918706178665e-02	2.827383577823638916e-01	1.006103903055191040e-01	2.860914170742034912e-02	8.094536513090133667e-02	5.800766944885253906e-01	4.800074547529220581e-02	5.221243575215339661e-02
5.247709751129150391e+00	1.000000000000000000e+00	1.456742137670516968e-01	2.298132330179214478e-01	1.914075016975402832e-01	5.902615189552307129e-02	2.468428611755371094e-01	1.052806600928306580e-01	1.035096421837806702e-01	7.166707515716552734e-02	5.779621601104736328e-01	8.467150330543518066e-01	1.429993510246276855e-01
5.294149875640869141e+00	1.000000000000000000e+00	5.008141994476318359e-01	1.051585301756858826e-01	2.620325684547424316e-01	3.164280578494071960e-02	2.333992123603820801e-01	1.681271344423294067e-01	3.428805768489837646e-01	9.812832623720169067e-02	4.062171876430511475e-01	9.610393047332763672e-01	7.551009953022003174e-02
5.340589523315429688e+00	1.000000000000000000e+00	8.157468587160110474e-02	7.590929418802261353e-02	9.120303206145763397e-03	6.177806854248046875e-02	2.390428185462951660e-01	1.197476871311664581e-02	2.151591889560222626e-02	3.947713375091552734e-01	1.452392637729644775e-01	6.176627427339553833e-02	3.218775615096092224e-02
5.387029647827148438e+00	1.000000000000000000e+00	9.579082131385803223e-01	2.558728680014610291e-02	5.595754459500312805e-02	7.398697547614574432e-03	2.292614430189132690e-01	2.228134423494338989e-01	1.870724707841873169e-01	6.545552611351013184e-02	6.681473553180694580e-02	9.157072007656097412e-02	3.561107814311981201e-02
5.433469295501708984e+00	1.000000000000000000e+00	5.445605516433715820e-02	1.772562414407730103e-01	1.390142440795898438e-01	7.025980949401855469e-02	4.824315309524536133e-01	3.418971598148345947e-02	5.401976704597473145e-01	6.887128949165344238e-02	6.520962119102478027e-01	2.307800054550170898e-01	2.728579938411712646e-01
5.479909420013427734e+00	9.322075843811035156e-01	3.479170426726341248e-02	2.232074886560440063e-01	2.702102959156036377e-01	1.339900046586990356e-01	2.205027490854263306e-01	1.815268546342849731e-01	8.416582345962524414e-01	9.288168698549270630e-02	7.770858407020568848e-01	1.000000000000000000e+00	2.800043672323226929e-02
5.526349067687988281e+00	8.756726235151290894e-02	5.024154782295227051e-01	2.053843811154365540e-02	2.359754592180252075e-01	2.455249987542629242e-02	2.572407424449920654e-01	1.640468984842300415e-01	1.543610990047454834e-01	2.696444690227508545e-01	1.102327033877372742e-01	1.000000000000000000e+00	1.614715531468391418e-02
5.572789192199707031e+00	7.519381493330001831e-02	7.948946952819824219e-02	3.739942014217376709e-01	2.367901504039764404e-01	2.723350562155246735e-02	2.215517163276672363e-01	5.582471191883087158e-02	1.972575336694717407e-01	2.230885177850723267e-01	9.534843564033508301e-01	1.000000000000000000e+00	1.020060926675796509e-01
5.619228839874267578e+00	7.319235801696777344e-01	3.359892964363098145e-02	8.694387972354888916e-02	2.154755741357803345e-01	6.079742312431335449e-02	1.495665609836578369e-01	2.493295669555664062e-01	7.566351294517517090e-01	6.527360528707504272e-02	2.302236482501029968e-02	1.000000000000000000e+00	1.421932280063629150e-01
5.665668964385986328e+00	7.447247952222824097e-02	4.566436707973480225e-01	2.606804966926574707e-01	3.191375136375427246e-01	6.137219816446304321e-02	7.284501940011978149e-02	1.000000000000000000e+00	3.034287877380847931e-02	7.486951947212219238e-01	8.981188535690307617e-01	7.875068783760070801e-01	2.561767101287841797e-01
5.712108612060546875e+00	7.399500161409378052e-02	8.057421445846557617e-02	4.336414337158203125e-01	2.312515079975128174e-01	2.096561044454574585e-01	6.125890091061592102e-02	8.790315389633178711e-01	6.746858358383178711e-02	2.090276777744293213e-01	9.928246736526489258e-01	1.000000000000000000e+00	2.242740094661712646e-01
5.758548736572265625e+00	4.848746359348297119e-01	4.657434672117233276e-02	2.346142828464508057e-01	5.950582399964332581e-02	4.053258597850799561e-01	7.463551759719848633e-01	2.611218690872192383e-01	6.889054924249649048e-02	2.823116257786750793e-02	1.000000000000000000e+00	2.494990378618240356e-01	1.092135608196258545e-01
5.804988861083984375e+00	1.126618012785911560e-01	1.018208712339401245e-01	2.348038256168365479e-01	2.462110854685306549e-02	2.014726847410202026e-01	9.119331091642379761e-02	4.522290825843811035e-01	4.553864002227783203e-01	2.095841336995363235e-03	1.000000000000000000e+00	1.396362297236919403e-02	3.934746980667114258e-01
5.851428508758544922e+00	5.668189376592636108e-02	2.345159053802490234e-01	6.699510812759399414e-01	1.796554177999496460e-01	8.476904034614562988e-02	6.513591110706329346e-02	1.000000000000000000e+00	2.656787633895874023e-01	1.045536994934082031e-01	9.922496676445007324e-01	2.956464588642120361e-01	3.883853256702423096e-01
5.897868633270263672e+00	3.132896870374679565e-02	1.708697825670242310e-01	4.408095777034759521e-01	6.772441416978836060e-02	2.252409607172012329e-01	7.661928236484527588e-02	5.783701539039611816e-01	1.080671921372413635e-01	6.730471253395080566e-01	1.000000000000000000e+00	3.833025321364402771e-02	6.549980640411376953e-01
5.944308280944824219e+00	2.456843703985214233e-01	5.857468582689762115e-03	2.666482627391815186e-01	2.948178164660930634e-02	4.424648284912109375e-01	9.019666165113449097e-02	3.698111772537231445e-01	3.517566919326782227e-01	4.063088819384574890e-02	1.000000000000000000e+00	3.788743540644645691e-02	1.160178855061531067e-01
5.990748405456542969e+00	3.207458555698394775e-02	2.499759793281555176e-01	2.136131525039672852e-01	1.652763038873672485e-02	3.940412104129791260e-01	6.658786535263061523e-02	1.126783788204193115e-01	2.394321002066135406e-02	5.803539752960205078e-01	1.000000000000000000e+00	7.590140402317047119e-02	6.047209724783897400e-02
6.037188053131103516e+00	6.880609989166259766e-01	3.335936963558197021e-01	3.136845231056213379e-01	2.387229651212692261e-01	4.233213514089584351e-02	4.398126602172851562e-01	4.260253906250000000e-01	4.360574111342430115e-02	1.116538792848587036e-01	1.000000000000000000e+00	2.345117330551147461e-01	2.347650974988937378e-01
6.083628177642822266e+00	2.443494647741317749e-01	1.778511144220829010e-02	4.712630510330200195e-01	1.594224274158477783e-01	8.323130756616592407e-02	3.888672888278961182e-01	1.924441307783126831e-01	1.000000000000000000e+00	1.488939579576253891e-02	4.186443090438842773e-01	5.362418889999389648e-01	1.719259023666381836e-01
6.130067825317382812e+00	2.637053132057189941e-01	2.503640949726104736e-01	1.111537218093872070e-02	7.294427603483200073e-02	1.261991262435913086e-01	3.127762973308563232e-01	1.308477669954299927e-01	1.000000000000000000e+00	3.932789340615272522e-02	1.057559400796890259e-01	6.560258567333221436e-02	5.579982399940490723e-01
6.176507949829101562e+00	4.368450343608856201e-01	9.797307848930358887e-01	7.749510556459426880e-02	1.173154786229133606e-01	5.342224836349487305e-01	8.376411348581314087e-02	4.372497797012329102e-01	1.000000000000000000e+00	1.514797210693359375e-01	3.821095526218414307e-01	3.106034994125366211e-01	1.187325641512870789e-01
6.222948074340820312e+00	2.436362355947494507e-01	6.890042219310998917e-03	6.983027458190917969e-01	1.080951169133186340e-01	2.781316451728343964e-02	1.316354572772979736e-01	3.265547100454568863e-03	1.000000000000000000e+00	1.907879859209060669e-02	6.583943963050842285e-02	2.608892023563385010e-01	5.330634769052267075e-03
6.269387722015380859e+00	2.181660681962966919e-01	1.598539296537637711e-03	8.889001607894897461e-01	5.358557775616645813e-02	5.936202034354209900e-02	8.326286077499389648e-02	1.174921393394470215e-01	1.000000000000000000e+00	1.408867351710796356e-02	4.821883738040924072e-01	9.986418485641479492e-02	4.419844970107078552e-02
6.315827846527099609e+00	2.348337918519973755e-01	4.828113690018653870e-02	1.854647994041442871e-01	6.202342733740806580e-02	1.723213344812393188e-01	3.746996819972991943e-02	8.768782019615173340e-01	1.000000000000000000e+00	3.295661881566047668e-02	1.192323863506317139e-01	1.320410240441560745e-02	8.533448576927185059e-01
6.362267494201660156e+00	2.291049957275390625e-01	7.322176694869995117e-01	6.033453345298767090e-01	1.981979757547378540e-01	3.202153742313385010e-01	2.713003754615783691e-02	1.732278913259506226e-01	1.000000000000000000e+00	6.069225072860717773e-01	1.106368526816368103e-01	6.696276068687438965e-01	5.524239316582679749e-02
6.408707618713378906e+00	2.229614704847335815e-01	8.672801405191421509e-02	7.846023440361022949e-01	1.738992035388946533e-01	2.754158154129981995e-02	2.622710354626178741e-02	1.458573192358016968e-01	1.000000000000000000e+00	2.424098178744316101e-02	4.763116687536239624e-02	5.132631063461303711e-01	2.887484245002269745e-02
6.455147266387939453e+00	9.875336885452270508e-01	8.667063713073730469e-02	4.393215477466583252e-01	7.006964832544326782e-02	4.139676690101623535e-01	3.392315208911895752e-01	3.332351520657539368e-02	1.000000000000000000e+00	3.703901469707489014e-01	1.161981970071792603e-01	1.641288846731185913e-01	3.376314043998718262e-02
6.501587390899658203e+00	2.382380217313766479e-01	8.790885210037231445e-01	1.195930689573287964e-01	8.088255673646926880e-02	6.557691097259521484e-02	3.507524728775024414e-02	3.053058087825775146e-01	1.000000000000000000e+00	3.510431945323944092e-02	1.149340942502021790e-01	7.557410746812820435e-02	2.108585983514785767e-01
6.548027038574218750e+00	2.706738114356994629e-01	7.965172529220581055e-01	4.837939143180847168e-02	1.010298505425453186e-01	9.066760540008544922e-03	4.276126995682716370e-02	2.035924941301345825e-01	1.000000000000000000e+00	5.124843213707208633e-03	1.171243339776992798e-01	5.736684054136276245e-02	5.522147193551063538e-02
6.594467163085937500e+00	3.137848079204559326e-01	3.568796440958976746e-02	4.213260710239410400e-01	2.674099206924438477e-01	5.042297765612602234e-02	1.199403032660484314e-01	6.369935721158981323e-02	1.000000000000000000e+00	5.545992404222488403e-02	5.801653489470481873e-02	9.327046275138854980e-01	3.731153160333633423e-02
6.640906810760498047e+00	1.000000000000000000e+00	4.575209617614746094e-01	7.212488651275634766e-01	7.509054988622665405e-02	1.615046262741088867e-01	6.842545866966247559e-01	1.046907752752304077e-01	9.996500611305236816e-01	9.950142353773117065e-02	1.097207218408584595e-01	2.070183604955673218e-01	6.072226762771606445e-01
6.687346935272216797e+00	3.166540265083312988e-01	8.049460053443908691e-01	2.611614763736724854e-01	2.115210443735122681e-01	2.420842349529266357e-01	1.785066574811935425e-01	9.071481227874755859e-01	4.068589210510253906e-01	5.520595312118530273e-01	1.000000000000000000e+00	6.291614770889282227e-01	2.473969757556915283e-01
6.733787059783935547e+00	5.567373707890510559e-02	1.677790284156799316e-01	4.365986585617065430e-01	7.175866514444351196e-02	3.295160531997680664e-01	6.030472740530967712e-02	7.623455524444580078e-01	1.222109422087669373e-01	6.691496968269348145e-01	1.000000000000000000e+00	3.614129498600959778e-02	6.362361907958984375e-01
6.780226707458496094e+00	5.648903846740722656e-01	8.868400473147630692e-04	2.553800940513610840e-01	2.021705918014049530e-02	6.569140553474426270e-01	1.791643500328063965e-01	4.591092467308044434e-01	5.489339306950569153e-02	3.576290979981422424e-02	1.000000000000000000e+00	6.087693199515342712e-02	1.580328941345214844e-01
6.826666831970214844e+00	8.501543663442134857e-03	2.077333927154541016e-01	2.310544997453689575e-01	1.380307525396347046e-01	4.039435833692550659e-02	6.275377422571182251e-02	1.237519308924674988e-01	3.501344472169876099e-02	6.163223385810852051e-01	1.000000000000000000e+00	4.622916504740715027e-02	5.824828520417213440e-02
6.873106479644775391e+00	8.895036578178405762e-02	1.327249407768249512e-02	3.152808845043182373e-01	5.819375813007354736e-02	3.062405437231063843e-02	7.050576061010360718e-02	6.320385336875915527e-01	5.371702462434768677e-02	7.231505215167999268e-02	1.000000000000000000e+00	5.857730284333229065e-02	2.044228911399841309e-01
6.919546604156494141e+00	1.087918728590011597e-01	1.353267282247543335e-01	4.859057068824768066e-01	5.274740234017372131e-02	7.677819579839706421e-02	6.514830589294433594e-01	9.986938834190368652e-01	1.793438196182250977e-01	3.296400308609008789e-01	1.000000000000000000e+00	2.113506644964218140e-01	2.727942168712615967e-01
6.965986251831054688e+00	3.576805070042610168e-02	3.149138763546943665e-02	2.592536211013793945e-01	4.082340747117996216e-02	2.827910520136356354e-02	6.541732698678970337e-02	6.268296241760253906e-01	4.755992442369461060e-02	1.353904157876968384e-01	1.000000000000000000e+00	2.834107540547847748e-02	1.763953566551208496e-01
7.012426376342773438e+00	4.605692997574806213e-02	4.535370692610740662e-02	3.224245607852935791e-01	6.187119521200656891e-03	2.328918874263763428e-02	5.745656415820121765e-02	8.812718093395233154e-02	1.791263222694396973e-01	6.383987516164779663e-02	1.000000000000000000e+00	5.138615891337394714e-02	4.126052930951118469e-02
7.058866024017333984e+00	7.627847045660018921e-02	6.959846615791320801e-02	3.591322302818298340e-01	2.641144674271345139e-03	3.457441627979278564e-01	1.021549254655838013e-01	1.266534719616174698e-02	1.917761415243148804e-01	2.877939343452453613e-01	1.000000000000000000e+00	3.751614317297935486e-02	1.918984390795230865e-02
7.105306148529052734e+00	2.613486647605895996e-01	1.333632320165634155e-02	4.407628178596496582e-01	3.912894800305366516e-02	8.123324066400527954e-02	1.244848594069480896e-01	2.566536664962768555e-01	1.415829807519912720e-01	3.265262022614479065e-02	1.000000000000000000e+00	1.296970844268798828e-01	2.817136645317077637e-01
7.151745796203613281e+00	1.000000000000000000e+00	5.437835454940795898e-01	5.707962512969970703e-01	5.963128805160522461e-02	1.942110061645507812e-01	2.584049403667449951e-01	1.712927073240280151e-01	5.513979792594909668e-01	4.477943852543830872e-02	8.839126229286193848e-01	6.146984174847602844e-02	6.579065918922424316e-01
7.198185920715332031e+00	1.000000000000000000e+00	1.778353452682495117e-01	1.967880725860595703e-01	4.370179176330566406e-01	4.768858104944229126e-02	2.859569191932678223e-01	9.708069264888763428e-02	3.495652601122856140e-02	3.979901373386383057e-01	2.437601983547210693e-01	6.760651469230651855e-01	3.352691978216171265e-02
7.244626045227050781e+00	1.000000000000000000e+00	3.048667907714843750e-01	1.595249176025390625e-01	2.948745191097259521e-01	1.562745124101638794e-02	3.406457602977752686e-01	8.672854304313659668e-02	2.817925252020359039e-02	2.982947230339050293e-01	4.708606898784637451e-01	5.338072776794433594e-01	2.654387615621089935e-02
7.291065692901611328e+00	1.000000000000000000e+00	9.110970795154571533e-02	5.070525407791137695e-02	2.703114040195941925e-02	1.171853579580783844e-02	3.227745890617370605e-01	3.651492670178413391e-02	6.966884434223175049e-02	4.926835373044013977e-02	1.531358435750007629e-02	5.739124491810798645e-02	3.442054241895675659e-02
7.337505817413330078e+00	1.000000000000000000e+00	7.942140698432922363e-01	1.237106919288635254e-01	1.299185454845428467e-01	6.552217155694961548e-02	2.198939025402069092e-01	3.013630509376525879e-01	2.530732005834579468e-02	6.241391226649284363e-02	1.399751454591751099e-01	6.346572041511535645e-01	7.953053712844848633e-02
7.383945465087890625e+00	1.000000000000000000e+00	5.902478694915771484e-01	7.432185858488082886e-02	3.869114816188812256e-01	5.033399537205696106e-02	2.377549558877944946e-01	2.360501587390899658e-01	4.635718464851379395e-01	1.075867265462875366e-01	2.832063734531402588e-01	9.105350971221923828e-01	1.682534068822860718e-01
7.430385589599609375e+00	1.000000000000000000e+00	5.399908404797315598e-03	1.258432865142822266e-01	2.277910709381103516e-03	5.174741614609956741e-03	2.455164194107055664e-01	2.015101350843906403e-02	2.105863392353057861e-02	6.990192830562591553e-02	2.907503843307495117e-01	3.333199024200439453e-02	1.797974482178688049e-02
7.476825237274169922e+00	1.000000000000000000e+00	9.540193676948547363e-01	3.006560169160366058e-02	5.706964805722236633e-02	5.032348912209272385e-03	2.295659780502319336e-01	2.369093000888824463e-01	1.894821375608444214e-01	6.164612248539924622e-02	6.193010136485099792e-02	1.207097321748733521e-01	4.440987855195999146e-02
7.523265361785888672e+00	9.892831444740295410e-01	1.155570372939109802e-01	2.018695920705795288e-01	3.600152730941772461e-01	1.563009321689605713e-01	5.104883909225463867e-01	9.066540747880935669e-02	1.000000000000000000e+00	2.420530766248703003e-01	6.751464605331420898e-01	5.515282750129699707e-01	5.522619485855102539e-01
7.569705009460449219e+00	6.045801043510437012e-01	4.507163539528846741e-02	1.312256604433059692e-01	2.552925348281860352e-01	1.628076434135437012e-01	4.198437929153442383e-01	4.334586858749389648e-02	6.833561062812805176e-01	5.826210603117942810e-02	4.801107645034790039e-01	1.000000000000000000e+00	3.801928162574768066e-01
7.616145133972167969e+00	1.688073724508285522e-01	6.568683981895446777e-01	4.957244172692298889e-02	2.377288639545440674e-01	6.789571046829223633e-02	2.313436195254325867e-02	8.587032556533813477e-01	4.223508238792419434e-01	6.290423125028610229e-02	4.230751469731330872e-02	1.000000000000000000e+00	3.696154654026031494e-01
7.662585258483886719e+00	8.685476332902908325e-02	1.307028830051422119e-01	3.199411928653717041e-01	2.299036681652069092e-01	5.708380043506622314e-02	6.935698986053466797e-01	4.653688520193099976e-02	2.926487028598785400e-01	3.301722109317779541e-01	4.688352644443511963e-01	1.000000000000000000e+00	1.895442157983779907e-01
7.709024906158447266e+00	7.260495424270629883e-01	4.310064017772674561e-02	1.265140771865844727e-01	2.408140599727630615e-01	1.010793223977088928e-01	1.448368877172470093e-01	3.298112154006958008e-01	8.719344735145568848e-01	7.884676754474639893e-02	5.953887850046157837e-02	1.000000000000000000e+00	2.061650454998016357e-01
7.755465030670166016e+00	5.301988720893859863e-01	2.709047310054302216e-02	3.105299770832061768e-01	2.059365510940551758e-01	1.896740123629570007e-02	7.909945249557495117e-01	5.609300732612609863e-02	1.490745991468429565e-01	6.952129304409027100e-02	5.038933753967285156e-01	1.000000000000000000e+00	2.694802731275558472e-02
7.801904678344726562e+00	4.712230265140533447e-01	2.467294782400131226e-01	1.009426265954971313e-01	2.715024352073669434e-01	5.672616958618164062e-01	8.734401315450668335e-02	1.045809313654899597e-01	6.146628856658935547e-01	1.000000000000000000e+00	3.523832857608795166e-01	9.900225996971130371e-01	5.716158449649810791e-02
7.848344802856445312e+00	1.810430884361267090e-01	5.157476663589477539e-01	4.598722755908966064e-01	2.749952673912048340e-01	2.394969761371612549e-02	2.008609659969806671e-02	5.642251372337341309e-01	5.529623627662658691e-01	3.426050022244453430e-02	1.244782358407974243e-01	1.000000000000000000e+00	1.080874577164649963e-01
7.894784450531005859e+00	6.118624284863471985e-02	3.213327378034591675e-02	8.740405738353729248e-02	2.438807487487792969e-01	1.585853984579443932e-03	1.316641867160797119e-01	4.994732141494750977e-02	7.506188750267028809e-02	1.161977276206016541e-01	1.973257809877395630e-01	1.000000000000000000e+00	1.309468131512403488e-02
7.941224575042724609e+00	4.979214817285537720e-02	6.076515838503837585e-02	1.868378669023513794e-01	2.377596497535705566e-01	5.447571724653244019e-02	1.300992667675018311e-01	5.926273763179779053e-02	5.309660360217094421e-02	3.065991215407848358e-02	7.368554472923278809e-01	1.000000000000000000e+00	1.467159241437911987e-01
7.987664222717285156e+00	5.254414305090904236e-02	1.221328694373369217e-02	2.592670917510986328e-02	2.410329580307006836e-01	2.224417403340339661e-02	5.625444464385509491e-03	1.755604743957519531e-01	1.241181418299674988e-01	3.229092434048652649e-02	6.793906912207603455e-03	1.000000000000000000e+00	1.042093783617019653e-01
8.034104347229003906e+00	1.393057256937026978e-01	4.367684945464134216e-02	1.009636595845222473e-01	2.615645527839660645e-01	3.452027142047882080e-01	2.416132017970085144e-02	6.248957663774490356e-02	5.006613731384277344e-01	2.960923686623573303e-02	3.006767928600311279e-01	1.000000000000000000e+00	9.980395436286926270e-01
8.080544471740722656e+00	3.253616690635681152e-01	7.967907935380935669e-02	1.007519140839576721e-01	3.205544948577880859e-01	1.281910389661788940e-01	4.663971066474914551e-02	9.115339070558547974e-02	9.740710854530334473e-01	3.324618339538574219e-01	1.269294768571853638e-01	1.000000000000000000e+00	3.076474368572235107e-01
8.126984596252441406e+00	1.909799724817276001e-01	1.383321732282638550e-01	8.148382306098937988e-01	3.631366491317749023e-01	1.292745471000671387e-01	4.104107990860939026e-02	9.257373958826065063e-02	6.575910449028015137e-01	5.020037889480590820e-01	4.621943235397338867e-01	1.000000000000000000e+00	1.503356453031301498e-02
8.173423767089843750e+00	6.410413980484008789e-02	4.535819292068481445e-01	2.503640949726104736e-01	2.773764431476593018e-01	1.969228237867355347e-01	7.752095162868499756e-02	6.761683821678161621e-01	2.136330902576446533e-01	9.850454926490783691e-01	1.000000000000000000e+00	3.761473894119262695e-01	6.831329464912414551e-01
8.219863891601562500e+00	8.745967596769332886e-02	9.374674409627914429e-02	3.578267395496368408e-01	2.973761558532714844e-01	5.758882686495780945e-02	6.807783991098403931e-02	6.762267351150512695e-01	2.074234038591384888e-01	1.277663856744766235e-01	1.000000000000000000e+00	8.905660510063171387e-01	1.797738373279571533e-01
8.266304016113281250e+00	2.609380483627319336e-01	1.918153911828994751e-01	2.357418388128280640e-01	1.181327849626541138e-01	8.140085339546203613e-01	4.873321354389190674e-01	1.603920608758926392e-01	2.821893617510795593e-02	7.775774598121643066e-01	1.000000000000000000e+00	4.821478724479675293e-01	6.927223503589630127e-02
8.312744140625000000e+00	6.259219050407409668e-01	1.008692309260368347e-01	2.925852537155151367e-01	6.390698254108428955e-02	8.890277892351150513e-02	1.982507258653640747e-01	7.652951478958129883e-01	5.970595479011535645e-01	1.604184657335281372e-01	1.000000000000000000e+00	2.336410805583000183e-02	2.301143258810043335e-01
8.359183311462402344e+00	4.286971688270568848e-01	2.270213514566421509e-02	4.920657575130462646e-01	1.450746357440948486e-01	4.182952269911766052e-02	1.860348731279373169e-01	3.122846782207489014e-02	1.000000000000000000e+00	5.798206850886344910e-02	9.797800779342651367e-01	4.104525446891784668e-01	8.104749768972396851e-02
8.405623435974121094e+00	7.192152142524719238e-01	9.206345677375793457e-02	2.180761843919754028e-01	2.644358575344085693e-01	1.771651655435562134e-01	4.227106869220733643e-01	6.278605759143829346e-02	8.154560327529907227e-01	2.133252173662185669e-01	7.023049592971801758e-01	1.000000000000000000e+00	6.310735344886779785e-01
8.452063560485839844e+00	1.409273743629455566e-01	5.101755857467651367e-01	1.112845242023468018e-01	2.464920729398727417e-01	9.503481537103652954e-02	3.185824304819107056e-02	8.785687088966369629e-01	4.546692967414855957e-01	6.218115985393524170e-02	3.112181723117828369e-01	1.000000000000000000e+00	4.561375081539154053e-01
8.498503684997558594e+00	3.007047809660434723e-02	1.680198609828948975e-01	4.576672613620758057e-02	2.781828343868255615e-01	4.773880913853645325e-02	3.879299014806747437e-02	6.767677515745162964e-02	5.638603866100311279e-02	7.355136871337890625e-01	1.060910969972610474e-01	1.000000000000000000e+00	4.397999495267868042e-02
8.544942855834960938e+00	4.123062789440155029e-01	1.542270481586456299e-01	1.468736976385116577e-01	2.898394167423248291e-01	2.292560040950775146e-02	1.395982056856155396e-01	1.445984095335006714e-01	8.972437381744384766e-01	1.812294423580169678e-01	2.736646831035614014e-01	1.000000000000000000e+00	2.836300805211067200e-02
8.591382980346679688e+00	3.670597448945045471e-02	4.270374774932861328e-01	2.711144983768463135e-01	2.434943020343780518e-01	1.783744543790817261e-01	6.569292396306991577e-02	1.000000000000000000e+00	1.141672134399414062e-01	9.668611884117126465e-01	9.741644263267517090e-01	5.469527244567871094e-01	7.555257678031921387e-01
8.637823104858398438e+00	5.274726822972297668e-02	9.293065965175628662e-02	2.525640726089477539e-01	4.633461833000183105e-01	5.551053956151008606e-02	6.337253749370574951e-02	7.201437354087829590e-01	2.861610613763332367e-02	2.081030458211898804e-01	1.000000000000000000e+00	9.978281259536743164e-01	1.928303390741348267e-01
8.684263229370117188e+00	2.174832969903945923e-01	2.240302227437496185e-02	2.023869156837463379e-01	1.125504896044731140e-01	6.948796510696411133e-01	3.663834035396575928e-01	1.352369189262390137e-01	2.150202542543411255e-02	2.772737853229045868e-02	1.000000000000000000e+00	4.513185918331146240e-01	8.237162232398986816e-02
8.730703353881835938e+00	3.143309056758880615e-01	3.310124278068542480e-01	2.936706840991973877e-01	6.621081382036209106e-02	6.714586168527603149e-02	1.778365224599838257e-01	3.750982582569122314e-01	1.667525768280029297e-01	8.191811442375183105e-01	1.000000000000000000e+00	7.214041054248809814e-02	1.140530928969383240e-01
8.777142524719238281e+00	4.869625344872474670e-02	3.445832729339599609e-01	2.532864809036254883e-01	6.953179836273193359e-02	2.848897278308868408e-01	5.870379880070686340e-02	9.620805978775024414e-01	1.403333842754364014e-01	2.494734525680541992e-01	1.000000000000000000e+00	1.993156224489212036e-01	4.758975207805633545e-01
8.823582649230957031e+00	5.864778906106948853e-02	8.752959221601486206e-02	4.367669820785522461e-01	2.799862995743751526e-02	3.958580195903778076e-01	5.211545526981353760e-02	5.864397287368774414e-01	8.441199362277984619e-02	3.323091864585876465e-01	1.000000000000000000e+00	9.724344313144683838e-02	2.862371802330017090e-01
8.870022773742675781e+00	1.608051806688308716e-01	3.692905604839324951e-02	2.797799706459045410e-01	1.770058460533618927e-02	2.305495552718639374e-02	3.182191848754882812e-01	6.278917789459228516e-01	5.414202809333801270e-02	2.002375759184360504e-02	1.000000000000000000e+00	1.047166213393211365e-01	1.884391754865646362e-01
8.916462898254394531e+00	2.243605442345142365e-02	1.721338927745819092e-01	2.185052931308746338e-01	1.123657077550888062e-02	3.341363072395324707e-01	8.251278102397918701e-02	1.332223266363143921e-01	2.622629888355731964e-02	5.543045401573181152e-01	1.000000000000000000e+00	6.300307810306549072e-02	6.089876592159271240e-02
8.962902069091796875e+00	5.943917110562324524e-02	1.412866860628128052e-01	4.678439497947692871e-01	1.834080182015895844e-02	9.502149373292922974e-02	6.856631487607955933e-02	7.053022384643554688e-01	8.648847043514251709e-02	3.187477588653564453e-02	1.000000000000000000e+00	6.899353861808776855e-02	2.390206605195999146e-01
9.009342193603515625e+00	2.362331897020339966e-01	1.621627211570739746e-01	3.419623672962188721e-01	2.970772981643676758e-01	8.781177550554275513e-02	4.948499426245689392e-02	4.346585273742675781e-01	1.000000000000000000e+00	3.623348474502563477e-02	3.790717422962188721e-01	7.463918924331665039e-01	2.842002511024475098e-01
9.055782318115234375e+00	2.317606657743453979e-01	6.193011403083801270e-01	2.045305445790290833e-02	9.003321081399917603e-02	3.061477243900299072e-01	3.643604516983032227e-01	2.356146425008773804e-01	1.000000000000000000e+00	1.893146783113479614e-01	1.412747055292129517e-01	1.174280270934104919e-01	5.058329701423645020e-01
9.102222442626953125e+00	3.997019529342651367e-01	2.697871327400207520e-01	8.081583380699157715e-01	9.833657741546630859e-02	2.071045935153961182e-01	7.555554062128067017e-02	5.359638929367065430e-01	1.000000000000000000e+00	2.458592317998409271e-02	2.657661437988281250e-01	2.640086710453033447e-01	1.482007652521133423e-01
9.148662567138671875e+00	8.167309761047363281e-01	2.547360584139823914e-02	2.021419256925582886e-01	6.237091422080993652e-01	1.472125761210918427e-02	4.545670151710510254e-01	9.963233023881912231e-03	1.000000000000000000e+00	1.529297381639480591e-01	1.250141561031341553e-01	4.202797114849090576e-01	3.519381582736968994e-02
9.195101737976074219e+00	2.259556949138641357e-01	4.677121993154287338e-03	7.982210516929626465e-01	7.001982629299163818e-02	7.252164185047149658e-02	2.212190181016921997e-01	3.057369776070117950e-02	1.000000000000000000e+00	9.733308106660842896e-03	5.108823776245117188e-01	2.795710265636444092e-01	1.649499498307704926e-02
9.241541862487792969e+00	2.752698063850402832e-01	4.207824543118476868e-02	7.661551237106323242e-02	5.605839565396308899e-02	1.913123428821563721e-01	4.186452180147171021e-02	8.205425739288330078e-01	1.000000000000000000e+00	1.552373357117176056e-02	7.413904368877410889e-02	7.579754106700420380e-03	9.369423985481262207e-01
9.287981986999511719e+00	4.000085890293121338e-01	8.445717692375183105e-01	1.905466429889202118e-02	1.962129175662994385e-01	5.097726583480834961e-01	6.337755918502807617e-02	3.347355127334594727e-01	1.000000000000000000e+00	2.880899012088775635e-01	1.530196964740753174e-01	5.941481590270996094e-01	6.274230778217315674e-02
9.334422111511230469e+00	2.201083749532699585e-01	1.294316351413726807e-01	7.578301429748535156e-01	1.651340276002883911e-01	3.550429269671440125e-02	2.584129944443702698e-02	1.720634102821350098e-01	1.000000000000000000e+00	2.207084931433200836e-02	3.894106671214103699e-02	5.086421370506286621e-01	3.554459288716316223e-02
9.380861282348632812e+00	2.272487282752990723e-01	9.354684948921203613e-01	3.171150386333465576e-01	1.030336171388626099e-01	4.919819906353950500e-02	3.137638792395591736e-02	3.661197423934936523e-01	1.000000000000000000e+00	2.771014571189880371e-01	9.123752266168594360e-02	1.828916221857070923e-01	1.078478619456291199e-01
9.427301406860351562e+00	2.350172251462936401e-01	6.298199295997619629e-01	1.305260211229324341e-01	5.205229669809341431e-02	3.256326168775558472e-02	3.267096355557441711e-02	2.144060283899307251e-01	1.000000000000000000e+00	1.751512475311756134e-02	7.363095134496688843e-02	4.961575940251350403e-02	1.402762681245803833e-01
9.473741531372070312e+00	1.000000000000000000e+00	9.424715489149093628e-02	5.485901609063148499e-02	8.279987424612045288e-02	6.784047931432723999e-02	2.477334439754486084e-01	7.565006613731384277e-02	8.275076150894165039e-01	1.161673292517662048e-01	8.609959483146667480e-02	6.704603135585784912e-02	1.966015249490737915e-01
9.520181655883789062e+00	2.025636583566665649e-01	7.436196208000183105e-01	8.253246545791625977e-01	1.044217199087142944e-01	6.330876797437667847e-02	3.310814499855041504e-01	3.781600892543792725e-01	1.000000000000000000e+00	1.944224983453750610e-01	7.205092161893844604e-02	1.359629184007644653e-01	1.283923387527465820e-01
9.566621780395507812e+00	1.000000000000000000e+00	2.576343156397342682e-02	4.237928688526153564e-01	3.939936310052871704e-02	7.014105468988418579e-02	3.240117728710174561e-01	1.030186936259269714e-01	8.974156379699707031e-01	8.092379570007324219e-02	1.256907433271408081e-01	8.813165873289108276e-02	2.281602174043655396e-01
9.613060951232910156e+00	2.225013077259063721e-01	2.371332645416259766e-01	2.211658209562301636e-01	1.710066646337509155e-01	1.807871162891387939e-01	1.205890923738479614e-01	4.552408754825592041e-01	1.000000000000000000e+00	2.418601326644420624e-02	2.177962958812713623e-01	4.100032523274421692e-02	8.093551993370056152e-01
9.659501075744628906e+00	8.902866840362548828e-01	2.301714010536670685e-02	1.138770729303359985e-01	7.689107209444046021e-02	1.515872031450271606e-01	2.101928740739822388e-01	9.025645852088928223e-01	1.000000000000000000e+00	2.818754501640796661e-02	2.059463113546371460e-01	4.441750049591064453e-02	6.904145479202270508e-01
9.705941200256347656e+00	2.856064438819885254e-01	9.920994043350219727e-01	5.563298985362052917e-02	8.001351356506347656e-02	1.940090581774711609e-02	5.837538465857505798e-02	5.044983625411987305e-01	1.000000000000000000e+00	1.010998245328664780e-02	2.395120114088058472e-01	3.187495097517967224e-02	1.069168820977210999e-01
9.752381324768066406e+00	3.881463408470153809e-01	6.446202993392944336e-01	3.332124650478363037e-01	1.066968664526939392e-01	8.537894487380981445e-02	8.973184973001480103e-02	9.809397459030151367e-01	1.000000000000000000e+00	2.199078649282455444e-01	2.404003441333770752e-01	1.413947194814682007e-01	3.554391562938690186e-01
9.798820495605468750e+00	3.687199950218200684e-01	1.603596955537796021e-01	1.015637293457984924e-01	6.147951632738113403e-02	5.721598397940397263e-03	6.988318264484405518e-02	6.874421238899230957e-02	1.000000000000000000e+00	5.367478355765342712e-03	8.488949388265609741e-02	1.562221068888902664e-02	2.402528747916221619e-02
9.845260620117187500e+00	6.234923005104064941e-01	9.984346479177474976e-02	1.077237576246261597e-01	7.324177026748657227e-02	1.787446588277816772e-01	6.270738244056701660e-01	9.040685892105102539e-01	1.000000000000000000e+00	5.090175569057464600e-02	3.183863461017608643e-01	1.664469987154006958e-01	7.181302905082702637e-01
9.891700744628906250e+00	6.878179311752319336e-01	4.630560278892517090e-01	3.079663217067718506e-01	1.434141844511032104e-01	2.222210168838500977e-02	6.960090994834899902e-01	1.218245625495910645e-01	1.000000000000000000e+00	2.935165353119373322e-02	2.511309683322906494e-01	3.717356324195861816e-01	7.785718142986297607e-02
9.938140869140625000e+00	1.000000000000000000e+00	1.084285378456115723e-01	4.395714700222015381e-01	8.951584249734878540e-02	1.627932637929916382e-01	2.688467800617218018e-01	1.810424178838729858e-01	9.923490285873413086e-01	6.665846705436706543e-02	1.442986875772476196e-01	8.137018233537673950e-02	5.660367012023925781e-01
9.984580039978027344e+00	1.000000000000000000e+00	8.690039813518524170e-02	2.828669846057891846e-01	8.258742094039916992e-02	1.650090888142585754e-02	8.759432435035705566e-01	1.523781940340995789e-02	9.368787407875061035e-01	1.053467839956283569e-01	1.389754563570022583e-01	1.987939625978469849e-01	8.150656707584857941e-03
1.003102016448974609e+01	2.423287928104400635e-01	5.504946410655975342e-02	5.786296725273132324e-01	7.867104560136795044e-02	1.313811391592025757e-01	4.616676568984985352e-01	5.969030410051345825e-02	1.000000000000000000e+00	8.375906385481357574e-03	5.818743109703063965e-01	3.439218103885650635e-01	1.657181382179260254e-01
1.007746028900146484e+01	2.602686285972595215e-01	7.021194696426391602e-02	3.000220097601413727e-02	6.315484642982482910e-02	2.043274343013763428e-01	3.774880617856979370e-02	5.463471412658691406e-01	1.000000000000000000e+00	3.402585536241531372e-02	6.424789875745773315e-02	3.986878786236047745e-03	9.465330839157104492e-01
1.012390041351318359e+01	3.741846680641174316e-01	9.970114827156066895e-01	3.056752122938632965e-02	1.690062284469604492e-01	3.538872301578521729e-01	6.252619624137878418e-02	3.751716911792755127e-01	1.000000000000000000e+00	2.860760986804962158e-01	1.824942827224731445e-01	4.805332422256469727e-01	5.930753797292709351e-02
1.017034053802490234e+01	2.310848683118820190e-01	1.393140107393264771e-01	8.247826695442199707e-01	1.830963790416717529e-01	5.560198798775672913e-02	2.806762605905532837e-02	2.305148690938949585e-01	1.000000000000000000e+00	2.448172122240066528e-02	5.419432744383811951e-02	6.691140532493591309e-01	4.442656412720680237e-02
1.021677970886230469e+01	2.605699896812438965e-01	8.784474432468414307e-02	8.248949646949768066e-01	7.340188324451446533e-02	8.085633814334869385e-02	3.946745395660400391e-02	3.574090898036956787e-01	1.000000000000000000e+00	2.200248390436172485e-01	2.518687024712562561e-02	9.260714054107666016e-02	1.340776234865188599e-01
1.026321983337402344e+01	7.923915237188339233e-02	2.205489128828048706e-01	5.370280519127845764e-02	3.221813961863517761e-02	1.531535536050796509e-01	1.600876636803150177e-02	6.978664398193359375e-01	8.181623183190822601e-03	1.000000000000000000e+00	1.320695411413908005e-02	1.741979271173477173e-01	3.072408735752105713e-01
1.030965995788574219e+01	8.363295346498489380e-02	2.269290983676910400e-01	2.452524751424789429e-01	1.645530760288238525e-01	1.013930141925811768e-01	3.590138256549835205e-02	2.975081838667392731e-02	7.507321983575820923e-02	1.000000000000000000e+00	8.390941657125949860e-03	3.617729619145393372e-02	1.949290782213211060e-01
1.035610008239746094e+01	1.025642380118370056e-01	2.543176710605621338e-01	7.578025106340646744e-03	4.267409145832061768e-01	4.675752520561218262e-01	7.869192957878112793e-02	3.531869500875473022e-02	2.648743689060211182e-01	1.000000000000000000e+00	8.360487967729568481e-02	9.603508561849594116e-02	9.285479784011840820e-01
1.040253925323486328e+01	1.295542567968368530e-01	9.845076799392700195e-01	5.128684639930725098e-01	1.066466793417930603e-02	4.799348115921020508e-01	1.527531631290912628e-02	2.270671576261520386e-01	2.110184282064437866e-01	1.000000000000000000e+00	1.303045451641082764e-01	6.733023375272750854e-02	3.914921358227729797e-02
1.044897937774658203e+01	3.779605031013488770e-01	6.657668352127075195e-01	2.282016128301620483e-01	1.647706478834152222e-01	2.216212600469589233e-01	5.188797116279602051e-01	4.425569176673889160e-01	1.000000000000000000e+00	4.246890842914581299e-01	7.586624622344970703e-01	6.187065243721008301e-01	3.016866743564605713e-01
1.049541950225830078e+01	2.633633017539978027e-01	6.304329633712768555e-02	7.737777382135391235e-02	4.802140593528747559e-02	2.066400796175003052e-01	3.860732167959213257e-02	5.093772411346435547e-01	1.000000000000000000e+00	4.796960204839706421e-02	5.370973423123359680e-02	7.870445959270000458e-03	9.373653531074523926e-01
1.054185962677001953e+01	3.721584677696228027e-01	1.000000000000000000e+00	3.137350082397460938e-02	1.505600661039352417e-01	4.063778221607208252e-01	6.168649345636367798e-02	3.355698287487030029e-01	9.987564682960510254e-01	2.831513285636901855e-01	2.001797705888748169e-01	3.822477757930755615e-01	5.289391800761222839e-02
1.058829975128173828e+01	2.410761862993240356e-01	1.897408813238143921e-01	6.488635540008544922e-01	2.320397049188613892e-01	6.815000623464584351e-02	2.860273607075214386e-02	3.223320245742797852e-01	1.000000000000000000e+00	6.484630703926086426e-02	6.281173974275588989e-02	8.737164139747619629e-01	6.301197409629821777e-02
1.063473892211914062e+01	1.000000000000000000e+00	1.944609284400939941e-01	6.978382915258407593e-02	7.530745863914489746e-02	1.450769603252410889e-01	2.192093431949615479e-01	8.283432722091674805e-01	8.334274291992187500e-01	2.406119704246520996e-01	3.080545552074909210e-02	8.832549303770065308e-02	2.517904043197631836e-01
1.068117904663085938e+01	7.074851542711257935e-02	4.784464240074157715e-01	8.677018284797668457e-01	5.245294049382209778e-02	5.205295234918594360e-02	1.000000000000000000e+00	1.154003068804740906e-01	3.492591977119445801e-01	1.628035865724086761e-02	8.234750479459762573e-02	2.730955481529235840e-01	4.369564354419708252e-02
1.072761917114257812e+01	1.511147618293762207e-01	2.190267294645309448e-01	3.957417979836463928e-02	1.177117675542831421e-01	1.156333833932876587e-02	1.000000000000000000e+00	4.192290827631950378e-02	3.852559253573417664e-02	2.663384936749935150e-02	1.891485005617141724e-01	2.463012933731079102e-01	5.756651982665061951e-02
1.077405929565429688e+01	2.291646040976047516e-02	1.000000000000000000e+00	2.175727188587188721e-01	7.970315217971801758e-02	2.410198003053665161e-01	9.510460495948791504e-01	2.187656611204147339e-01	1.246251165866851807e-01	5.116204619407653809e-01	7.382523268461227417e-02	4.115273654460906982e-01	2.697958350181579590e-01
1.082049846649169922e+01	8.176400065422058105e-01	1.826275140047073364e-01	3.825599849224090576e-01	1.806148737668991089e-01	3.159056603908538818e-02	1.000000000000000000e+00	1.860084012150764465e-02	1.616785824298858643e-01	6.454157233238220215e-01	1.188822090625762939e-02	2.473078370094299316e-01	1.492188312113285065e-02
1.086693859100341797e+01	8.338325619697570801e-01	8.577798306941986084e-02	6.556744128465652466e-02	6.142707541584968567e-02	6.043580770492553711e-01	1.000000000000000000e+00	2.079060524702072144e-01	1.891264617443084717e-01	7.626532018184661865e-02	1.403203308582305908e-01	2.816440463066101074e-01	2.342592477798461914e-01
1.091337871551513672e+01	9.661456942558288574e-02	3.545852005481719971e-01	3.337880223989486694e-02	9.572142958641052246e-01	1.000000000000000000e+00	1.362481713294982910e-01	9.779803454875946045e-02	5.231207609176635742e-02	7.229259610176086426e-01	2.281815409660339355e-01	1.097181811928749084e-01	9.354712069034576416e-02
1.095981884002685547e+01	1.885118335485458374e-01	7.828584909439086914e-01	3.420074284076690674e-02	9.943315386772155762e-02	1.000000000000000000e+00	2.951983734965324402e-02	2.218558937311172485e-01	6.011968851089477539e-01	1.359521318227052689e-02	2.591907680034637451e-01	2.469827085733413696e-01	6.169991493225097656e-01
1.100625896453857422e+01	2.610198855400085449e-01	8.980513215065002441e-01	3.194203227758407593e-02	3.005355596542358398e-01	1.000000000000000000e+00	5.188008770346641541e-02	3.288793265819549561e-01	3.436772227287292480e-01	6.425882130861282349e-02	2.967332303524017334e-01	9.906137585639953613e-01	5.722319707274436951e-02
1.105269813537597656e+01	1.235089376568794250e-01	3.945851325988769531e-02	8.124378919601440430e-01	2.020549178123474121e-01	1.000000000000000000e+00	5.368784815073013306e-02	6.184686347842216492e-02	2.509743571281433105e-01	4.492706432938575745e-02	2.678037881851196289e-01	2.911368012428283691e-01	3.072185814380645752e-01
1.109913825988769531e+01	1.155268102884292603e-01	4.135700166225433350e-01	9.882521629333496094e-01	5.064595490694046021e-02	2.245214283466339111e-01	1.000000000000000000e+00	3.147278428077697754e-01	3.270879387855529785e-01	5.555438995361328125e-01	1.272983103990554810e-01	3.001231551170349121e-01	6.388749182224273682e-02
1.114557838439941406e+01	1.000431627035140991e-01	2.747623622417449951e-01	5.381837114691734314e-02	8.265104889869689941e-02	2.429310791194438934e-02	1.000000000000000000e+00	5.308570340275764465e-02	2.495607733726501465e-02	1.752208359539508820e-02	2.382499128580093384e-01	2.299417406320571899e-01	8.044394105672836304e-02
1.119201850891113281e+01	3.567801788449287415e-02	8.435137867927551270e-01	8.461396694183349609e-01	7.756230235099792480e-02	3.204701840877532959e-01	1.000000000000000000e+00	1.629012972116470337e-01	2.991836071014404297e-01	7.093960642814636230e-01	8.915818482637405396e-02	3.819018900394439697e-01	9.864550232887268066e-01
1.123845767974853516e+01	8.161492347717285156e-01	2.030210345983505249e-01	7.482617497444152832e-01	3.245401084423065186e-01	6.274621188640594482e-02	1.000000000000000000e+00	2.000972628593444824e-02	1.906535774469375610e-01	7.161124348640441895e-01	3.306963248178362846e-03	2.796221077442169189e-01	1.396298408508300781e-02
1.128489780426025391e+01	2.027062922716140747e-01	2.173241674900054932e-01	6.997669935226440430e-01	6.706891208887100220e-02	1.139702200889587402e-01	1.000000000000000000e+00	3.934857994318008423e-02	9.001681804656982422e-01	1.213123556226491928e-03	6.800553202629089355e-01	2.806861102581024170e-01	1.755134314298629761e-01
1.133133792877197266e+01	2.478943914175033569e-01	1.539762765169143677e-01	1.074842549860477448e-02	7.446060329675674438e-02	1.968417018651962280e-01	8.052155375480651855e-02	3.560481965541839600e-01	1.000000000000000000e+00	1.894793659448623657e-02	7.892305403947830200e-02	1.179194729775190353e-02	8.985893726348876953e-01
1.137777805328369141e+01	2.931903600692749023e-01	8.754895329475402832e-01	3.656971454620361328e-02	3.103067874908447266e-01	2.378540188074111938e-01	1.586799621582031250e-01	4.512928128242492676e-01	9.989727735519409180e-01	3.260412067174911499e-02	2.099324613809585571e-01	1.000000000000000000e+00	7.601388543844223022e-02
1.142421722412109375e+01	2.548362612724304199e-01	1.399861183017492294e-02	6.943126916885375977e-01	1.286405771970748901e-01	6.122589111328125000e-02	1.181135550141334534e-01	1.508065164089202881e-01	1.000000000000000000e+00	1.913459971547126770e-02	4.897887632250785828e-02	4.074220955371856689e-01	3.499635308980941772e-02
1.147065734863281250e+01	2.147788703441619873e-01	3.060720860958099365e-01	6.842928528785705566e-01	4.713844135403633118e-02	1.622819900512695312e-01	1.689763516187667847e-01	7.550606727600097656e-01	1.000000000000000000e+00	8.523945212364196777e-01	3.228444233536720276e-02	8.852890878915786743e-02	4.128584861755371094e-01
1.151709747314453125e+01	2.749205529689788818e-01	6.110845804214477539e-01	6.086345762014389038e-02	1.067529097199440002e-01	7.761522382497787476e-02	1.558335870504379272e-01	1.634871363639831543e-01	1.000000000000000000e+00	6.775749847292900085e-03	2.225509881973266602e-01	5.339264124631881714e-02	1.953033208847045898e-01
1.156353759765625000e+01	2.342259734869003296e-01	9.471160173416137695e-01	9.348063170909881592e-02	6.660909950733184814e-02	1.253713220357894897e-01	2.652250230312347412e-01	2.172956913709640503e-01	1.000000000000000000e+00	7.498220354318618774e-02	1.011085659265518188e-01	7.966455817222595215e-02	1.419737040996551514e-01
1.160997772216796875e+01	6.605712771415710449e-01	5.607427656650543213e-02	4.392348527908325195e-01	7.685911655426025391e-02	3.111562132835388184e-01	5.885960459709167480e-01	8.611992932856082916e-03	1.000000000000000000e+00	5.317666381597518921e-02	2.387532144784927368e-01	1.437945216894149780e-01	8.528017997741699219e-01
1.165641689300537109e+01	4.954501092433929443e-01	4.860863983631134033e-01	3.109186589717864990e-01	6.653442978858947754e-02	1.557908356189727783e-01	1.000000000000000000e+00	1.215241700410842896e-01	6.435999274253845215e-01	5.867239460349082947e-02	7.904800176620483398e-01	2.883042693138122559e-01	3.008981049060821533e-02
1.170285701751708984e+01	2.404576987028121948e-01	5.555823445320129395e-01	9.310680627822875977e-02	2.778519690036773682e-01	6.112384796142578125e-01	5.401769876480102539e-01	1.356261521577835083e-01	1.000000000000000000e+00	4.529744759202003479e-02	2.415546178817749023e-01	2.576568722724914551e-01	7.639470696449279785e-01
1.174929714202880859e+01	4.429644644260406494e-01	7.765657305717468262e-01	3.843181952834129333e-02	1.282572299242019653e-01	8.726744353771209717e-02	3.758671283721923828e-01	1.734189987182617188e-01	1.000000000000000000e+00	2.753228545188903809e-01	1.326410770416259766e-01	1.472073644399642944e-01	2.531611174345016479e-02
1.179573726654052734e+01	2.427335977554321289e-01	8.258526325225830078e-01	7.206995487213134766e-01	9.329871088266372681e-02	1.140530630946159363e-01	7.143060564994812012e-01	1.832644045352935791e-01	1.000000000000000000e+00	1.440282464027404785e-01	1.983387172222137451e-01	2.097548395395278931e-01	1.189789250493049622e-01
1.184217643737792969e+01	9.160060286521911621e-01	3.658258318901062012e-01	8.725427389144897461e-01	7.611075788736343384e-02	4.897462725639343262e-01	5.274955034255981445e-01	3.815078735351562500e-01	1.000000000000000000e+00	9.084066003561019897e-02	1.449686139822006226e-01	1.582914739847183228e-01	8.857822418212890625e-02
1.188861656188964844e+01	2.428600788116455078e-01	6.590486764907836914e-01	9.177809208631515503e-02	6.820142269134521484e-02	2.498882077634334564e-02	9.681269526481628418e-02	1.650552153587341309e-01	1.000000000000000000e+00	3.577383002266287804e-03	9.862999618053436279e-02	8.750489354133605957e-02	2.421781793236732483e-02
1.193505668640136719e+01	2.278498411178588867e-01	9.898461103439331055e-01	3.001357242465019226e-02	1.939245611429214478e-01	7.209768146276473999e-02	6.040803715586662292e-02	2.042590230703353882e-01	1.000000000000000000e+00	9.202121496200561523e-01	5.480942502617835999e-02	4.603210985660552979e-01	3.174939379096031189e-02
