0.000000000000000000e+00	1.000000000000000000e+00	2.061446662992238998e-03	2.446689270436763763e-02	1.244347169995307922e-02	1.910281181335449219e-02	2.445334941148757935e-01	2.679020864889025688e-03	9.259352087974548340e-02	5.143564194440841675e-02	1.209925673902034760e-02	4.697474837303161621e-02	1.423158100806176662e-03
4.643990844488143921e-02	1.000000000000000000e+00	1.188254682347178459e-03	2.137438952922821045e-02	9.287574328482151031e-03	2.715647034347057343e-02	2.317397147417068481e-01	2.522514434531331062e-03	8.979567140340805054e-02	4.971581697463989258e-02	9.851614013314247131e-03	4.464599117636680603e-02	1.612225431017577648e-03
9.287981688976287842e-02	1.000000000000000000e+00	2.340557519346475601e-03	2.199007198214530945e-02	9.367890655994415283e-03	2.706095762550830841e-02	2.313581407070159912e-01	2.806209493428468704e-03	9.161327034235000610e-02	5.016957968473434448e-02	9.944777004420757294e-03	4.450295865535736084e-02	1.468496862798929214e-03
1.393197327852249146e-01	1.000000000000000000e+00	1.810056739486753941e-03	2.207272499799728394e-02	9.766780771315097809e-03	2.721280790865421295e-02	2.312746495008468628e-01	2.776469103991985321e-03	9.416920691728591919e-02	5.024395138025283813e-02	1.018215715885162354e-02	4.518062621355056763e-02	1.611213898286223412e-03
1.857596337795257568e-01	1.000000000000000000e+00	1.390847726725041866e-03	2.147851511836051941e-02	8.721941150724887848e-03	2.565226890146732330e-02	2.316686809062957764e-01	2.448198851197957993e-03	8.663418143987655640e-02	4.979041963815689087e-02	9.483220987021923065e-03	4.296058043837547302e-02	1.595715759322047234e-03
2.321995496749877930e-01	1.000000000000000000e+00	1.388556323945522308e-03	2.158840373158454895e-02	8.444767445325851440e-03	2.411817759275436401e-02	2.317539453506469727e-01	2.396545838564634323e-03	8.119212090969085693e-02	5.001418665051460266e-02	8.885391987860202789e-03	4.348251968622207642e-02	1.330861705355346203e-03
2.786394655704498291e-01	1.000000000000000000e+00	9.885090403258800507e-04	2.128084376454353333e-02	7.913116365671157837e-03	2.194716036319732666e-02	2.321417331695556641e-01	2.181264106184244156e-03	7.193967700004577637e-02	4.980671405792236328e-02	8.199051953852176666e-03	4.299944639205932617e-02	1.418760046362876892e-03
3.250793516635894775e-01	1.000000000000000000e+00	9.245522669516503811e-04	2.197553217411041260e-02	7.161682005971670151e-03	2.138025499880313873e-02	2.319321930408477783e-01	2.028473652899265289e-03	6.646758317947387695e-02	5.027411878108978271e-02	7.909558713436126709e-03	4.139885306358337402e-02	1.112075056880712509e-03
3.715192675590515137e-01	1.000000000000000000e+00	4.773059859871864319e-02	2.807916142046451569e-02	2.771566249430179596e-02	2.422403916716575623e-02	7.936473488807678223e-01	7.215046323835849762e-03	5.725589767098426819e-02	1.089818328619003296e-01	2.526015043258666992e-02	1.758866459131240845e-01	6.097998935729265213e-03
4.179591834545135498e-01	7.370049357414245605e-01	3.581083714962005615e-01	5.861749053001403809e-01	1.332122832536697388e-01	1.920105889439582825e-02	1.000000000000000000e+00	7.029581069946289062e-02	2.162640392780303955e-01	1.999148875474929810e-01	5.438235774636268616e-02	2.462559640407562256e-01	3.599710389971733093e-02
4.643990993499755859e-01	5.239260196685791016e-01	5.215630680322647095e-02	8.800222724676132202e-02	1.314972490072250366e-01	4.412732273340225220e-02	1.000000000000000000e+00	2.864495036192238331e-05	3.755907341837882996e-02	4.882202297449111938e-02	3.152972757816314697e-01	2.131760716438293457e-01	3.871362656354904175e-02
5.108389854431152344e-01	8.019717335700988770e-01	8.606511354446411133e-02	2.451039105653762817e-01	6.321644037961959839e-02	4.711383953690528870e-02	1.000000000000000000e+00	1.259298436343669891e-02	8.887267857789993286e-02	7.679826766252517700e-02	7.732522208243608475e-03	2.537420094013214111e-01	1.216888576745986938e-01
5.572789311408996582e-01	8.130082488059997559e-01	9.760771691799163818e-02	1.179888844490051270e-01	5.602486059069633484e-02	5.021069943904876709e-02	1.000000000000000000e+00	7.170351687818765640e-03	4.670929908752441406e-02	2.947064340114593506e-01	8.981185033917427063e-03	2.308008074760437012e-01	2.145488746464252472e-03
6.037188172340393066e-01	8.123745322227478027e-01	4.221826419234275818e-02	1.188329532742500305e-01	2.429204061627388000e-02	2.499512862414121628e-03	1.000000000000000000e+00	5.428102985024452209e-02	4.406660795211791992e-02	4.449505358934402466e-02	3.380374237895011902e-02	2.156577557325363159e-01	1.333843357861042023e-02
6.501587033271789551e-01	7.415518760681152344e-01	5.230764672160148621e-02	1.603523083031177521e-02	2.995894104242324829e-02	5.957942083477973938e-02	1.000000000000000000e+00	5.012616980820894241e-03	2.405353821814060211e-02	4.875376075506210327e-02	2.687499672174453735e-02	2.347842454910278320e-01	7.954416796565055847e-03
6.965986490249633789e-01	8.088366985321044922e-01	1.145244464278221130e-01	4.888539016246795654e-02	2.542585879564285278e-02	1.578877121210098267e-01	1.000000000000000000e+00	5.262483656406402588e-02	6.409429013729095459e-02	5.847388878464698792e-02	1.539472192525863647e-01	2.103754281997680664e-01	6.775020360946655273e-01
7.430385351181030273e-01	7.718482017517089844e-01	1.683632880449295044e-01	3.161042630672454834e-01	2.862297184765338898e-02	1.172132790088653564e-01	1.000000000000000000e+00	1.833901926875114441e-02	1.047437116503715515e-01	4.643053710460662842e-01	1.535713765770196915e-02	2.333949059247970581e-01	3.875946104526519775e-01
7.894784808158874512e-01	8.284674584865570068e-02	2.378157973289489746e-01	9.848489165306091309e-01	1.339762359857559204e-01	1.223410367965698242e-01	1.000000000000000000e+00	6.086067855358123779e-02	2.767093479633331299e-01	2.295264974236488342e-02	8.911427110433578491e-02	4.160475730895996094e-01	1.031500920653343201e-01
8.359183669090270996e-01	2.712504863739013672e-01	9.490912556648254395e-01	2.828980684280395508e-01	1.119275316596031189e-01	1.000000000000000000e+00	4.385482519865036011e-02	3.995667099952697754e-01	5.806812271475791931e-02	7.595631480216979980e-02	2.846996784210205078e-01	3.542290627956390381e-01	8.389910310506820679e-02
8.823582530021667480e-01	2.611347734928131104e-01	4.222858846187591553e-01	3.987108543515205383e-02	2.481562197208404541e-01	1.000000000000000000e+00	4.748948663473129272e-02	1.445073336362838745e-01	1.842749537900090218e-03	6.005502343177795410e-01	2.292683422565460205e-01	2.234077751636505127e-01	1.354273594915866852e-02
9.287981986999511719e-01	5.018771886825561523e-01	2.849845886230468750e-01	2.969590760767459869e-02	4.220865368843078613e-01	1.000000000000000000e+00	1.021287068724632263e-01	1.385623365640640259e-01	6.920737624168395996e-01	1.093251854181289673e-01	2.477547824382781982e-01	8.979250192642211914e-01	2.032322064042091370e-02
9.752380847930908203e-01	3.250483572483062744e-01	2.902939915657043457e-01	7.357065081596374512e-01	7.596167176961898804e-02	1.000000000000000000e+00	5.239154025912284851e-02	1.792963445186614990e-01	9.230476617813110352e-01	9.232287295162677765e-03	2.690253555774688721e-01	6.895586103200912476e-02	2.536752521991729736e-01
1.021677970886230469e+00	1.874665021896362305e-01	9.482011198997497559e-01	5.259754136204719543e-02	2.223224565386772156e-02	1.000000000000000000e+00	2.765012532472610474e-02	2.849842905998229980e-01	1.950125675648450851e-03	2.701782062649726868e-02	2.229042202234268188e-01	1.624449715018272400e-02	4.393095895648002625e-02
1.068117856979370117e+00	2.899200655519962311e-02	1.000000000000000000e+00	2.542128227651119232e-02	5.523643922060728073e-03	7.026212811470031738e-01	2.788758091628551483e-02	2.452823519706726074e-01	1.710766227915883064e-03	1.471447758376598358e-02	2.085900604724884033e-01	7.337298709899187088e-03	4.314072802662849426e-02
1.114557862281799316e+00	2.966578118503093719e-02	1.000000000000000000e+00	2.485734038054943085e-02	9.557545185089111328e-03	6.379136443138122559e-01	3.798630088567733765e-02	2.485441714525222778e-01	2.733767731115221977e-03	7.643439341336488724e-03	1.916532963514328003e-01	9.487827308475971222e-03	4.554519429802894592e-02
1.160997748374938965e+00	9.167138487100601196e-03	1.000000000000000000e+00	5.500507541000843048e-03	5.748584866523742676e-03	1.263630986213684082e-01	5.699700117111206055e-02	2.463757693767547607e-01	3.924117889255285263e-03	1.584886200726032257e-02	6.468370556831359863e-02	1.411258149892091751e-02	6.969427317380905151e-02
1.207437634468078613e+00	6.206317804753780365e-03	1.000000000000000000e+00	6.363763008266687393e-03	1.845998317003250122e-02	1.064438819885253906e-01	1.291214227676391602e-01	2.454780340194702148e-01	6.353171076625585556e-03	4.788795486092567444e-02	5.615788698196411133e-02	3.267145901918411255e-02	9.033528715372085571e-02
1.253877520561218262e+00	1.148472074419260025e-02	1.000000000000000000e+00	3.059153445065021515e-02	9.727825410664081573e-03	2.212318032979965210e-01	5.526405200362205505e-02	2.486789375543594360e-01	8.730132132768630981e-03	3.399661555886268616e-02	9.945758432149887085e-02	1.772508956491947174e-02	4.416605830192565918e-02
1.300317406654357910e+00	4.205186851322650909e-03	1.000000000000000000e+00	1.929855323396623135e-03	1.008669473230838776e-02	4.934396594762802124e-02	3.556755930185317993e-02	2.412769198417663574e-01	2.879623323678970337e-03	1.578793115913867950e-02	5.227307975292205811e-02	8.648645132780075073e-03	4.924497753381729126e-02
1.346757411956787109e+00	9.345383383333683014e-03	1.000000000000000000e+00	5.090404301881790161e-03	2.072989009320735931e-02	1.666108518838882446e-01	3.401362895965576172e-02	2.446897327899932861e-01	2.115101553499698639e-03	1.217239536345005035e-02	7.716689258813858032e-02	8.388235233724117279e-03	6.902604550123214722e-02
1.393197298049926758e+00	1.923727686516940594e-03	1.000000000000000000e+00	1.987505238503217697e-03	8.196305483579635620e-03	5.634991079568862915e-02	3.372897952795028687e-02	2.478089332580566406e-01	2.586791757494211197e-03	2.084898762404918671e-02	3.911469876766204834e-02	9.024631232023239136e-03	7.779028266668319702e-02
1.439637184143066406e+00	1.000000000000000000e+00	8.560384511947631836e-01	1.336693856865167618e-02	1.499519050121307373e-01	2.703398466110229492e-01	3.103281259536743164e-01	2.123008966445922852e-01	2.336516231298446655e-02	6.365472078323364258e-02	1.023647040128707886e-01	5.341311544179916382e-02	6.380885839462280273e-02
1.486077070236206055e+00	1.000000000000000000e+00	2.292470932006835938e-01	2.051133289933204651e-02	1.940873637795448303e-02	7.752617448568344116e-02	2.419900000095367432e-01	5.657187849283218384e-02	2.241634204983711243e-02	6.073652207851409912e-02	2.934081479907035828e-02	4.375457763671875000e-02	1.087658014148473740e-02
1.532516956329345703e+00	1.000000000000000000e+00	5.972738191485404968e-02	2.181039005517959595e-02	6.093237083405256271e-03	2.427288144826889038e-02	2.409112453460693359e-01	1.511710695922374725e-02	8.203801698982715607e-03	5.364310741424560547e-02	8.665021508932113647e-03	4.512528702616691589e-02	2.636313438415527344e-03
1.578956961631774902e+00	1.000000000000000000e+00	5.740160495042800903e-02	2.072042971849441528e-02	5.342784803360700607e-03	4.104660078883171082e-02	2.380554080009460449e-01	1.543446164578199387e-02	4.726754035800695419e-03	5.122909694910049438e-02	1.236813515424728394e-02	4.788504540920257568e-02	2.335875295102596283e-03
1.625396847724914551e+00	1.000000000000000000e+00	1.048167329281568527e-02	2.304798923432826996e-02	6.820273119956254959e-03	9.290427714586257935e-02	2.384460419416427612e-01	6.165771745145320892e-03	5.327229388058185577e-03	5.100855976343154907e-02	2.260364219546318054e-02	4.902433976531028748e-02	1.107861055061221123e-03
1.671836733818054199e+00	1.000000000000000000e+00	1.558924280107021332e-02	2.049297839403152466e-02	7.199544459581375122e-02	7.948277145624160767e-02	2.499709129333496094e-01	8.064678870141506195e-03	3.329304605722427368e-02	7.057598978281021118e-02	2.416014112532138824e-02	4.265451431274414062e-02	6.082139909267425537e-03
1.718276619911193848e+00	1.000000000000000000e+00	4.700896330177783966e-03	2.233104594051837921e-02	6.248168181627988815e-03	3.507518768310546875e-02	2.380035072565078735e-01	2.449794206768274307e-03	1.233155094087123871e-02	5.190157517790794373e-02	8.836178109049797058e-03	4.121530055999755859e-02	1.095753279514610767e-03
1.764716506004333496e+00	1.000000000000000000e+00	8.128232322633266449e-03	2.216252684593200684e-02	3.523328574374318123e-03	3.109389916062355042e-02	2.351735532283782959e-01	3.355103544890880585e-03	6.650136318057775497e-03	5.047246441245079041e-02	7.943633943796157837e-03	4.284145310521125793e-02	5.231511313468217850e-04
1.811156511306762695e+00	1.000000000000000000e+00	8.750570006668567657e-03	1.907171308994293213e-02	3.860879922285676003e-03	3.612046688795089722e-02	2.347631752490997314e-01	3.714335151016712189e-03	4.841840825974941254e-03	4.831840842962265015e-02	8.892644196748733521e-03	4.412795975804328918e-02	4.145874409005045891e-04
1.857596397399902344e+00	1.000000000000000000e+00	1.217693276703357697e-02	2.056144550442695618e-02	4.894016776233911514e-03	4.831239208579063416e-02	2.345448136329650879e-01	4.770915955305099487e-03	9.873623028397560120e-03	4.926839843392372131e-02	1.258768979460000992e-02	4.660571366548538208e-02	4.505473480094224215e-04
1.904036283493041992e+00	1.000000000000000000e+00	1.223264262080192566e-02	2.098723873496055603e-02	5.061451811343431473e-03	4.613795503973960876e-02	2.352913320064544678e-01	4.939267411828041077e-03	2.331660315394401550e-02	4.947568476200103760e-02	1.149760186672210693e-02	4.643581807613372803e-02	4.536746127996593714e-04
1.950476169586181641e+00	1.000000000000000000e+00	1.785441883839666843e-03	1.974008604884147644e-02	5.620250478386878967e-03	3.275327384471893311e-02	2.352027744054794312e-01	2.019598614424467087e-03	4.405499249696731567e-02	4.857435077428817749e-02	8.321254514157772064e-03	4.480451345443725586e-02	1.721653825370594859e-04
1.996916055679321289e+00	1.000000000000000000e+00	1.755709294229745865e-03	2.011956274509429932e-02	5.474172532558441162e-03	3.431009501218795776e-02	2.349681258201599121e-01	1.701249158941209316e-03	6.492788344621658325e-02	4.861705005168914795e-02	8.976960554718971252e-03	3.974672779440879822e-02	1.082614980987273157e-04
2.043355941772460938e+00	1.000000000000000000e+00	2.585607348009943962e-03	2.054338157176971436e-02	5.091116297990083694e-03	2.362422458827495575e-02	2.335866987705230713e-01	1.676352228969335556e-03	7.705274969339370728e-02	4.875879362225532532e-02	6.834325380623340607e-03	3.587551414966583252e-02	1.913820306072011590e-04
2.089795827865600586e+00	1.000000000000000000e+00	7.538113743066787720e-03	1.901591196656227112e-02	5.799606908112764359e-03	1.197652239352464676e-02	2.325546145439147949e-01	2.582221524789929390e-03	1.035656630992889404e-01	4.772090911865234375e-02	4.575687926262617111e-03	3.309413418173789978e-02	4.242389404680579901e-04
2.136235713958740234e+00	1.000000000000000000e+00	1.343996613286435604e-03	1.831871643662452698e-02	5.259625148028135300e-03	9.592865593731403351e-03	2.337360531091690063e-01	6.834206869825720787e-04	1.023727878928184509e-01	4.719744995236396790e-02	3.811704460531473160e-03	3.173831850290298462e-02	1.656561071285977960e-04
2.182675838470458984e+00	1.000000000000000000e+00	1.196327805519104004e-02	1.808470860123634338e-02	4.477238748222589493e-03	6.110472138971090317e-03	2.332973480224609375e-01	3.154655918478965759e-03	7.978258281946182251e-02	4.733175039291381836e-02	3.113466314971446991e-03	3.143021836876869202e-02	4.343324981164187193e-04
2.229115724563598633e+00	1.000000000000000000e+00	6.732109934091567993e-03	1.817133277654647827e-02	4.883083049207925797e-03	5.981465801596641541e-03	2.335187494754791260e-01	1.972730504348874092e-03	8.709669113159179688e-02	4.730691015720367432e-02	2.884369110688567162e-03	3.297568112611770630e-02	2.811180020216852427e-04
2.275555610656738281e+00	1.000000000000000000e+00	1.150034135207533836e-03	1.766878738999366760e-02	5.569626577198505402e-03	1.166982948780059814e-02	2.327958345413208008e-01	8.683456690050661564e-04	9.715948253870010376e-02	4.688794910907745361e-02	4.251605831086635590e-03	3.384349495172500610e-02	1.196849480038508773e-04
2.321995496749877930e+00	1.000000000000000000e+00	9.289236739277839661e-03	1.813137158751487732e-02	6.946877110749483109e-03	1.793535798788070679e-02	2.324461340904235840e-01	3.103101160377264023e-03	1.147381663322448730e-01	4.696349054574966431e-02	6.152543704956769943e-03	3.620404750108718872e-02	3.799920959863811731e-04
2.368435382843017578e+00	1.000000000000000000e+00	1.674051769077777863e-02	1.772614195942878723e-02	8.874431252479553223e-03	1.679047010838985443e-02	2.321120500564575195e-01	4.932470619678497314e-03	1.386488676071166992e-01	4.654033482074737549e-02	6.695427000522613525e-03	3.936081379652023315e-02	6.056138081476092339e-04
2.414875268936157227e+00	1.000000000000000000e+00	9.868076071143150330e-03	1.881082728505134583e-02	7.827457040548324585e-03	2.098901197314262390e-02	2.315021753311157227e-01	3.234254196286201477e-03	1.372573375701904297e-01	4.735829681158065796e-02	7.616379298269748688e-03	3.448634967207908630e-02	4.925838438794016838e-04
2.461315155029296875e+00	1.000000000000000000e+00	1.074394583702087402e-02	1.963211596012115479e-02	9.970118291676044464e-03	2.569168806076049805e-02	2.313320785760879517e-01	4.402286373078823090e-03	1.388801783323287964e-01	4.802757501602172852e-02	1.003031805157661438e-02	4.011571407318115234e-02	1.245387713424861431e-03
2.507755041122436523e+00	1.000000000000000000e+00	1.477352157235145569e-02	2.170710265636444092e-02	8.825147524476051331e-03	3.387813642621040344e-02	2.336037755012512207e-01	6.503694690763950348e-03	5.617297813296318054e-02	5.032771453261375427e-02	1.170662697404623032e-02	4.878931492567062378e-02	2.215319080278277397e-03
2.554194927215576172e+00	1.000000000000000000e+00	4.512275010347366333e-02	2.663845755159854889e-02	3.163619711995124817e-02	1.255263537168502808e-01	2.379078269004821777e-01	2.251565642654895782e-02	9.636066108942031860e-02	5.551236122846603394e-02	4.002514854073524475e-02	1.140546202659606934e-01	7.851567119359970093e-03
2.600634813308715820e+00	1.000000000000000000e+00	1.272645778954029083e-02	2.100794389843940735e-02	2.031175233423709869e-02	6.519751250743865967e-02	2.305777370929718018e-01	8.492097258567810059e-03	1.495295464992523193e-01	4.994481429457664490e-02	2.139537036418914795e-02	7.128985226154327393e-02	3.416060935705900192e-03
2.647074937820434570e+00	1.000000000000000000e+00	5.564760882407426834e-03	2.182104811072349548e-02	2.128606103360652924e-02	6.898436695337295532e-02	2.283776104450225830e-01	6.658593192696571350e-03	2.174214869737625122e-01	4.911332949995994568e-02	2.359270676970481873e-02	6.437902152538299561e-02	3.606314305216073990e-03
2.693514823913574219e+00	1.000000000000000000e+00	5.442585796117782593e-03	2.104024216532707214e-02	1.294445525854825974e-02	3.893921151757240295e-02	2.313535809516906738e-01	4.206163808703422546e-03	1.305098384618759155e-01	4.918355494737625122e-02	1.376752927899360657e-02	4.846538603305816650e-02	2.037688856944441795e-03
2.739954710006713867e+00	1.000000000000000000e+00	1.159961568191647530e-03	2.007922902703285217e-02	8.888314478099346161e-03	2.906954661011695862e-02	2.325265705585479736e-01	2.418066142126917839e-03	9.606941044330596924e-02	4.868378862738609314e-02	1.015327312052249908e-02	4.267688840627670288e-02	1.503179199062287807e-03
2.786394596099853516e+00	1.000000000000000000e+00	9.943976765498518944e-04	2.209053747355937958e-02	6.758416537195444107e-03	2.070930041372776031e-02	2.323801070451736450e-01	1.968435011804103851e-03	6.088489294052124023e-02	5.041126906871795654e-02	7.520377635955810547e-03	4.027533531188964844e-02	1.399225089699029922e-03
2.832834482192993164e+00	1.000000000000000000e+00	3.459837520495057106e-03	2.145650982856750488e-02	5.925416015088558197e-03	2.247481234371662140e-02	2.328790128231048584e-01	2.572732977569103241e-03	4.822342097759246826e-02	5.006258934736251831e-02	7.590641267597675323e-03	4.035899043083190918e-02	1.210551476106047630e-03
2.879274368286132812e+00	1.000000000000000000e+00	7.850441033951938152e-04	2.159183472394943237e-02	6.514382548630237579e-03	2.001881413161754608e-02	2.325208783149719238e-01	1.941704773344099522e-03	5.022565275430679321e-02	5.024313926696777344e-02	7.074117194861173630e-03	4.169319942593574524e-02	1.112518017180263996e-03
2.925714254379272461e+00	1.000000000000000000e+00	1.033966545946896076e-03	2.252399735152721405e-02	8.382917381823062897e-03	2.298551611602306366e-02	2.317925095558166504e-01	2.327500842511653900e-03	7.419481128454208374e-02	5.079843103885650635e-02	8.539086207747459412e-03	4.436070472002029419e-02	1.512286718934774399e-03
2.972154140472412109e+00	1.000000000000000000e+00	2.280019223690032959e-03	2.115215361118316650e-02	9.032387286424636841e-03	2.567163668572902679e-02	2.318102568387985229e-01	2.697605406865477562e-03	8.977494388818740845e-02	4.953127726912498474e-02	9.414765983819961548e-03	4.410419240593910217e-02	1.371559570543467999e-03
3.018594026565551758e+00	1.000000000000000000e+00	2.472153166308999062e-03	2.222743630409240723e-02	9.663744829595088959e-03	2.791286818683147430e-02	2.313004285097122192e-01	2.946126041933894157e-03	9.351685643196105957e-02	5.032706260681152344e-02	1.030146237462759018e-02	4.506024718284606934e-02	1.589062507264316082e-03
3.065033912658691406e+00	1.000000000000000000e+00	1.650345162488520145e-03	2.197128906846046448e-02	9.475976228713989258e-03	2.757865563035011292e-02	2.313462942838668823e-01	2.634641481563448906e-03	9.293553978204727173e-02	5.016385018825531006e-02	1.020224299281835556e-02	4.396580532193183899e-02	1.708913827314972878e-03
3.111474037170410156e+00	1.000000000000000000e+00	1.361284404993057251e-03	2.153596840798854828e-02	8.807398378849029541e-03	2.606504969298839569e-02	2.316458225250244141e-01	2.495129359886050224e-03	8.666333556175231934e-02	4.986669123172760010e-02	9.514120407402515411e-03	4.373169317841529846e-02	1.372900092974305153e-03
3.157913923263549805e+00	1.000000000000000000e+00	1.277587725780904293e-03	2.149185910820960999e-02	8.370328694581985474e-03	2.361732721328735352e-02	2.319242060184478760e-01	2.349162939935922623e-03	7.849878817796707153e-02	4.995604231953620911e-02	8.789256215095520020e-03	4.343051463365554810e-02	1.339411945082247257e-03
3.204353809356689453e+00	1.000000000000000000e+00	1.275549991987645626e-03	2.139550819993019104e-02	7.692728191614151001e-03	2.239640615880489349e-02	2.320977151393890381e-01	2.198559930548071861e-03	7.134526222944259644e-02	4.992053657770156860e-02	8.259579539299011230e-03	4.217677190899848938e-02	1.406740746460855007e-03
3.250793695449829102e+00	1.000000000000000000e+00	9.034579270519316196e-04	2.129963040351867676e-02	7.119723130017518997e-03	2.019378356635570526e-02	2.321917116641998291e-01	1.992971636354923248e-03	6.557866185903549194e-02	4.990716651082038879e-02	7.409512065351009369e-03	4.178566485643386841e-02	1.096744672395288944e-03
3.297233581542968750e+00	1.000000000000000000e+00	8.809693390503525734e-04	2.127587050199508667e-02	7.055173628032207489e-03	2.025269158184528351e-02	2.322353124618530273e-01	1.995941391214728355e-03	6.396273523569107056e-02	4.983437061309814453e-02	7.511663716286420822e-03	4.175420477986335754e-02	1.259461627341806889e-03
3.343673467636108398e+00	1.000000000000000000e+00	8.658598526380956173e-04	2.110510505735874176e-02	6.752247456461191177e-03	1.986299082636833191e-02	2.322927862405776978e-01	1.917109824717044830e-03	6.268468499183654785e-02	4.975215345621109009e-02	7.325112354010343552e-03	4.089440777897834778e-02	1.061007264070212841e-03
3.390113353729248047e+00	1.000000000000000000e+00	9.310347377322614193e-04	2.103366889059543610e-02	7.035495713353157043e-03	1.996000483632087708e-02	2.322705686092376709e-01	1.975046470761299133e-03	6.528009474277496338e-02	4.974481463432312012e-02	7.351354695856571198e-03	4.152665287256240845e-02	1.066862372681498528e-03
3.436553239822387695e+00	1.000000000000000000e+00	9.803314460441470146e-04	2.129383198916912079e-02	7.861630059778690338e-03	2.155944518744945526e-02	2.319328039884567261e-01	2.142622135579586029e-03	7.474856078624725342e-02	4.977577924728393555e-02	8.079807274043560028e-03	4.245841503143310547e-02	1.346362405456602573e-03
3.482993125915527344e+00	1.000000000000000000e+00	9.552271221764385700e-04	2.125818096101284027e-02	8.305216208100318909e-03	2.278498746454715729e-02	2.317031323909759521e-01	2.185427816584706306e-03	8.447994291782379150e-02	4.971239343285560608e-02	8.490920066833496094e-03	4.238768294453620911e-02	1.176677062176167965e-03
3.529433012008666992e+00	1.000000000000000000e+00	1.073052291758358479e-03	2.140108868479728699e-02	8.964507840573787689e-03	2.424123324453830719e-02	2.315275669097900391e-01	2.363310428336262703e-03	8.886665850877761841e-02	4.980504512786865234e-02	9.094956330955028534e-03	4.370482265949249268e-02	1.356851193122565746e-03
3.575872898101806641e+00	1.000000000000000000e+00	1.143854227848351002e-03	2.160871773958206177e-02	9.181425906717777252e-03	2.560436353087425232e-02	2.313851267099380493e-01	2.430932829156517982e-03	9.207306802272796631e-02	4.988225549459457397e-02	9.557170793414115906e-03	4.362582787871360779e-02	1.550758141092956066e-03
3.622313022613525391e+00	1.000000000000000000e+00	1.095408340916037560e-03	2.163652330636978149e-02	9.480183944106101990e-03	2.609156817197799683e-02	2.313399165868759155e-01	2.510545076802372932e-03	9.329073131084442139e-02	4.993634670972824097e-02	9.754076600074768066e-03	4.474327713251113892e-02	1.308488775976002216e-03
3.668752908706665039e+00	1.000000000000000000e+00	1.179925631731748581e-03	2.204239368438720703e-02	1.101758237928152084e-02	3.320062533020973206e-02	2.307916283607482910e-01	2.888663206249475479e-03	1.079782471060752869e-01	5.014511942863464355e-02	1.205578725785017014e-02	4.593355953693389893e-02	1.443270361050963402e-03
3.715192794799804688e+00	8.398123979568481445e-01	4.100641235709190369e-02	2.705152705311775208e-02	7.538793981075286865e-02	1.473707705736160278e-02	1.000000000000000000e+00	1.425208523869514465e-02	1.758122071623802185e-02	1.388408690690994263e-01	1.069920696318149567e-02	2.303936332464218140e-01	4.441126808524131775e-02
3.761632680892944336e+00	4.011800289154052734e-01	3.735036551952362061e-01	6.769170165061950684e-01	4.730921983718872070e-02	2.697008550167083740e-01	1.000000000000000000e+00	8.610609173774719238e-02	1.754480749368667603e-01	3.578684031963348389e-01	1.236664354801177979e-01	2.766258716583251953e-01	1.838547550141811371e-02
3.808072566986083984e+00	5.247594714164733887e-01	4.202323406934738159e-02	3.943612426519393921e-02	7.379549741744995117e-02	1.104225011658854783e-04	1.000000000000000000e+00	3.858732525259256363e-04	1.959520019590854645e-02	3.315549343824386597e-02	1.609766483306884766e-01	2.246181070804595947e-01	1.628809981048107147e-02
3.854512453079223633e+00	6.942073106765747070e-01	5.244307518005371094e-01	7.904523611068725586e-01	2.786218374967575073e-02	2.307469248771667480e-01	1.000000000000000000e+00	1.026302278041839600e-01	2.582818567752838135e-01	4.642042219638824463e-01	3.912631422281265259e-02	2.699553668498992920e-01	8.061712384223937988e-01
3.900952339172363281e+00	8.141102790832519531e-01	1.576916128396987915e-01	2.079273909330368042e-01	1.637841761112213135e-01	1.614966243505477905e-01	1.000000000000000000e+00	1.899442635476589203e-02	8.210898190736770630e-02	5.539706349372863770e-01	4.112141206860542297e-02	2.433158308267593384e-01	6.650440394878387451e-03
3.947392225265502930e+00	8.173407912254333496e-01	4.500066116452217102e-02	2.896199226379394531e-01	2.461792901158332825e-02	1.113704405725002289e-02	1.000000000000000000e+00	1.696364283561706543e-01	7.529009133577346802e-02	6.541092693805694580e-02	9.107742458581924438e-02	2.239295691251754761e-01	4.450109973549842834e-02
3.993832111358642578e+00	5.250469446182250977e-01	7.740809023380279541e-02	2.112038135528564453e-01	5.000017210841178894e-02	3.047955334186553955e-01	1.000000000000000000e+00	1.227081567049026489e-02	1.424515992403030396e-01	2.819318696856498718e-02	8.778513967990875244e-02	3.335816562175750732e-01	8.392469882965087891e-01
4.040272235870361328e+00	2.037107199430465698e-01	1.206331998109817505e-01	8.506077527999877930e-02	2.997521311044692993e-02	2.646515667438507080e-01	1.000000000000000000e+00	2.411940507590770721e-02	9.718064963817596436e-02	2.455879561603069305e-02	3.762387931346893311e-01	2.247530519962310791e-01	9.231452345848083496e-01
4.086711883544921875e+00	2.758871018886566162e-01	2.169430404901504517e-01	6.200023889541625977e-01	1.161662265658378601e-01	2.004746943712234497e-01	1.000000000000000000e+00	2.280027978122234344e-02	2.110882401466369629e-01	4.964468181133270264e-01	6.436990946531295776e-02	2.841869294643402100e-01	7.679082155227661133e-01
4.133152008056640625e+00	7.340662479400634766e-01	3.527911007404327393e-01	5.945547223091125488e-01	1.169352754950523376e-01	3.380823135375976562e-02	1.000000000000000000e+00	1.378096789121627808e-01	1.501234620809555054e-01	6.957215815782546997e-02	8.857202529907226562e-02	2.884664833545684814e-01	8.098420500755310059e-02
4.179591655731201172e+00	9.356235712766647339e-02	3.760600388050079346e-01	5.477335453033447266e-01	2.387523800134658813e-01	1.244598403573036194e-01	1.000000000000000000e+00	9.224823862314224243e-02	2.862382233142852783e-01	8.215580135583877563e-02	6.837539374828338623e-02	3.690235018730163574e-01	3.182455599308013916e-01
4.226031780242919922e+00	7.413424849510192871e-01	2.516019046306610107e-01	9.265335649251937866e-02	2.457118183374404907e-01	1.187326312065124512e-01	1.000000000000000000e+00	5.248750746250152588e-02	3.944819420576095581e-02	1.632629632949829102e-01	3.282411396503448486e-01	2.152602672576904297e-01	4.892273247241973877e-01
4.272471427917480469e+00	7.757604718208312988e-01	5.883503332734107971e-02	1.252603679895401001e-01	1.163656264543533325e-01	4.373096227645874023e-01	1.000000000000000000e+00	8.770021796226501465e-02	6.563218683004379272e-02	9.242095798254013062e-02	3.955793082714080811e-01	5.953820347785949707e-01	6.985268592834472656e-01
4.318911552429199219e+00	6.943562626838684082e-01	4.552593529224395752e-01	8.329584598541259766e-01	5.245732888579368591e-02	7.569126784801483154e-02	1.000000000000000000e+00	1.345897167921066284e-01	2.596274614334106445e-01	1.945126615464687347e-02	4.716689512133598328e-02	2.924644052982330322e-01	1.324406564235687256e-01
4.365351676940917969e+00	2.469856441020965576e-01	1.031219437718391418e-01	4.567694962024688721e-01	1.296681761741638184e-01	1.038608625531196594e-01	4.531421363353729248e-01	7.860273122787475586e-02	1.000000000000000000e+00	1.164826378226280212e-02	4.111618101596832275e-01	5.205996632575988770e-01	1.599055379629135132e-01
4.411791324615478516e+00	2.584223151206970215e-01	1.586189866065979004e-01	4.440875723958015442e-03	6.919868290424346924e-02	1.378129273653030396e-01	2.836968600749969482e-01	1.921964436769485474e-01	1.000000000000000000e+00	1.417867001146078110e-02	6.014023348689079285e-02	6.053199246525764465e-02	6.382237672805786133e-01
4.458231449127197266e+00	3.159457445144653320e-01	9.931166172027587891e-01	3.183735162019729614e-02	1.716951876878738403e-01	1.388465166091918945e-01	5.601386353373527527e-02	3.700786530971527100e-01	1.000000000000000000e+00	1.089064776897430420e-01	1.909390687942504883e-01	4.089621007442474365e-01	6.107980757951736450e-02
4.504671096801757812e+00	2.241729795932769775e-01	5.703782080672681332e-04	8.231568336486816406e-01	1.826312690973281860e-01	4.417103901505470276e-02	7.096553593873977661e-02	2.828009799122810364e-02	1.000000000000000000e+00	2.286312915384769440e-02	3.686894103884696960e-02	6.727150678634643555e-01	3.496937220916152000e-03
4.551111221313476562e+00	2.466753125190734863e-01	1.121663860976696014e-02	8.479697704315185547e-01	3.380061686038970947e-02	1.003743782639503479e-01	7.760945707559585571e-02	4.390837252140045166e-01	1.000000000000000000e+00	3.920869529247283936e-02	2.466173022985458374e-01	9.281457215547561646e-02	1.205400228500366211e-01
4.597550868988037109e+00	2.140838354825973511e-01	5.288603529334068298e-02	2.340458780527114868e-01	6.694947183132171631e-02	1.618944555521011353e-01	3.667670115828514099e-02	4.242324829101562500e-01	1.000000000000000000e+00	3.690097481012344360e-02	1.841146945953369141e-01	1.848045177757740021e-02	7.519686818122863770e-01
4.643990993499755859e+00	2.227692455053329468e-01	7.800799012184143066e-01	4.110849797725677490e-01	1.431839913129806519e-01	7.227213680744171143e-02	2.771634794771671295e-02	1.660035252571105957e-01	1.000000000000000000e+00	6.675520539283752441e-01	4.648317024111747742e-02	4.277108609676361084e-01	7.814130187034606934e-02
4.690430641174316406e+00	2.394079416990280151e-01	2.033724486827850342e-01	1.837411224842071533e-01	3.017193377017974854e-01	8.362970501184463501e-02	3.465836495161056519e-02	3.373630642890930176e-01	1.000000000000000000e+00	3.807109966874122620e-02	1.633879393339157104e-01	9.374669790267944336e-01	6.845463067293167114e-02
4.736870765686035156e+00	1.000000000000000000e+00	1.186658218502998352e-01	4.906864762306213379e-01	7.688213884830474854e-02	1.734039485454559326e-01	3.932407200336456299e-01	3.152647987008094788e-02	9.514268040657043457e-01	5.282188057899475098e-01	7.096956670284271240e-02	2.191592454910278320e-01	2.495680376887321472e-02
4.783310890197753906e+00	2.386534214019775391e-01	6.991642713546752930e-01	1.207019463181495667e-01	6.510019302368164062e-02	6.815173476934432983e-02	3.409609943628311157e-02	3.705457150936126709e-01	1.000000000000000000e+00	2.245132345706224442e-03	8.425100147724151611e-02	3.044437803328037262e-02	2.621957361698150635e-01
4.829750537872314453e+00	2.489098906517028809e-01	8.156347274780273438e-01	3.561806306242942810e-02	5.354915559291839600e-02	1.244019903242588043e-02	3.767721727490425110e-02	2.021212875843048096e-01	1.000000000000000000e+00	1.958840992301702499e-03	6.080781295895576477e-02	1.165221910923719406e-02	5.023483932018280029e-02
4.876190662384033203e+00	2.840960919857025146e-01	9.343147873878479004e-01	3.321021497249603271e-01	2.088335156440734863e-01	2.137621864676475525e-02	7.650353014469146729e-02	2.693433165550231934e-01	1.000000000000000000e+00	3.246280178427696228e-02	4.995806142687797546e-02	7.412985563278198242e-01	5.805380269885063171e-02
4.922630310058593750e+00	2.106074094772338867e-01	6.357364654541015625e-01	8.115132451057434082e-01	1.477627605199813843e-01	1.577387154102325439e-01	6.444890499114990234e-01	5.732260942459106445e-01	1.000000000000000000e+00	3.027487359941005707e-02	8.663420379161834717e-02	1.949346661567687988e-01	6.404968500137329102e-01
4.969070434570312500e+00	2.767570316791534424e-01	8.900657296180725098e-01	2.886698246002197266e-01	1.086681261658668518e-01	3.415201306343078613e-01	9.329635500907897949e-01	1.000000000000000000e+00	9.945051670074462891e-01	6.601233780384063721e-02	5.606652498245239258e-01	4.285699129104614258e-01	5.543459653854370117e-01
5.015510082244873047e+00	2.471727877855300903e-01	6.888540834188461304e-02	2.598920464515686035e-01	6.822235882282257080e-02	1.834070682525634766e-01	4.196101427078247070e-02	5.354063510894775391e-01	1.000000000000000000e+00	4.315436258912086487e-02	1.398550719022750854e-01	2.652052976191043854e-02	8.829315304756164551e-01
5.061950206756591797e+00	2.256049364805221558e-01	7.815219163894653320e-01	5.556923151016235352e-01	1.976090073585510254e-01	3.648324608802795410e-01	2.677778340876102448e-02	1.714001744985580444e-01	1.000000000000000000e+00	6.995185017585754395e-01	1.085513457655906677e-01	6.750181913375854492e-01	2.162725478410720825e-02
5.108389854431152344e+00	2.454880028963088989e-01	7.753174006938934326e-02	3.624693453311920166e-01	2.746049165725708008e-01	6.432335078716278076e-02	3.518576920032501221e-02	1.803693473339080811e-01	1.000000000000000000e+00	3.255525603890419006e-02	1.364757269620895386e-01	9.244393706321716309e-01	3.890017047524452209e-02
5.154829978942871094e+00	1.000000000000000000e+00	1.715210527181625366e-01	3.135275244712829590e-01	1.265983879566192627e-01	2.706986963748931885e-01	2.118432521820068359e-01	1.807064861059188843e-01	8.712884187698364258e-01	4.330420494079589844e-01	7.402603328227996826e-02	3.985992372035980225e-01	5.135777592658996582e-02
5.201269626617431641e+00	2.364000231027603149e-01	7.069936394691467285e-01	1.495195627212524414e-01	7.948041707277297974e-02	6.014038994908332825e-02	1.388595104217529297e-01	3.347448706626892090e-01	1.000000000000000000e+00	2.647903747856616974e-03	1.550148278474807739e-01	4.728609696030616760e-02	2.493212074041366577e-01
5.247709751129150391e+00	3.318617641925811768e-01	8.787181377410888672e-01	8.045866340398788452e-02	6.971692293882369995e-02	3.778333589434623718e-02	6.695811450481414795e-02	2.225285023450851440e-01	1.000000000000000000e+00	2.367068827152252197e-02	8.415191620588302612e-02	2.321548201143741608e-02	1.528977453708648682e-01
5.294149875640869141e+00	2.797077000141143799e-01	8.326138257980346680e-01	3.238556087017059326e-01	1.644889116287231445e-01	1.992359757423400879e-02	9.945020079612731934e-02	1.923331320285797119e-01	1.000000000000000000e+00	1.863523758947849274e-02	5.783028528094291687e-02	4.291328787803649902e-01	5.021806433796882629e-02
5.340589523315429688e+00	2.234659790992736816e-01	9.030768871307373047e-01	2.979107201099395752e-01	9.777314960956573486e-02	4.974113032221794128e-02	2.799663543701171875e-01	5.807855725288391113e-01	1.000000000000000000e+00	4.758675117045640945e-03	1.504219770431518555e-01	7.290489226579666138e-02	2.901444137096405029e-01
5.387029647827148438e+00	2.349140942096710205e-01	9.577968120574951172e-01	2.213051915168762207e-01	6.478918343782424927e-02	3.659985065460205078e-01	1.897187083959579468e-01	3.954615890979766846e-01	1.000000000000000000e+00	1.740011572837829590e-02	6.778125762939453125e-01	7.319257408380508423e-02	4.866627156734466553e-01
5.433469295501708984e+00	2.511923313140869141e-01	5.576677992939949036e-02	2.167720049619674683e-01	6.090961396694183350e-02	1.879785060882568359e-01	4.077515006065368652e-02	6.537944078445434570e-01	1.000000000000000000e+00	3.783998265862464905e-02	1.092298850417137146e-01	1.914647035300731659e-02	9.011238217353820801e-01
5.479909420013427734e+00	2.522897124290466309e-01	7.826234102249145508e-01	5.321131348609924316e-01	1.822790205478668213e-01	3.836027979850769043e-01	3.268667683005332947e-02	1.794212609529495239e-01	1.000000000000000000e+00	8.143548369407653809e-01	1.124478131532669067e-01	6.264103651046752930e-01	6.349486857652664185e-02
5.526349067687988281e+00	2.410607933998107910e-01	1.600030809640884399e-01	4.516109228134155273e-01	2.659997045993804932e-01	7.679817825555801392e-02	3.340184316039085388e-02	2.692317068576812744e-01	1.000000000000000000e+00	3.225025534629821777e-02	1.290236860513687134e-01	9.082674980163574219e-01	5.315650627017021179e-02
5.572789192199707031e+00	1.000000000000000000e+00	2.228420078754425049e-01	3.456530869007110596e-01	1.042170450091362000e-01	3.115985095500946045e-01	2.096993625164031982e-01	1.768117994070053101e-01	8.780174851417541504e-01	5.225549936294555664e-01	8.401362597942352295e-02	3.123994171619415283e-01	3.652904182672500610e-02
5.619228839874267578e+00	2.682682871818542480e-01	5.521195530891418457e-01	1.911966651678085327e-01	6.459604948759078979e-02	2.085206471383571625e-02	4.005591571331024170e-02	3.690325915813446045e-01	1.000000000000000000e+00	6.143160630017518997e-03	1.109225377440452576e-01	1.848894357681274414e-02	9.032262861728668213e-02
5.665668964385986328e+00	2.784592807292938232e-01	8.647965788841247559e-01	8.497764170169830322e-02	6.964389234781265259e-02	4.676506668329238892e-02	4.750940203666687012e-02	2.134869694709777832e-01	1.000000000000000000e+00	2.020882256329059601e-02	6.894435733556747437e-02	2.647672034800052643e-02	1.704250574111938477e-01
5.712108612060546875e+00	2.729754447937011719e-01	8.632989525794982910e-01	2.928214669227600098e-01	1.216941326856613159e-01	2.383628115057945251e-02	8.667384088039398193e-02	2.003262937068939209e-01	1.000000000000000000e+00	3.578592091798782349e-02	5.218649655580520630e-02	2.705121934413909912e-01	4.214371740818023682e-02
5.758548736572265625e+00	2.205928117036819458e-01	8.407767415046691895e-01	3.350967466831207275e-01	1.081569641828536987e-01	6.668622046709060669e-02	4.370534420013427734e-01	8.925965428352355957e-01	1.000000000000000000e+00	1.600604876875877380e-02	1.434651911258697510e-01	1.108320876955986023e-01	3.893626928329467773e-01
5.804988861083984375e+00	2.581715285778045654e-01	1.510302349925041199e-02	2.685645222663879395e-01	2.245080322027206421e-01	1.842211745679378510e-02	1.450817435979843140e-01	2.816091477870941162e-02	1.000000000000000000e+00	2.548048458993434906e-02	1.110960692167282104e-01	6.401412487030029297e-01	1.279912889003753662e-02
5.851428508758544922e+00	2.335653007030487061e-01	7.815429568290710449e-01	2.010194025933742523e-02	1.348565965890884399e-01	2.950338460505008698e-02	5.184053629636764526e-02	1.652957201004028320e-01	1.000000000000000000e+00	2.142276465892791748e-01	6.923282146453857422e-02	7.746467739343643188e-02	8.327043056488037109e-02
5.897868633270263672e+00	2.322617024183273315e-01	9.410555362701416016e-01	1.846960783004760742e-01	7.463746517896652222e-02	1.739213913679122925e-01	4.482404142618179321e-02	3.021976351737976074e-01	1.000000000000000000e+00	2.154972553253173828e-01	3.207253217697143555e-01	2.358805015683174133e-02	3.635343611240386963e-01
5.944308280944824219e+00	1.000000000000000000e+00	1.441238224506378174e-01	2.727853953838348389e-01	2.129951715469360352e-01	1.579576730728149414e-01	1.849867850542068481e-01	1.340821534395217896e-01	8.971607089042663574e-01	8.959440141916275024e-02	8.589591830968856812e-02	8.229533433914184570e-01	1.932442560791969299e-02
5.990748405456542969e+00	7.087917923927307129e-01	9.950687885284423828e-01	1.215133219957351685e-01	1.087637692689895630e-01	9.180977195501327515e-02	2.568047642707824707e-01	4.888560771942138672e-01	1.000000000000000000e+00	2.284157425165176392e-01	6.804942339658737183e-02	2.036377042531967163e-01	9.723516553640365601e-02
6.037188053131103516e+00	7.186011970043182373e-02	5.163615942001342773e-01	8.548542857170104980e-01	1.853826940059661865e-01	7.200353592634201050e-02	1.000000000000000000e+00	1.074319481849670410e-01	3.430486023426055908e-01	1.311414390802383423e-01	7.790800184011459351e-02	2.703542113304138184e-01	9.103091806173324585e-02
6.083628177642822266e+00	2.083036303520202637e-02	2.427793741226196289e-01	3.142488300800323486e-01	3.829389810562133789e-02	3.489465713500976562e-01	1.000000000000000000e+00	4.577083140611648560e-02	1.056493520736694336e-01	7.112245657481253147e-04	8.106860518455505371e-01	2.370813935995101929e-01	1.702711135149002075e-01
6.130067825317382812e+00	4.052977561950683594e-01	2.314699441194534302e-01	4.963111281394958496e-01	2.588429152965545654e-01	1.917903870344161987e-01	1.000000000000000000e+00	1.385304033756256104e-01	1.785347163677215576e-01	8.017846941947937012e-01	2.189185470342636108e-02	4.141572117805480957e-01	5.662776827812194824e-01
6.176507949829101562e+00	8.177320361137390137e-01	2.056993097066879272e-01	2.934239804744720459e-01	8.681322634220123291e-02	8.560321480035781860e-02	1.000000000000000000e+00	2.251018583774566650e-02	9.159795194864273071e-02	7.063717246055603027e-01	1.410120725631713867e-02	2.607873678207397461e-01	5.578422453254461288e-03
6.222948074340820312e+00	4.361420869827270508e-02	2.358399778604507446e-01	9.121317863464355469e-01	4.310935363173484802e-02	1.090670451521873474e-01	1.000000000000000000e+00	5.617755278944969177e-02	2.760487198829650879e-01	6.678905803710222244e-03	5.504360795021057129e-01	3.055090904235839844e-01	1.434512995183467865e-02
6.269387722015380859e+00	2.630323469638824463e-01	5.103804171085357666e-02	9.778486192226409912e-02	7.810822874307632446e-02	1.924420446157455444e-01	1.243646889925003052e-01	6.611741781234741211e-01	1.000000000000000000e+00	3.433770313858985901e-02	1.119873449206352234e-01	7.613279670476913452e-02	9.316213726997375488e-01
6.315827846527099609e+00	2.561125755310058594e-01	8.129020333290100098e-01	1.463459525257349014e-02	6.842145323753356934e-01	4.966005682945251465e-01	9.142854809761047363e-02	2.112247198820114136e-01	1.000000000000000000e+00	2.233540713787078857e-01	1.502484381198883057e-01	8.090458512306213379e-01	8.689941465854644775e-02
6.362267494201660156e+00	2.326592206954956055e-01	5.776329711079597473e-02	4.306158721446990967e-01	2.871487736701965332e-01	8.139149099588394165e-02	1.670655459165573120e-01	2.654605805873870850e-01	1.000000000000000000e+00	3.809986263513565063e-02	8.052905648946762085e-02	8.621158599853515625e-01	5.819592997431755066e-02
6.408707618713378906e+00	3.899073600769042969e-01	2.673544585704803467e-01	2.517851889133453369e-01	1.334831267595291138e-01	4.837052524089813232e-01	3.368720114231109619e-01	1.709696352481842041e-01	1.000000000000000000e+00	9.479438066482543945e-01	1.338357180356979370e-01	1.238584220409393311e-01	1.341612339019775391e-01
6.455147266387939453e+00	2.323565781116485596e-01	5.541344285011291504e-01	4.760790988802909851e-02	9.938094764947891235e-02	3.931520879268646240e-02	8.362763375043869019e-02	2.347948849201202393e-01	1.000000000000000000e+00	3.025837475433945656e-03	1.050040200352668762e-01	1.108861863613128662e-01	1.712669134140014648e-01
6.501587390899658203e+00	2.408500164747238159e-01	1.000000000000000000e+00	4.948142543435096741e-02	8.094204962253570557e-02	5.074198171496391296e-02	3.172612190246582031e-01	2.963050305843353271e-01	9.935387372970581055e-01	9.303423762321472168e-02	7.891321927309036255e-02	9.108226746320724487e-02	1.474026292562484741e-01
6.548027038574218750e+00	2.125700265169143677e-01	6.071754097938537598e-01	2.949449717998504639e-01	6.920802593231201172e-02	8.455457538366317749e-02	2.555831372737884521e-01	1.462915986776351929e-01	1.000000000000000000e+00	3.621231392025947571e-02	4.597662389278411865e-02	9.953603893518447876e-02	2.385460287332534790e-01
6.594467163085937500e+00	6.463184952735900879e-01	5.638971328735351562e-01	7.552751898765563965e-01	7.992206513881683350e-02	1.120167821645736694e-01	1.000000000000000000e+00	5.585176944732666016e-01	9.341127276420593262e-01	3.961714729666709900e-02	9.388916194438934326e-02	2.567690908908843994e-01	4.716396033763885498e-01
6.640906810760498047e+00	3.184717297554016113e-01	7.115124464035034180e-01	2.338035255670547485e-01	2.553018331527709961e-01	3.902286291122436523e-01	6.357514262199401855e-01	1.000000000000000000e+00	7.769755721092224121e-01	8.331695795059204102e-01	8.583576679229736328e-01	7.381539344787597656e-01	2.646128237247467041e-01
6.687346935272216797e+00	4.740808531641960144e-02	1.267565190792083740e-01	3.847965002059936523e-01	5.949996784329414368e-02	3.298797607421875000e-01	6.688059866428375244e-02	5.885137915611267090e-01	9.836909919977188110e-02	5.041186809539794922e-01	1.000000000000000000e+00	3.230288252234458923e-02	4.585415124893188477e-01
6.733787059783935547e+00	5.432498455047607422e-01	5.170467123389244080e-02	2.684532999992370605e-01	1.878497749567031860e-02	6.771510243415832520e-01	1.716162413358688354e-01	5.223963856697082520e-01	4.873985424637794495e-02	2.256196290254592896e-01	1.000000000000000000e+00	7.021291553974151611e-02	1.760404407978057861e-01
6.780226707458496094e+00	2.475302293896675110e-02	1.931237429380416870e-01	2.298514991998672485e-01	1.572865098714828491e-01	4.004044085741043091e-02	6.261251866817474365e-02	8.889558911323547363e-02	1.172682642936706543e-01	6.301227211952209473e-01	1.000000000000000000e+00	5.113200470805168152e-02	4.812043160200119019e-02
6.826666831970214844e+00	1.235883682966232300e-01	1.731980219483375549e-02	2.559819817543029785e-01	4.209917783737182617e-02	3.200116753578186035e-02	8.302009105682373047e-02	6.225309371948242188e-01	3.185638785362243652e-02	8.607153594493865967e-02	1.000000000000000000e+00	4.580583050847053528e-02	2.150970846414566040e-01
6.873106479644775391e+00	7.546839863061904907e-02	4.280384629964828491e-02	3.677805960178375244e-01	2.437382191419601440e-02	1.872903406620025635e-01	7.712153345346450806e-02	9.421949386596679688e-01	8.391425758600234985e-02	1.341006159782409668e-01	1.000000000000000000e+00	7.699427753686904907e-02	2.667858898639678955e-01
6.919546604156494141e+00	5.224732682108879089e-02	3.093395382165908813e-02	2.660744488239288330e-01	5.845889449119567871e-02	3.013776615262031555e-02	6.704694777727127075e-02	7.049183249473571777e-01	3.338475152850151062e-02	1.494798809289932251e-01	1.000000000000000000e+00	3.311619907617568970e-02	1.966852545738220215e-01
6.965986251831054688e+00	9.564377367496490479e-02	3.288521990180015564e-02	2.701400518417358398e-01	2.165916189551353455e-02	2.037382870912551880e-02	6.611263751983642578e-02	6.363165378570556641e-02	3.810728788375854492e-01	5.876685306429862976e-02	1.000000000000000000e+00	2.757816389203071594e-02	3.828107565641403198e-02
7.012426376342773438e+00	9.032303839921951294e-02	1.166057214140892029e-01	4.570693969726562500e-01	1.158514898270368576e-02	6.007398366928100586e-01	8.281055837869644165e-02	4.028245434165000916e-02	1.129178851842880249e-01	4.879005551338195801e-01	1.000000000000000000e+00	9.183891862630844116e-02	2.280385605990886688e-02
7.058866024017333984e+00	1.929736137390136719e-01	4.359871149063110352e-01	1.000000000000000000e+00	1.442281454801559448e-01	1.217832565307617188e-01	5.959987044334411621e-01	1.642406433820724487e-01	6.942299604415893555e-01	7.213136553764343262e-01	8.441703915596008301e-01	6.415627598762512207e-01	2.551404535770416260e-01
7.105306148529052734e+00	6.768406629562377930e-01	5.429928377270698547e-02	1.640644967555999756e-01	2.600128352642059326e-01	1.189080104231834412e-01	4.938326776027679443e-01	4.893105849623680115e-02	7.962309718132019043e-01	5.972399190068244934e-02	6.022160649299621582e-01	1.000000000000000000e+00	3.686665296554565430e-01
7.151745796203613281e+00	1.545248031616210938e-01	7.843655347824096680e-01	4.909683763980865479e-02	2.454400360584259033e-01	2.870393916964530945e-02	2.186177112162113190e-02	5.544633269309997559e-01	4.420883059501647949e-01	3.265959322452545166e-01	8.088550716638565063e-02	1.000000000000000000e+00	1.184015870094299316e-01
7.198185920715332031e+00	4.315030574798583984e-02	2.558652162551879883e-01	1.046651080250740051e-01	3.147188127040863037e-01	4.468905180692672729e-02	3.597225844860076904e-01	1.244926154613494873e-01	1.215406954288482666e-01	9.283839464187622070e-01	1.552299112081527710e-01	1.000000000000000000e+00	1.200706213712692261e-01
7.244626045227050781e+00	4.821800887584686279e-01	2.026619575917720795e-02	1.421422511339187622e-01	2.310228198766708374e-01	4.539776965975761414e-02	8.641330897808074951e-02	2.434335500001907349e-01	9.321449398994445801e-01	5.752764642238616943e-02	2.010137140750885010e-01	1.000000000000000000e+00	1.343051493167877197e-01
7.291065692901611328e+00	2.023861855268478394e-01	1.435389071702957153e-01	2.472428381443023682e-01	2.397965341806411743e-01	2.947271429002285004e-02	6.904373764991760254e-01	9.001215547323226929e-02	4.563326761126518250e-02	1.373577713966369629e-01	3.298251628875732422e-01	1.000000000000000000e+00	6.413641851395368576e-03
7.337505817413330078e+00	4.887783229351043701e-01	2.966918945312500000e-01	8.601298183202743530e-02	2.459735125303268433e-01	6.699558496475219727e-01	8.501248061656951904e-02	1.119142845273017883e-01	7.146056294441223145e-01	1.000000000000000000e+00	1.915818601846694946e-01	9.873570799827575684e-01	7.054836302995681763e-02
7.383945465087890625e+00	3.515025973320007324e-01	2.230882495641708374e-01	4.926420748233795166e-01	2.747327387332916260e-01	4.183674976229667664e-02	7.579925656318664551e-02	6.553546786308288574e-01	9.770778417587280273e-01	5.456844344735145569e-02	1.280389130115509033e-01	1.000000000000000000e+00	2.104083746671676636e-01
7.430385589599609375e+00	6.254737079143524170e-02	1.544616818428039551e-01	8.383723348379135132e-02	2.268139421939849854e-01	3.181071206927299500e-02	1.034986972808837891e-01	6.974793970584869385e-02	5.027395486831665039e-02	6.556491255760192871e-01	5.501949414610862732e-02	1.000000000000000000e+00	3.067354555241763592e-04
7.476825237274169922e+00	6.106318905949592590e-02	5.870820283889770508e-01	1.116829738020896912e-01	4.017408490180969238e-01	1.743372380733489990e-01	3.482494875788688660e-02	7.224158644676208496e-01	8.040511608123779297e-02	7.433218955993652344e-01	3.454642891883850098e-01	1.000000000000000000e+00	1.631801128387451172e-01
7.523265361785888672e+00	5.189865827560424805e-02	1.044110506772994995e-01	3.914327919483184814e-01	5.952523276209831238e-02	4.344192445278167725e-01	5.869432911276817322e-02	6.105446815490722656e-01	8.318543434143066406e-02	3.978727459907531738e-01	1.000000000000000000e+00	7.225971668958663940e-02	4.975374639034271240e-01
7.569705009460449219e+00	4.761852920055389404e-01	2.401867881417274475e-03	2.678786516189575195e-01	1.729998923838138580e-02	2.415975481271743774e-01	1.673967987298965454e-01	6.320592164993286133e-01	4.211492836475372314e-02	3.398875147104263306e-02	1.000000000000000000e+00	8.989466726779937744e-02	1.962332874536514282e-01
7.616145133972167969e+00	7.566587999463081360e-03	2.801072597503662109e-01	2.296236455440521240e-01	1.646263450384140015e-01	4.856634512543678284e-02	5.882798135280609131e-02	1.693349480628967285e-01	2.823957055807113647e-02	5.842571258544921875e-01	1.000000000000000000e+00	6.570661067962646484e-02	6.551807373762130737e-02
7.662585258483886719e+00	5.518671241588890553e-04	3.018238395452499390e-02	2.247625291347503662e-01	2.396294102072715759e-02	7.360335439443588257e-02	1.295816302299499512e-01	7.219343781471252441e-01	3.033793717622756958e-02	5.663654580712318420e-02	1.000000000000000000e+00	6.361730396747589111e-02	3.794627785682678223e-01
7.709024906158447266e+00	1.261717677116394043e-01	2.912817895412445068e-02	3.030861020088195801e-01	3.959932923316955566e-02	8.043025135993957520e-01	6.844447553157806396e-02	4.232214093208312988e-01	1.228190287947654724e-01	1.378803551197052002e-01	1.000000000000000000e+00	8.710319548845291138e-02	1.352304667234420776e-01
7.755465030670166016e+00	1.963965035974979401e-02	2.604687772691249847e-02	2.810066640377044678e-01	4.075605794787406921e-02	2.572090364992618561e-02	5.576947331428527832e-02	5.656747817993164062e-01	3.648573532700538635e-02	1.189631745219230652e-01	1.000000000000000000e+00	5.469283834099769592e-02	1.590568423271179199e-01
7.801904678344726562e+00	9.216482192277908325e-02	4.758447110652923584e-01	2.662147283554077148e-01	4.070235416293144226e-03	1.340953558683395386e-01	6.602555513381958008e-02	5.297954678535461426e-01	3.789803013205528259e-02	1.000000000000000000e+00	9.993971586227416992e-01	1.525755822658538818e-01	1.380456537008285522e-01
7.848344802856445312e+00	1.500109024345874786e-02	3.763102367520332336e-02	2.719292044639587402e-01	1.430428470484912395e-03	1.167171001434326172e-01	6.173840910196304321e-02	8.846021257340908051e-03	3.820596635341644287e-02	1.113905310630798340e-01	1.000000000000000000e+00	1.346005499362945557e-02	2.688514441251754761e-02
7.894784450531005859e+00	1.506676897406578064e-03	5.026327073574066162e-02	2.553606033325195312e-01	2.020474374294281006e-01	1.367887556552886963e-01	7.119765132665634155e-02	9.032125771045684814e-02	7.681629806756973267e-02	5.581073835492134094e-02	1.000000000000000000e+00	1.991410925984382629e-02	6.504841446876525879e-01
7.941224575042724609e+00	2.195529937744140625e-01	3.636797070503234863e-01	2.179838567972183228e-01	6.854740530252456665e-02	1.165521219372749329e-01	1.038043946027755737e-01	9.746531397104263306e-02	9.143422842025756836e-01	1.691109733656048775e-03	1.000000000000000000e+00	6.595738977193832397e-02	2.224883139133453369e-01
7.987664222717285156e+00	4.284203518182039261e-03	6.626922637224197388e-02	2.316456735134124756e-01	2.580083347856998444e-02	2.113133668899536133e-01	5.863672494888305664e-02	6.189540401101112366e-02	8.182225376367568970e-02	1.294705718755722046e-01	1.000000000000000000e+00	6.891943514347076416e-02	9.028798341751098633e-01
8.034104347229003906e+00	4.253056272864341736e-02	9.982626140117645264e-02	2.322485595941543579e-01	7.817812263965606689e-02	1.360218320041894913e-02	5.875891447067260742e-02	1.693525314331054688e-01	1.174718439579010010e-01	6.901000440120697021e-02	1.000000000000000000e+00	3.361235260963439941e-01	6.935644894838333130e-02
8.080544471740722656e+00	1.348505169153213501e-01	1.659804838709533215e-03	7.041408419609069824e-01	2.919128350913524628e-02	1.228017807006835938e-01	1.736201345920562744e-01	1.293925642967224121e-01	2.154151797294616699e-01	1.585212908685207367e-02	1.000000000000000000e+00	1.107533425092697144e-01	2.550427913665771484e-01
8.126984596252441406e+00	3.757381737232208252e-01	4.557119216769933701e-03	2.261976897716522217e-01	2.433918714523315430e-01	1.414154171943664551e-01	2.901517152786254883e-01	4.720001667737960815e-02	1.000000000000000000e+00	4.208921268582344055e-02	2.693832218647003174e-01	8.108679056167602539e-01	1.458002626895904541e-01
8.173423767089843750e+00	2.253064215183258057e-01	1.292764842510223389e-01	9.764818102121353149e-02	4.959987103939056396e-02	5.740970000624656677e-02	1.422631144523620605e-01	2.479178085923194885e-02	1.000000000000000000e+00	4.706640902440994978e-04	3.106562048196792603e-02	3.219837322831153870e-02	2.570746243000030518e-01
8.219863891601562500e+00	2.660666108131408691e-01	6.190062761306762695e-01	5.226394906640052795e-02	2.951512336730957031e-01	5.155431479215621948e-02	4.152565076947212219e-02	4.690759778022766113e-01	1.000000000000000000e+00	3.787021338939666748e-02	2.139654755592346191e-01	9.943417310714721680e-01	1.246034279465675354e-01
8.266304016113281250e+00	7.785828709602355957e-01	7.721590995788574219e-02	3.169455230236053467e-01	2.875471115112304688e-01	5.555381625890731812e-02	6.391339898109436035e-01	2.727458439767360687e-02	1.000000000000000000e+00	2.861872017383575439e-01	3.776411339640617371e-02	8.539524674415588379e-01	4.023374989628791809e-02
8.312744140625000000e+00	4.961526691913604736e-01	2.704054415225982666e-01	2.143519818782806396e-01	2.614105939865112305e-01	9.667291492223739624e-02	7.336981892585754395e-01	1.000000000000000000e+00	9.998884797096252441e-01	1.696223020553588867e-01	2.911806702613830566e-01	1.605639606714248657e-01	3.154958188533782959e-01
8.359183311462402344e+00	1.462147831916809082e-01	1.313311904668807983e-01	4.656414687633514404e-01	4.406612738966941833e-02	9.341858029365539551e-01	1.000000000000000000e+00	4.470235481858253479e-02	1.254319250583648682e-01	7.283421698957681656e-03	9.342545866966247559e-01	2.631052434444427490e-01	3.535576164722442627e-02
8.405623435974121094e+00	2.271704822778701782e-01	2.550987601280212402e-01	3.842656314373016357e-01	6.497228145599365234e-02	1.131464913487434387e-01	1.000000000000000000e+00	7.551053762435913086e-01	1.175820305943489075e-01	9.082345366477966309e-01	5.465625226497650146e-02	3.071937263011932373e-01	3.135662078857421875e-01
8.452063560485839844e+00	8.320618867874145508e-01	7.783705592155456543e-01	5.594140291213989258e-01	1.709140390157699585e-01	6.799567490816116333e-02	1.000000000000000000e+00	1.730462759733200073e-01	1.809487789869308472e-01	5.964436531066894531e-01	1.696767285466194153e-02	3.778546750545501709e-01	3.069249726831912994e-02
8.498503684997558594e+00	2.694768644869327545e-02	5.850020647048950195e-01	3.074826598167419434e-01	3.933840394020080566e-01	1.305227540433406830e-02	1.000000000000000000e+00	1.645343452692031860e-01	1.226029843091964722e-01	8.188413828611373901e-02	7.234779596328735352e-01	8.926140069961547852e-01	5.862846225500106812e-02
8.544942855834960938e+00	1.037379279732704163e-01	3.498037159442901611e-01	2.419871389865875244e-01	1.647089123725891113e-01	2.397715300321578979e-01	1.000000000000000000e+00	1.294266283512115479e-01	5.267566442489624023e-01	2.801669202744960785e-02	3.100278675556182861e-01	2.725025713443756104e-01	9.322146773338317871e-01
8.591382980346679688e+00	1.357531398534774780e-01	8.705420792102813721e-02	1.905488222837448120e-01	9.247262775897979736e-02	9.299003481864929199e-01	1.000000000000000000e+00	8.660224080085754395e-02	1.203613579273223877e-01	6.409592926502227783e-02	2.904627621173858643e-01	4.833398759365081787e-01	1.395606547594070435e-01
8.637823104858398438e+00	1.823131181299686432e-02	1.083562076091766357e-01	4.160248041152954102e-01	3.218634799122810364e-02	2.065870165824890137e-01	1.000000000000000000e+00	1.324305403977632523e-02	1.492019742727279663e-01	1.246399711817502975e-02	4.929859638214111328e-01	2.426597177982330322e-01	8.567634820938110352e-01
8.684263229370117188e+00	1.203395724296569824e-01	6.993815898895263672e-01	7.032341957092285156e-01	1.966533064842224121e-01	9.185470342636108398e-01	1.000000000000000000e+00	2.418797165155410767e-01	2.063884586095809937e-01	8.197939395904541016e-01	2.275644689798355103e-01	3.915728032588958740e-01	8.881125450134277344e-01
8.730703353881835938e+00	6.162158846855163574e-01	3.110315203666687012e-01	4.222149029374122620e-02	5.271478891372680664e-01	1.144091710448265076e-01	7.249406576156616211e-01	7.910392880439758301e-01	5.903209373354911804e-02	1.000000000000000000e+00	1.004870329052209854e-02	8.912455439567565918e-01	5.000043511390686035e-01
8.777142524719238281e+00	7.371401786804199219e-01	2.510050535202026367e-01	4.828977212309837341e-02	7.260571420192718506e-02	6.909722089767456055e-02	1.663692295551300049e-01	3.494838252663612366e-02	5.064520835876464844e-01	1.000000000000000000e+00	4.096923768520355225e-02	6.872671097517013550e-02	5.436778534203767776e-03
8.823582649230957031e+00	1.155749931931495667e-01	3.161073923110961914e-01	9.103417992591857910e-01	1.852757111191749573e-02	3.053730428218841553e-01	3.635800182819366455e-01	4.590985551476478577e-02	3.795685172080993652e-01	1.000000000000000000e+00	4.770658910274505615e-01	1.473520845174789429e-01	9.483296871185302734e-01
8.870022773742675781e+00	2.245830371975898743e-02	3.073247373104095459e-01	5.203040200285613537e-04	8.190780133008956909e-02	2.744292020797729492e-01	8.403803408145904541e-02	4.155116528272628784e-02	1.233613565564155579e-01	1.000000000000000000e+00	2.872407250106334686e-02	5.793244764208793640e-02	9.987856745719909668e-01
8.916462898254394531e+00	6.921861171722412109e-01	2.197369039058685303e-01	9.318571090698242188e-01	4.559552762657403946e-03	9.197296202182769775e-02	2.074827402830123901e-01	5.400267243385314941e-01	2.031645476818084717e-01	1.000000000000000000e+00	5.815089344978332520e-01	7.149043679237365723e-02	1.785905659198760986e-01
8.962902069091796875e+00	5.058142170310020447e-02	2.424263060092926025e-01	7.649237513542175293e-01	1.485330238938331604e-02	7.834355533123016357e-02	2.259153872728347778e-02	3.455355390906333923e-02	2.104060053825378418e-01	1.000000000000000000e+00	7.124131917953491211e-02	1.037282794713973999e-01	2.155389171093702316e-03
9.009342193603515625e+00	2.813666500151157379e-02	2.790367007255554199e-01	8.415961861610412598e-01	9.727613069117069244e-03	6.568360328674316406e-02	2.090790309011936188e-02	4.459410160779953003e-02	2.023264616727828979e-01	1.000000000000000000e+00	2.124041505157947540e-02	6.677475571632385254e-02	1.724400557577610016e-02
9.055782318115234375e+00	2.208377718925476074e-01	6.796792149543762207e-01	9.656804203987121582e-01	9.270863980054855347e-02	2.815228402614593506e-01	3.271314501762390137e-02	1.336863636970520020e-01	9.238721132278442383e-01	1.000000000000000000e+00	1.012009009718894958e-01	8.507899194955825806e-02	7.237262129783630371e-01
9.102222442626953125e+00	2.103388607501983643e-01	7.384652495384216309e-01	6.873090863227844238e-01	2.189693227410316467e-02	1.104941889643669128e-01	4.448799788951873779e-02	2.935748398303985596e-01	3.191023468971252441e-01	1.000000000000000000e+00	1.899542659521102905e-02	8.756812661886215210e-02	6.998094916343688965e-02
9.148662567138671875e+00	2.436761558055877686e-01	2.773301117122173309e-02	7.469329237937927246e-01	9.487103670835494995e-02	7.523433864116668701e-02	3.298386335372924805e-01	7.610958814620971680e-02	1.000000000000000000e+00	3.108279220759868622e-02	3.445180058479309082e-01	4.264702200889587402e-01	3.204898163676261902e-02
9.195101737976074219e+00	2.599611580371856689e-01	4.305313155055046082e-02	8.180452883243560791e-02	6.099748238921165466e-02	1.953290253877639771e-01	3.783835470676422119e-02	7.386517524719238281e-01	1.000000000000000000e+00	2.127788029611110687e-02	6.705921888351440430e-02	8.497124537825584412e-03	9.359365701675415039e-01
9.241541862487792969e+00	3.551271855831146240e-01	9.976261854171752930e-01	2.635945193469524384e-02	1.854399591684341431e-01	4.226798117160797119e-01	5.888132750988006592e-02	3.367986381053924561e-01	1.000000000000000000e+00	4.072239995002746582e-01	1.869238615036010742e-01	5.224096775054931641e-01	5.661590769886970520e-02
9.287981986999511719e+00	2.316327393054962158e-01	1.302887648344039917e-01	8.215430974960327148e-01	1.463851481676101685e-01	4.140421003103256226e-02	2.792054228484630585e-02	2.353928387165069580e-01	1.000000000000000000e+00	1.957382820546627045e-02	5.218979343771934509e-02	4.961813688278198242e-01	4.745781794190406799e-02
9.334422111511230469e+00	2.135173529386520386e-01	1.285447180271148682e-01	8.239083886146545410e-01	4.404992982745170593e-02	7.517913728952407837e-02	2.740273997187614441e-02	2.180841416120529175e-01	1.000000000000000000e+00	2.880749106407165527e-01	2.815861068665981293e-02	6.022722646594047546e-02	6.735355406999588013e-02
9.380861282348632812e+00	2.583409547805786133e-01	4.721753299236297607e-01	1.642819494009017944e-01	6.443981081247329712e-02	2.186019439250230789e-03	4.082347825169563293e-02	1.350077390670776367e-01	1.000000000000000000e+00	1.341442205011844635e-02	8.070362359285354614e-02	4.075384885072708130e-02	2.446779981255531311e-02
9.427301406860351562e+00	2.380769252777099609e-01	9.275990128517150879e-01	5.882592126727104187e-02	1.032744869589805603e-01	9.145066142082214355e-02	6.051588803529739380e-02	2.099224776029586792e-01	1.000000000000000000e+00	5.153969675302505493e-02	1.057818457484245300e-01	3.920324891805648804e-02	3.089120984077453613e-01
9.473741531372070312e+00	2.063410878181457520e-01	5.841518640518188477e-01	8.292689323425292969e-01	9.784901887178421021e-02	2.164987325668334961e-01	3.630256056785583496e-01	2.121274173259735107e-01	1.000000000000000000e+00	1.780473738908767700e-01	5.920989513397216797e-01	1.414091438055038452e-01	2.637707889080047607e-01
9.520181655883789062e+00	5.424945354461669922e-01	1.086496710777282715e-01	7.976582050323486328e-01	1.539994329214096069e-01	6.085740029811859131e-02	4.430387616157531738e-01	7.283782362937927246e-01	1.000000000000000000e+00	1.466076970100402832e-01	2.473852038383483887e-01	3.791913688182830811e-01	1.781883090734481812e-01
9.566621780395507812e+00	4.430013149976730347e-02	1.000000000000000000e+00	3.615970537066459656e-02	1.452856361865997314e-01	9.041414409875869751e-02	9.718074202537536621e-01	3.310211002826690674e-01	1.509423851966857910e-01	1.502016335725784302e-01	7.985882461071014404e-02	2.412313371896743774e-01	8.220140635967254639e-02
9.613060951232910156e+00	1.156558096408843994e-01	1.403643488883972168e-01	3.842152655124664307e-01	4.385565593838691711e-02	8.915050029754638672e-01	1.000000000000000000e+00	4.235463589429855347e-02	9.715611487627029419e-02	5.711212754249572754e-03	9.373480677604675293e-01	2.594897150993347168e-01	3.593172878026962280e-02
9.659501075744628906e+00	6.286979317665100098e-01	2.251193821430206299e-01	3.273018896579742432e-01	4.156273230910301208e-02	8.376725763082504272e-02	1.000000000000000000e+00	2.377917431294918060e-02	9.326625615358352661e-02	8.125378489494323730e-01	7.309549301862716675e-02	3.124947547912597656e-01	1.241044327616691589e-01
9.705941200256347656e+00	8.014556169509887695e-01	2.774106264114379883e-01	1.996771842241287231e-01	9.569608420133590698e-02	4.555939882993698120e-02	1.000000000000000000e+00	5.051466077566146851e-02	6.103866547346115112e-02	3.713810443878173828e-01	9.018006734549999237e-03	2.647958099842071533e-01	1.021214853972196579e-02
9.752381324768066406e+00	4.700704663991928101e-02	5.285420641303062439e-02	2.930149137973785400e-01	4.200241565704345703e-01	2.637061178684234619e-01	1.000000000000000000e+00	4.018227383494377136e-02	8.183307200670242310e-02	9.182832390069961548e-02	4.029501080513000488e-01	6.876313090324401855e-01	5.043031647801399231e-02
9.798820495605468750e+00	1.044065505266189575e-01	2.227843552827835083e-01	3.007415831089019775e-01	8.758869767189025879e-02	2.338193953037261963e-01	1.000000000000000000e+00	8.047686517238616943e-02	5.351356267929077148e-01	1.059581059962511063e-02	8.023487776517868042e-02	2.437107264995574951e-01	9.872454404830932617e-01
9.845260620117187500e+00	1.878848224878311157e-01	1.106291189789772034e-01	4.082705676555633545e-01	1.219799816608428955e-01	8.475207090377807617e-01	1.000000000000000000e+00	6.432278454303741455e-02	1.270707845687866211e-01	3.223504424095153809e-01	1.761797517538070679e-01	3.970910608768463135e-01	2.677634656429290771e-01
9.891700744628906250e+00	1.595400087535381317e-02	1.014285013079643250e-01	3.190449178218841553e-01	3.390667214989662170e-02	2.357999086380004883e-01	1.000000000000000000e+00	1.223611831665039062e-01	1.309946775436401367e-01	9.895704686641693115e-03	2.139688432216644287e-01	2.492037266492843628e-01	9.706034064292907715e-01
9.938140869140625000e+00	2.807383425533771515e-02	3.463211059570312500e-01	4.168301820755004883e-01	6.019611954689025879e-01	1.975513696670532227e-01	1.000000000000000000e+00	8.090937137603759766e-02	1.584899872541427612e-01	4.333743453025817871e-01	1.641639322042465210e-01	5.111185908317565918e-01	6.580102443695068359e-01
9.984580039978027344e+00	5.451376363635063171e-02	1.705164909362792969e-01	5.910834074020385742e-01	1.461510211229324341e-01	1.000000000000000000e+00	6.432576775550842285e-01	8.700959086418151855e-01	2.444955110549926758e-01	6.247620284557342529e-02	2.411798685789108276e-01	4.966468513011932373e-01	4.036148488521575928e-01
1.003102016448974609e+01	6.714306771755218506e-02	4.727296531200408936e-01	3.759310394525527954e-02	9.400006532669067383e-01	1.000000000000000000e+00	2.928360737860202789e-02	1.215032786130905151e-01	2.320034615695476532e-02	9.042729735374450684e-01	2.375847101211547852e-01	8.350697159767150879e-02	7.784581929445266724e-02
1.007746028900146484e+01	5.552755668759346008e-02	8.709542751312255859e-01	4.706444963812828064e-02	1.172604411840438843e-01	1.000000000000000000e+00	3.855873830616474152e-03	3.638048171997070312e-01	1.036127377301454544e-02	6.208434700965881348e-02	2.786309719085693359e-01	3.674429953098297119e-01	4.609567821025848389e-01
1.012390041351318359e+01	1.162392869591712952e-01	9.586241841316223145e-01	3.892980515956878662e-01	2.606291472911834717e-01	1.000000000000000000e+00	1.974544301629066467e-02	3.517802655696868896e-01	1.507755219936370850e-01	4.387163370847702026e-02	2.964540123939514160e-01	8.656135797500610352e-01	7.500161975622177124e-02
1.017034053802490234e+01	1.159071326255798340e-01	1.813795045018196106e-02	9.723587632179260254e-01	1.851959079504013062e-01	1.000000000000000000e+00	1.350110918283462524e-01	1.031061634421348572e-01	2.123881876468658447e-01	3.537780046463012695e-02	2.195564657449722290e-01	3.941251039505004883e-01	2.843296900391578674e-02
1.021677970886230469e+01	6.326950341463088989e-02	1.131400763988494873e-01	5.019085481762886047e-02	2.774646580219268799e-01	1.000000000000000000e+00	9.156242944300174713e-03	1.942267715930938721e-01	3.885021200403571129e-03	4.386928677558898926e-02	2.902488112449645996e-01	9.947642087936401367e-01	3.952442109584808350e-02
1.026321983337402344e+01	3.180534839630126953e-01	4.753501117229461670e-01	1.310943365097045898e-01	3.519486486911773682e-01	1.000000000000000000e+00	5.251087620854377747e-02	2.005424201488494873e-01	9.936637878417968750e-01	6.762015074491500854e-02	3.469351530075073242e-01	5.367038846015930176e-01	2.410874702036380768e-02
1.030965995788574219e+01	1.666919589042663574e-01	9.315107017755508423e-02	9.591436982154846191e-01	7.684156298637390137e-02	1.000000000000000000e+00	1.273032091557979584e-02	9.285753220319747925e-02	4.209952354431152344e-01	2.383113279938697815e-02	2.274590134620666504e-01	2.807296514511108398e-01	2.009139582514762878e-02
1.035610008239746094e+01	1.604587286710739136e-01	1.472122520208358765e-01	9.511716365814208984e-01	5.736753344535827637e-02	1.000000000000000000e+00	3.577252328395843506e-01	4.784880578517913818e-02	6.171780228614807129e-01	6.223155651241540909e-03	3.318625986576080322e-01	1.567680388689041138e-01	1.412499696016311646e-01
1.040253925323486328e+01	2.292398363351821899e-01	1.000000000000000000e+00	5.796578526496887207e-02	1.303240563720464706e-02	9.091473221778869629e-01	1.257958561182022095e-01	3.049744069576263428e-01	1.080490369349718094e-02	7.872500270605087280e-02	2.056682556867599487e-01	5.356873944401741028e-02	5.895392224192619324e-02
1.044897937774658203e+01	4.725146107375621796e-03	1.000000000000000000e+00	9.082401171326637268e-03	7.860332727432250977e-03	5.449695140123367310e-02	4.145716875791549683e-02	2.407738119363784790e-01	6.706098094582557678e-03	1.920381560921669006e-02	5.378314107656478882e-02	1.014781463891267776e-02	4.535797983407974243e-02
1.049541950225830078e+01	1.643409766256809235e-02	1.000000000000000000e+00	8.876531384885311127e-03	9.026035666465759277e-03	2.889001071453094482e-01	3.480090573430061340e-02	2.474327236413955688e-01	2.443068427965044975e-03	9.835525415837764740e-03	1.068652123212814331e-01	8.542095310986042023e-03	5.316592752933502197e-02
1.054185962677001953e+01	6.305797491222620010e-03	1.000000000000000000e+00	2.850228222087025642e-03	9.528869763016700745e-03	8.868298679590225220e-02	6.126679852604866028e-02	2.445951104164123535e-01	6.131361704319715500e-03	1.730527915060520172e-02	5.501857399940490723e-02	1.516456529498100281e-02	7.639765739440917969e-02
1.058829975128173828e+01	9.221101179718971252e-03	1.000000000000000000e+00	4.026112146675586700e-03	8.159857243299484253e-03	1.337146759033203125e-01	9.664648771286010742e-02	2.438364326953887939e-01	6.445548497140407562e-03	3.807955980300903320e-02	6.684215366840362549e-02	2.375682629644870758e-02	7.994277775287628174e-02
1.063473892211914062e+01	8.076949976384639740e-03	1.000000000000000000e+00	3.644825890660285950e-03	1.151446998119354248e-02	1.130744889378547668e-01	7.680064439773559570e-02	2.413534522056579590e-01	5.915386602282524109e-03	4.452924057841300964e-02	6.617009639739990234e-02	1.913772709667682648e-02	5.975769832730293274e-02
1.068117904663085938e+01	3.962269052863121033e-03	1.000000000000000000e+00	2.698041498661041260e-03	1.126079820096492767e-02	4.797788336873054504e-02	6.844374537467956543e-02	2.382343709468841553e-01	8.005850017070770264e-03	5.194111540913581848e-02	5.089735612273216248e-02	1.674151420593261719e-02	4.529167339205741882e-02
1.072761917114257812e+01	6.210681051015853882e-03	1.000000000000000000e+00	1.946206786669790745e-03	1.430913805961608887e-02	6.668626517057418823e-02	6.004841625690460205e-02	2.378792464733123779e-01	9.918611496686935425e-03	7.233534753322601318e-02	5.690584704279899597e-02	1.547299791127443314e-02	3.867791593074798584e-02
1.077405929565429688e+01	2.245279587805271149e-02	1.000000000000000000e+00	9.429395198822021484e-03	6.777330301702022552e-03	1.200102269649505615e-01	5.920214951038360596e-02	2.450934499502182007e-01	2.198094688355922699e-02	7.771693170070648193e-02	6.651937961578369141e-02	1.744627207517623901e-02	3.745960444211959839e-02
1.082049846649169922e+01	1.000000000000000000e+00	4.590273201465606689e-01	1.956616528332233429e-02	3.662996590137481689e-01	9.337833523750305176e-02	3.069729208946228027e-01	1.163303032517433167e-01	8.150810003280639648e-02	2.102031856775283813e-01	3.998926281929016113e-02	6.376253068447113037e-02	4.507659375667572021e-02
1.086693859100341797e+01	1.000000000000000000e+00	5.410680919885635376e-02	2.025924250483512878e-02	1.187238749116659164e-02	4.379476979374885559e-02	2.432362437248229980e-01	1.450208015739917755e-02	2.008202485740184784e-02	5.911684036254882812e-02	1.338823884725570679e-02	4.446410015225410461e-02	3.347911639139056206e-03
1.091337871551513672e+01	1.000000000000000000e+00	1.836037635803222656e-02	2.203660458326339722e-02	5.123359616845846176e-03	2.436505630612373352e-02	2.353261113166809082e-01	5.596220958977937698e-03	7.595100905746221542e-03	5.173340812325477600e-02	6.704490166157484055e-03	4.433212429285049438e-02	9.972407715395092964e-04
1.095981884002685547e+01	1.000000000000000000e+00	8.763319812715053558e-03	1.969745755195617676e-02	4.496023058891296387e-03	2.769585885107517242e-02	2.354588061571121216e-01	3.641222603619098663e-03	4.403676837682723999e-03	4.929575324058532715e-02	7.104461546987295151e-03	4.723130166530609131e-02	4.470728454180061817e-04
1.100625896453857422e+01	1.000000000000000000e+00	1.235904730856418610e-02	2.033669501543045044e-02	5.058163311332464218e-03	4.111221432685852051e-02	2.343416213989257812e-01	4.760342650115489960e-03	6.362469866871833801e-03	5.078423395752906799e-02	1.025662850588560104e-02	4.774842038750648499e-02	5.744711379520595074e-04
1.105269813537597656e+01	1.000000000000000000e+00	9.770793840289115906e-03	1.993685588240623474e-02	4.811982624232769012e-03	4.242177680134773254e-02	2.357700616121292114e-01	4.256031475961208344e-03	1.666864939033985138e-02	4.923932254314422607e-02	1.051633898168802261e-02	4.688345640897750854e-02	4.885200178250670433e-04
1.109913825988769531e+01	1.000000000000000000e+00	9.150169789791107178e-03	2.068565227091312408e-02	4.927397705614566803e-03	4.608867317438125610e-02	2.359391152858734131e-01	4.074913449585437775e-03	3.016649000346660614e-02	4.990901052951812744e-02	1.154824905097484589e-02	4.456795006990432739e-02	5.406251875683665276e-04
1.114557838439941406e+01	1.000000000000000000e+00	4.713618662208318710e-03	2.000847086310386658e-02	4.822251852601766586e-03	3.778402507305145264e-02	2.350559234619140625e-01	2.506402321159839630e-03	5.646385625004768372e-02	4.917944222688674927e-02	9.716658852994441986e-03	3.895910829305648804e-02	2.489897015038877726e-04
1.119201850891113281e+01	1.000000000000000000e+00	7.988165132701396942e-03	2.023085020482540131e-02	4.907431080937385559e-03	3.201152384281158447e-02	2.341119647026062012e-01	2.892279531806707382e-03	7.488924264907836914e-02	4.849027842283248901e-02	8.889419026672840118e-03	3.535404428839683533e-02	3.749150200746953487e-04
1.123845767974853516e+01	1.000000000000000000e+00	1.014597807079553604e-02	1.895042508840560913e-02	5.419338122010231018e-03	2.384760789573192596e-02	2.334145605564117432e-01	3.192035946995019913e-03	9.741428494453430176e-02	4.756061732769012451e-02	7.364220917224884033e-03	3.308184444904327393e-02	3.630085557233542204e-04
1.128489780426025391e+01	1.000000000000000000e+00	5.931912455707788467e-03	1.861561462283134460e-02	5.830941721796989441e-03	1.448854245245456696e-02	2.332515120506286621e-01	1.819257158786058426e-03	1.117269620299339294e-01	4.776453599333763123e-02	5.279343109577894211e-03	3.123974427580833435e-02	2.194734552176669240e-04
1.133133792877197266e+01	1.000000000000000000e+00	6.916407495737075806e-03	1.850204356014728546e-02	4.961319733411073685e-03	1.021846383810043335e-02	2.335181385278701782e-01	1.961089204996824265e-03	9.680251032114028931e-02	4.753768444061279297e-02	4.093070514500141144e-03	3.088492527604103088e-02	2.870779717341065407e-04
1.137777805328369141e+01	1.000000000000000000e+00	2.513701329007744789e-03	1.790397614240646362e-02	4.947521258145570755e-03	8.454715833067893982e-03	2.338625192642211914e-01	9.733466431498527527e-04	9.388517588376998901e-02	4.719972237944602966e-02	3.410974517464637756e-03	3.197467327117919922e-02	1.967637799680233002e-04
1.142421722412109375e+01	1.000000000000000000e+00	4.871475044637918472e-03	1.883908361196517944e-02	6.043597124516963959e-03	1.289695594459772110e-02	2.321589589118957520e-01	1.827511237934231758e-03	1.077795848250389099e-01	4.763200506567955017e-02	4.684416111558675766e-03	3.378271684050559998e-02	2.536017855163663626e-04
1.147065734863281250e+01	1.000000000000000000e+00	4.004685615655034781e-04	1.726891100406646729e-02	7.709140889346599579e-03	1.336906570941209793e-02	2.322821021080017090e-01	8.515726658515632153e-04	1.265585720539093018e-01	4.646291956305503845e-02	4.967815708369016647e-03	3.728894889354705811e-02	1.210177288157865405e-04
1.151709747314453125e+01	1.000000000000000000e+00	1.625617966055870056e-02	1.735192164778709412e-02	1.002306584268808365e-02	1.691424474120140076e-02	2.316749393939971924e-01	4.993213806301355362e-03	1.494889557361602783e-01	4.644313827157020569e-02	6.757566705346107483e-03	4.182165488600730896e-02	6.030569202266633511e-04
1.156353759765625000e+01	1.000000000000000000e+00	1.187804713845252991e-02	1.789964735507965088e-02	1.017369702458381653e-02	1.843372173607349396e-02	2.314903289079666138e-01	4.031214397400617599e-03	1.530186235904693604e-01	4.747234284877777100e-02	6.942242383956909180e-03	4.234503209590911865e-02	4.799836315214633942e-04
1.160997772216796875e+01	1.000000000000000000e+00	4.584336187690496445e-03	2.648152038455009460e-02	1.076744589954614639e-02	2.629175782203674316e-02	2.338711023330688477e-01	2.903098938986659050e-03	1.449833363294601440e-01	5.256374925374984741e-02	1.241048611700534821e-02	3.791076317429542542e-02	2.887231996282935143e-03
1.165641689300537109e+01	1.000000000000000000e+00	0.000000000000000000e+00	2.611336298286914825e-02	0.000000000000000000e+00	0.000000000000000000e+00	2.312394380569458008e-01	0.000000000000000000e+00	0.000000000000000000e+00	5.388018116354942322e-02	0.000000000000000000e+00	2.879916504025459290e-02	0.000000000000000000e+00
