0.000000000000000000e+00	4.384283125400543213e-01	9.646773338317871094e-01	1.423480808734893799e-01	1.025801301002502441e-01	3.502890001982450485e-03	4.972542226314544678e-01	2.105253487825393677e-01	1.000000000000000000e+00	1.733256876468658447e-02	4.851647913455963135e-01	1.059282943606376648e-01	5.501563474535942078e-02
4.643990844488143921e-02	5.480766892433166504e-01	9.238751232624053955e-02	3.480077385902404785e-01	3.692009747028350830e-01	1.626123487949371338e-01	2.158991992473602295e-01	3.484492003917694092e-02	1.000000000000000000e+00	8.047334849834442139e-02	2.615030109882354736e-01	8.214234709739685059e-01	1.058792043477296829e-02
9.287981688976287842e-02	4.349412620067596436e-01	7.392637729644775391e-01	1.939281970262527466e-01	2.580068111419677734e-01	2.165539711713790894e-01	1.492868959903717041e-01	9.579471349716186523e-01	1.000000000000000000e+00	9.623420238494873047e-02	5.223926305770874023e-01	2.546726167201995850e-02	8.974832296371459961e-01
1.393197327852249146e-01	3.153408765792846680e-01	1.709882318973541260e-01	2.166518568992614746e-01	2.115844488143920898e-01	3.338444530963897705e-01	7.124799489974975586e-02	8.102779090404510498e-02	1.000000000000000000e+00	5.790311694145202637e-01	6.970882415771484375e-01	6.363068222999572754e-01	3.026725351810455322e-01
1.857596337795257568e-01	5.390310287475585938e-01	8.489789068698883057e-02	1.618549972772598267e-01	2.601756453514099121e-01	1.904862374067306519e-01	4.969128966331481934e-01	5.301549285650253296e-02	8.281637430191040039e-01	1.379698216915130615e-01	4.280666112899780273e-01	1.000000000000000000e+00	6.169682145118713379e-01
2.321995496749877930e-01	2.503532469272613525e-01	4.721396267414093018e-01	6.248903274536132812e-02	2.356972396373748779e-01	3.165712580084800720e-02	4.788092523813247681e-02	9.436348080635070801e-01	5.960564687848091125e-02	7.966589927673339844e-02	2.849251776933670044e-02	1.000000000000000000e+00	2.232815176248550415e-01
2.786394655704498291e-01	3.268209472298622131e-02	1.866051554679870605e-01	5.064339563250541687e-02	3.014350533485412598e-01	1.188443005084991455e-01	1.808556169271469116e-01	8.315556496381759644e-02	5.953909456729888916e-02	7.925623059272766113e-01	9.320575743913650513e-02	1.000000000000000000e+00	3.062884211540222168e-01
3.250793516635894775e-01	4.509526193141937256e-01	9.271844290196895599e-03	1.673310399055480957e-01	2.684702575206756592e-01	1.160386055707931519e-01	7.779570668935775757e-02	3.033425509929656982e-01	8.701248764991760254e-01	7.720341533422470093e-02	7.355909794569015503e-02	1.000000000000000000e+00	2.251017838716506958e-01
3.715192675590515137e-01	2.547546923160552979e-01	2.454643994569778442e-01	5.002503991127014160e-01	2.333256602287292480e-01	6.040477007627487183e-02	9.205255657434463501e-02	5.366998910903930664e-01	1.405052989721298218e-01	9.894289374351501465e-01	8.086369633674621582e-01	1.000000000000000000e+00	1.012315675616264343e-01
4.179591834545135498e-01	1.417909413576126099e-01	2.291378676891326904e-01	6.457270681858062744e-02	2.312950938940048218e-01	6.450808048248291016e-01	2.047437801957130432e-02	9.557268023490905762e-02	1.907307952642440796e-01	1.000000000000000000e+00	2.117336541414260864e-01	9.995301365852355957e-01	3.272837102413177490e-01
4.643990993499755859e-01	2.998881042003631592e-01	2.341647595167160034e-01	9.498729109764099121e-01	2.400202453136444092e-01	9.967628866434097290e-02	4.891895502805709839e-02	1.112540215253829956e-01	8.957021236419677734e-01	3.242373839020729065e-02	4.587111473083496094e-01	1.000000000000000000e+00	1.298428475856781006e-01
5.108389854431152344e-01	3.782491013407707214e-02	1.340177059173583984e-01	1.590990126132965088e-01	2.309089452028274536e-01	7.075739651918411255e-02	1.240575090050697327e-01	6.016564369201660156e-02	1.087050959467887878e-01	5.495613217353820801e-01	2.319275289773941040e-01	1.000000000000000000e+00	1.815946549177169800e-01
5.572789311408996582e-01	5.718460083007812500e-01	2.786180973052978516e-01	4.293833971023559570e-01	2.257419228553771973e-01	1.398462057113647461e-01	2.002995759248733521e-01	3.335920274257659912e-01	8.157006651163101196e-02	7.703398168087005615e-02	1.000000000000000000e+00	8.992620110511779785e-01	4.592921435832977295e-01
6.037188172340393066e-01	1.000000000000000000e+00	9.145815372467041016e-01	2.027702033519744873e-01	7.335035502910614014e-02	1.884835511445999146e-01	2.535672783851623535e-01	2.250162363052368164e-01	4.344424903392791748e-01	4.936898127198219299e-02	8.437527418136596680e-01	5.548330396413803101e-02	4.503270983695983887e-01
6.501587033271789551e-01	1.000000000000000000e+00	1.703015863895416260e-01	1.405993551015853882e-01	1.187462508678436279e-01	1.139648631215095520e-01	2.938602566719055176e-01	6.363778561353683472e-02	3.268208205699920654e-01	7.157753407955169678e-02	4.251058995723724365e-01	9.581592679023742676e-02	4.365278482437133789e-01
6.965986490249633789e-01	1.000000000000000000e+00	2.364927679300308228e-01	1.362566947937011719e-01	5.049148201942443848e-01	9.105064673349261284e-04	2.929942905902862549e-01	8.697707206010818481e-02	2.551031857728958130e-02	1.444777995347976685e-01	4.420654177665710449e-01	5.652347803115844727e-01	3.774227946996688843e-02
7.430385351181030273e-01	1.000000000000000000e+00	8.274246752262115479e-02	4.187735915184020996e-02	6.482701003551483154e-02	1.531359087675809860e-02	2.356798350811004639e-01	1.076723486185073853e-01	9.736701846122741699e-03	1.044487878680229187e-01	1.248363964259624481e-02	8.358473330736160278e-02	6.199308112263679504e-02
7.894784808158874512e-01	1.000000000000000000e+00	3.314711153507232666e-01	5.384305715560913086e-01	2.419483661651611328e-02	8.181540668010711670e-02	2.353988140821456909e-01	1.231065467000007629e-01	2.032876610755920410e-01	4.442002624273300171e-02	8.940513730049133301e-01	1.902321875095367432e-01	6.595869362354278564e-02
8.359183669090270996e-01	1.000000000000000000e+00	3.355659842491149902e-01	7.519813627004623413e-02	6.561370939016342163e-02	3.474237024784088135e-02	2.288668304681777954e-01	7.379179447889328003e-02	6.265425682067871094e-01	1.530893445014953613e-01	2.785668969154357910e-01	1.219739243388175964e-01	1.018043830990791321e-01
8.823582530021667480e-01	1.000000000000000000e+00	6.211361885070800781e-01	1.176270768046379089e-01	3.156374022364616394e-02	8.496189489960670471e-03	2.415457069873809814e-01	1.428133547306060791e-01	6.829186528921127319e-02	4.913550987839698792e-02	1.893733888864517212e-01	5.909381061792373657e-02	5.269609764218330383e-02
9.287981986999511719e-01	1.000000000000000000e+00	9.442623257637023926e-01	6.728283315896987915e-02	6.094303354620933533e-02	3.022851236164569855e-02	2.390703260898590088e-01	2.218369245529174805e-01	1.585211046040058136e-02	7.175374776124954224e-02	2.250245809555053711e-01	7.109232246875762939e-02	4.012601077556610107e-02
9.752380847930908203e-01	9.675782322883605957e-01	2.322530895471572876e-01	2.907189130783081055e-01	2.001977264881134033e-01	1.618829965591430664e-01	2.832450568675994873e-01	2.659422159194946289e-01	5.823954939842224121e-02	1.028384938836097717e-01	1.000000000000000000e+00	3.171877190470695496e-02	6.565743684768676758e-01
1.021677970886230469e+00	1.000000000000000000e+00	9.183540344238281250e-01	1.905091553926467896e-01	9.699127823114395142e-02	1.701101809740066528e-01	2.472660243511199951e-01	2.749770581722259521e-01	4.074954986572265625e-01	5.232240259647369385e-02	7.837116718292236328e-01	1.454990506172180176e-01	3.503070473670959473e-01
1.068117856979370117e+00	1.000000000000000000e+00	3.501919507980346680e-01	4.567193984985351562e-02	7.098320871591567993e-02	4.746778868138790131e-03	2.564185261726379395e-01	1.059518009424209595e-01	3.206246197223663330e-01	6.012044474482536316e-02	1.508964300155639648e-01	3.827654570341110229e-02	2.663777023553848267e-02
1.114557862281799316e+00	1.000000000000000000e+00	2.365599423646926880e-01	9.363187849521636963e-02	4.975113272666931152e-01	1.872331049526110291e-04	2.963984310626983643e-01	9.006297588348388672e-02	2.220337651669979095e-02	1.385219395160675049e-01	3.619807958602905273e-01	5.307525992393493652e-01	3.582933545112609863e-02
1.160997748374938965e+00	1.000000000000000000e+00	9.531018882989883423e-02	3.351910412311553955e-02	3.702887147665023804e-02	7.464261353015899658e-02	2.359735071659088135e-01	7.426773756742477417e-02	7.022920530289411545e-03	2.265697419643402100e-01	1.776324957609176636e-02	6.921590864658355713e-02	3.932865336537361145e-02
1.207437634468078613e+00	1.000000000000000000e+00	1.973158419132232666e-01	2.057655453681945801e-01	2.444622218608856201e-01	7.919047772884368896e-02	2.579633295536041260e-01	6.278306245803833008e-02	3.370155021548271179e-02	9.954825788736343384e-02	7.748941779136657715e-01	3.677207231521606445e-02	5.606262385845184326e-02
1.253877520561218262e+00	1.000000000000000000e+00	3.092139959335327148e-01	6.189507246017456055e-02	4.114979505538940430e-02	9.166190400719642639e-03	2.482732832431793213e-01	7.169576734304428101e-02	3.980748057365417480e-01	8.653718233108520508e-02	2.382185012102127075e-01	3.784360736608505249e-02	4.436888545751571655e-02
1.300317406654357910e+00	1.000000000000000000e+00	6.911401748657226562e-01	7.382108271121978760e-02	6.582505255937576294e-02	4.768961574882268906e-03	2.335221618413925171e-01	1.764871329069137573e-01	4.725392535328865051e-02	6.324311345815658569e-02	1.291878223419189453e-01	1.664854437112808228e-01	2.899794280529022217e-02
1.346757411956787109e+00	1.000000000000000000e+00	9.911345243453979492e-01	6.817895919084548950e-02	1.747689992189407349e-01	4.382481053471565247e-02	2.365311086177825928e-01	2.197840213775634766e-01	1.234011817723512650e-02	1.418412327766418457e-01	2.849806547164916992e-01	4.236356317996978760e-01	3.689252585172653198e-02
1.393197298049926758e+00	1.000000000000000000e+00	9.796257615089416504e-01	2.697109282016754150e-01	8.504093438386917114e-02	1.097900271415710449e-01	2.932912707328796387e-01	3.179986178874969482e-01	8.310721069574356079e-02	6.005642563104629517e-02	6.858513951301574707e-01	2.376488745212554932e-01	4.425142109394073486e-01
1.439637184143066406e+00	1.000000000000000000e+00	8.779979348182678223e-01	1.381365954875946045e-01	5.976136773824691772e-02	2.307705134153366089e-01	2.324914485216140747e-01	2.122997492551803589e-01	1.696411073207855225e-01	5.605180561542510986e-02	5.065519809722900391e-01	3.513263538479804993e-02	9.588615894317626953e-01
1.486077070236206055e+00	1.000000000000000000e+00	1.540126204490661621e-01	2.520867884159088135e-01	1.603481620550155640e-01	1.445191800594329834e-01	2.672694623470306396e-01	5.043342337012290955e-02	5.453347042202949524e-02	2.123491466045379639e-01	9.945490956306457520e-01	5.914659500122070312e-01	2.502799034118652344e-01
1.532516956329345703e+00	1.000000000000000000e+00	1.964220702648162842e-01	8.236873894929885864e-02	3.354940563440322876e-02	8.334043622016906738e-02	2.335789948701858521e-01	6.726439297199249268e-02	3.210182487964630127e-02	6.587222218513488770e-01	1.023128181695938110e-01	4.286108538508415222e-02	2.401140183210372925e-01
1.578956961631774902e+00	1.000000000000000000e+00	1.405721008777618408e-01	1.868186295032501221e-01	6.671864539384841919e-02	1.487973034381866455e-01	2.673402726650238037e-01	3.829140961170196533e-02	1.780227869749069214e-01	3.933658823370933533e-02	5.523670315742492676e-01	4.677778109908103943e-02	1.653720252215862274e-02
1.625396847724914551e+00	1.000000000000000000e+00	3.807330131530761719e-01	1.153253093361854553e-01	9.851386398077011108e-02	2.279887050390243530e-01	2.234497666358947754e-01	1.783621013164520264e-01	3.112077713012695312e-01	1.065035462379455566e-01	1.891332864761352539e-01	2.955609560012817383e-01	7.739676833152770996e-01
1.671836733818054199e+00	1.000000000000000000e+00	4.483195021748542786e-02	9.151630848646163940e-02	1.503830309957265854e-03	7.782304659485816956e-03	2.579329907894134521e-01	1.086155418306589127e-02	2.637581899762153625e-02	7.643397152423858643e-02	1.138911917805671692e-01	3.890431299805641174e-02	1.692939735949039459e-02
1.718276619911193848e+00	1.000000000000000000e+00	1.753053665161132812e-01	9.840784221887588501e-02	1.728580147027969360e-01	1.822888404130935669e-01	2.334997206926345825e-01	8.594131469726562500e-02	6.356815248727798462e-02	6.927938759326934814e-02	1.309111416339874268e-01	7.450907826423645020e-01	6.307461261749267578e-01
1.764716506004333496e+00	1.000000000000000000e+00	1.212185844779014587e-01	2.181904613971710205e-01	1.051818951964378357e-01	3.169636726379394531e-01	2.440178692340850830e-01	9.637951850891113281e-02	9.140081703662872314e-02	1.563444435596466064e-01	6.569261550903320312e-01	5.056397318840026855e-01	7.040179967880249023e-01
1.811156511306762695e+00	8.893631100654602051e-01	2.367935180664062500e-01	2.935892641544342041e-01	1.121111363172531128e-01	2.078908383846282959e-01	2.694485783576965332e-01	3.148549199104309082e-01	5.733724683523178101e-02	8.448272943496704102e-02	1.000000000000000000e+00	3.020209819078445435e-02	7.932184934616088867e-01
1.857596397399902344e+00	1.000000000000000000e+00	9.414739608764648438e-01	1.891371607780456543e-01	7.874128967523574829e-02	1.667196899652481079e-01	2.475918233394622803e-01	2.894968986511230469e-01	2.930095493793487549e-01	5.258352309465408325e-02	7.619483470916748047e-01	1.414146870374679565e-01	2.956272959709167480e-01
1.904036283493041992e+00	1.000000000000000000e+00	4.944375455379486084e-01	1.115352436900138855e-01	5.464461073279380798e-02	1.119580818340182304e-03	2.590871453285217285e-01	1.473524719476699829e-01	3.775437474250793457e-01	5.643448233604431152e-02	4.055842161178588867e-01	4.329183697700500488e-02	2.587012387812137604e-02
1.950476169586181641e+00	1.000000000000000000e+00	3.144041001796722412e-01	8.637943863868713379e-02	5.032424926757812500e-01	2.196176064899191260e-04	2.780083119869232178e-01	1.200870797038078308e-01	1.953578181564807892e-02	1.711295098066329956e-01	3.032893836498260498e-01	5.832843780517578125e-01	3.724162653088569641e-02
1.996916055679321289e+00	1.000000000000000000e+00	1.316702514886856079e-01	4.095219448208808899e-02	4.827241227030754089e-02	4.050080850720405579e-02	2.381394356489181519e-01	1.178147792816162109e-01	1.004995312541723251e-02	2.841072380542755127e-01	9.010734967887401581e-03	8.870609104633331299e-02	9.390556067228317261e-02
2.043355941772460938e+00	1.000000000000000000e+00	2.506291866302490234e-01	2.128362804651260376e-01	2.151804417371749878e-01	1.161597967147827148e-01	2.374741286039352417e-01	7.464300096035003662e-02	5.260055512189865112e-02	9.646235406398773193e-02	7.728114724159240723e-01	2.995546907186508179e-02	5.739481374621391296e-02
2.089795827865600586e+00	1.000000000000000000e+00	5.784043669700622559e-01	8.601205796003341675e-02	1.547395735979080200e-01	6.517521291971206665e-02	2.416624575853347778e-01	1.519438475370407104e-01	6.328308582305908203e-01	2.213492840528488159e-01	3.067337274551391602e-01	4.536962807178497314e-01	1.276193857192993164e-01
2.136235713958740234e+00	1.000000000000000000e+00	7.207299470901489258e-01	9.069077670574188232e-02	6.318549811840057373e-02	4.816493485122919083e-03	2.365491390228271484e-01	1.871491968631744385e-01	3.933916985988616943e-02	6.452009081840515137e-02	1.872645765542984009e-01	1.173759698867797852e-01	3.246002271771430969e-02
2.182675838470458984e+00	1.000000000000000000e+00	9.849045276641845703e-01	7.471152395009994507e-02	7.817621529102325439e-02	1.340287085622549057e-02	2.324326336383819580e-01	2.335481047630310059e-01	2.237511985003948212e-02	5.091007053852081299e-02	1.555263400077819824e-01	1.197357177734375000e-01	6.970289349555969238e-02
2.229115724563598633e+00	5.053740739822387695e-01	1.960532665252685547e-01	2.715133726596832275e-01	2.634837031364440918e-01	5.165002942085266113e-01	1.132792904973030090e-01	8.572866767644882202e-02	9.252704381942749023e-01	7.477056384086608887e-01	9.787454009056091309e-01	1.000000000000000000e+00	6.753581166267395020e-01
2.275555610656738281e+00	2.826279997825622559e-01	8.887775242328643799e-02	1.589551866054534912e-01	2.624848783016204834e-01	2.145511209964752197e-01	3.252880275249481201e-01	5.439948663115501404e-02	8.747775554656982422e-01	1.514615267515182495e-01	2.367572337388992310e-01	1.000000000000000000e+00	8.226987719535827637e-01
2.321995496749877930e+00	4.828400313854217529e-01	6.108295321464538574e-01	1.439452171325683594e-01	2.228824347257614136e-01	7.687684148550033569e-02	1.019286662340164185e-01	1.000000000000000000e+00	9.799429029226303101e-02	7.403345108032226562e-01	2.471767216920852661e-01	9.812605381011962891e-01	1.917860358953475952e-01
2.368435382843017578e+00	8.655655384063720703e-02	3.772644102573394775e-01	5.425117164850234985e-02	2.642738223075866699e-01	5.396066233515739441e-02	6.100083515048027039e-02	1.508793085813522339e-01	1.740509569644927979e-01	5.072669982910156250e-01	1.409845203161239624e-01	1.000000000000000000e+00	1.030062735080718994e-01
2.414875268936157227e+00	4.879431128501892090e-01	1.243836339563131332e-02	1.491396129131317139e-01	3.588210344314575195e-01	3.076166212558746338e-01	1.304931342601776123e-01	4.821391031146049500e-02	3.740771412849426270e-01	1.036550477147102356e-01	1.512432992458343506e-01	1.000000000000000000e+00	8.289334177970886230e-01
2.461315155029296875e+00	6.559775769710540771e-02	9.836154431104660034e-02	1.947908103466033936e-01	2.390520125627517700e-01	2.773609571158885956e-02	4.972338303923606873e-02	9.559288620948791504e-01	5.160038918256759644e-02	5.700089037418365479e-02	6.422812938690185547e-01	1.000000000000000000e+00	2.271892428398132324e-01
2.507755041122436523e+00	8.827516436576843262e-02	2.730063498020172119e-01	8.640249073505401611e-02	2.307347357273101807e-01	3.693520724773406982e-01	5.806002765893936157e-03	1.087714955210685730e-01	1.293796300888061523e-01	1.000000000000000000e+00	1.407448202371597290e-01	9.794859886169433594e-01	3.319116309285163879e-02
2.554194927215576172e+00	5.334838107228279114e-02	8.127401471138000488e-01	3.224550783634185791e-01	2.409975081682205200e-01	4.591419175267219543e-02	2.309445291757583618e-02	7.829614877700805664e-01	8.979222178459167480e-02	3.045133948326110840e-01	6.632260680198669434e-01	1.000000000000000000e+00	1.585663259029388428e-01
2.600634813308715820e+00	1.412193328142166138e-01	1.489815562963485718e-01	2.834739685058593750e-01	2.314316928386688232e-01	3.563859686255455017e-02	2.558312118053436279e-01	5.935596674680709839e-02	1.730287820100784302e-01	3.151350617408752441e-01	6.945671439170837402e-01	1.000000000000000000e+00	1.648069545626640320e-02
2.647074937820434570e+00	1.708962768316268921e-01	6.841634511947631836e-01	2.613672018051147461e-01	4.584238529205322266e-01	8.260095119476318359e-02	8.197519928216934204e-02	8.115658760070800781e-01	7.080286741256713867e-01	9.953264594078063965e-01	1.000000000000000000e+00	5.043184757232666016e-01	2.329648137092590332e-01
2.693514823913574219e+00	5.343159288167953491e-02	6.610143929719924927e-02	3.937505483627319336e-01	2.200040966272354126e-01	2.624196410179138184e-01	5.591062083840370178e-02	7.380106449127197266e-01	5.735076963901519775e-02	1.809354871511459351e-01	1.000000000000000000e+00	8.169643878936767578e-01	1.922176927328109741e-01
2.739954710006713867e+00	3.359071314334869385e-01	5.964070186018943787e-02	3.104507029056549072e-01	9.758459776639938354e-02	3.008490800857543945e-02	9.228535890579223633e-01	9.290606975555419922e-01	7.664171606302261353e-02	4.511734470725059509e-02	1.000000000000000000e+00	5.051990747451782227e-01	2.640438973903656006e-01
2.786394596099853516e+00	1.227010041475296021e-01	4.806990548968315125e-02	2.275221645832061768e-01	5.070221051573753357e-02	1.512036621570587158e-01	7.845666259527206421e-02	1.884190551936626434e-02	5.463810563087463379e-01	3.921854868531227112e-02	1.000000000000000000e+00	1.057185325771570206e-02	3.193408250808715820e-02
2.832834482192993164e+00	4.088563844561576843e-03	1.739049144089221954e-02	2.819839119911193848e-01	6.562099605798721313e-02	8.045335859060287476e-02	5.926697328686714172e-02	9.464044570922851562e-01	3.785445168614387512e-02	6.172174960374832153e-02	1.000000000000000000e+00	2.051290124654769897e-01	2.847864627838134766e-01
2.879274368286132812e+00	1.458966135978698730e-01	2.458180300891399384e-02	2.587226927280426025e-01	3.532502800226211548e-02	7.723208665847778320e-01	6.124202162027359009e-02	2.172328084707260132e-01	3.774443566799163818e-01	1.382709145545959473e-01	1.000000000000000000e+00	8.129639178514480591e-02	8.329869061708450317e-02
2.925714254379272461e+00	7.809285819530487061e-02	5.304474383592605591e-02	2.942289113998413086e-01	1.978975906968116760e-02	2.141282334923744202e-02	9.164695441722869873e-02	4.181220531463623047e-01	3.914561495184898376e-02	1.660045534372329712e-01	1.000000000000000000e+00	5.956652760505676270e-02	1.430403739213943481e-01
2.972154140472412109e+00	1.774631142616271973e-01	1.996293198317289352e-03	3.631070256233215332e-01	1.537923365831375122e-01	6.864970177412033081e-02	4.958439990878105164e-02	5.946314930915832520e-01	5.371131375432014465e-02	8.425447344779968262e-02	1.000000000000000000e+00	7.293904423713684082e-01	1.541355699300765991e-01
3.018594026565551758e+00	2.215555869042873383e-02	2.759023942053318024e-02	2.653391361236572266e-01	3.536381293088197708e-03	9.708242863416671753e-02	5.569842830300331116e-02	1.149487774819135666e-02	3.754669800400733948e-02	8.601238578557968140e-02	1.000000000000000000e+00	1.390010956674814224e-02	3.750983998179435730e-02
3.065033912658691406e+00	2.450759112834930420e-01	1.070940941572189331e-01	4.804098308086395264e-01	1.406685262918472290e-01	9.014063328504562378e-02	4.295609891414642334e-01	7.961042970418930054e-02	1.000000000000000000e+00	1.344297919422388077e-02	4.568439126014709473e-01	5.506609678268432617e-01	1.555109322071075439e-01
3.111474037170410156e+00	2.469515800476074219e-01	1.945727914571762085e-01	1.335247419774532318e-02	7.670554518699645996e-02	1.629052460193634033e-01	3.619800209999084473e-01	3.248731791973114014e-01	1.000000000000000000e+00	7.946361787617206573e-03	8.073820918798446655e-02	8.081811666488647461e-02	7.699955701828002930e-01
3.157913923263549805e+00	3.421929180622100830e-01	9.910210371017456055e-01	2.022554352879524231e-02	1.400058269500732422e-01	1.019979864358901978e-01	5.587495490908622742e-02	4.002564549446105957e-01	1.000000000000000000e+00	1.935091614723205566e-01	1.184960827231407166e-01	3.136987984180450439e-01	7.542797178030014038e-02
3.204353809356689453e+00	2.350872457027435303e-01	2.021111547946929932e-02	7.087735533714294434e-01	2.261954545974731445e-01	5.626279115676879883e-02	2.716472931206226349e-02	1.362359523773193359e-01	1.000000000000000000e+00	4.600295424461364746e-02	2.025842852890491486e-02	8.571791052818298340e-01	2.135304547846317291e-02
3.250793695449829102e+00	2.203627377748489380e-01	8.782047629356384277e-01	5.559154152870178223e-01	4.549550265073776245e-02	1.424582302570343018e-01	2.992128767073154449e-02	7.746703028678894043e-01	1.000000000000000000e+00	4.083672463893890381e-01	5.018845573067665100e-02	6.104745715856552124e-02	2.373829931020736694e-01
3.297233581542968750e+00	2.325499057769775391e-01	2.798519730567932129e-01	1.605009287595748901e-02	6.277313083410263062e-02	1.183793321251869202e-02	5.794314295053482056e-02	7.247677445411682129e-02	1.000000000000000000e+00	1.183154294267296791e-03	4.940486699342727661e-02	3.018835932016372681e-02	1.589552313089370728e-02
3.343673467636108398e+00	2.531197965145111084e-01	3.021312355995178223e-01	8.661879599094390869e-02	1.130543872714042664e-01	8.349002152681350708e-02	6.853912770748138428e-02	5.059412494301795959e-02	1.000000000000000000e+00	9.054218530654907227e-01	1.153389737010002136e-01	1.030994877219200134e-01	8.430678397417068481e-02
3.390113353729248047e+00	2.111126184463500977e-01	2.656609416007995605e-01	3.835849463939666748e-01	6.567300856113433838e-02	1.130592599511146545e-01	2.035624384880065918e-01	4.892692342400550842e-02	1.000000000000000000e+00	1.066165193915367126e-01	5.924114584922790527e-02	7.993934303522109985e-02	4.014294147491455078e-01
3.436553239822387695e+00	1.000000000000000000e+00	4.190660640597343445e-02	8.514692783355712891e-01	2.220134884119033813e-01	6.564338505268096924e-02	3.124864399433135986e-01	8.355777263641357422e-01	9.988757371902465820e-01	7.894955575466156006e-02	1.439088881015777588e-01	7.577848434448242188e-01	2.305502891540527344e-01
3.482993125915527344e+00	2.475065290927886963e-01	3.194984421133995056e-02	6.560156345367431641e-01	1.106799840927124023e-01	1.109248250722885132e-01	1.412769258022308350e-01	7.529509253799915314e-03	1.000000000000000000e+00	1.325120031833648682e-02	1.409530490636825562e-01	1.065111756324768066e-01	3.772727251052856445e-01
3.529433012008666992e+00	1.000000000000000000e+00	4.292360544204711914e-01	1.454464942216873169e-01	1.677474230527877808e-01	1.233055964112281799e-01	2.534902691841125488e-01	8.289298415184020996e-01	8.418105244636535645e-01	7.985381782054901123e-02	6.230880618095397949e-01	7.823754847049713135e-02	2.473953217267990112e-01
3.575872898101806641e+00	3.953186273574829102e-01	7.056394964456558228e-02	1.621869653463363647e-01	6.614983081817626953e-02	2.582436203956604004e-01	8.386410772800445557e-02	2.068712860345840454e-01	1.000000000000000000e+00	2.727706544101238251e-02	1.979116350412368774e-01	9.924085438251495361e-02	8.575682044029235840e-01
3.622313022613525391e+00	8.156540393829345703e-01	1.446264237165451050e-01	2.925332188606262207e-01	1.215002685785293579e-01	8.454600721597671509e-02	1.996462345123291016e-01	9.500951170921325684e-01	1.000000000000000000e+00	6.922574043273925781e-01	1.308394819498062134e-01	1.239531263709068298e-01	2.233107835054397583e-01
3.668752908706665039e+00	8.993296623229980469e-01	4.477552697062492371e-02	3.036127798259258270e-02	1.507713496685028076e-01	3.333448898047208786e-03	1.000000000000000000e+00	1.763598062098026276e-02	4.253280162811279297e-01	1.133408620953559875e-01	6.889022886753082275e-02	2.417362183332443237e-01	1.144273858517408371e-02
3.715192794799804688e+00	2.229809612035751343e-01	4.242845773696899414e-01	9.266806244850158691e-01	6.905743479728698730e-02	7.363075017929077148e-01	1.000000000000000000e+00	1.243030130863189697e-01	3.300922214984893799e-01	1.819082722067832947e-02	5.267081856727600098e-01	3.235689997673034668e-01	5.758528783917427063e-02
3.761632680892944336e+00	1.977859288454055786e-01	3.321843743324279785e-01	3.019845671951770782e-02	7.673780620098114014e-02	3.126484528183937073e-02	1.000000000000000000e+00	7.171121984720230103e-02	2.193137258291244507e-02	3.159730136394500732e-02	1.856703013181686401e-01	2.346122115850448608e-01	1.733357310295104980e-01
3.808072566986083984e+00	2.499896101653575897e-02	7.540376186370849609e-01	5.048767328262329102e-01	5.185283347964286804e-02	2.856801152229309082e-01	1.000000000000000000e+00	1.600439697504043579e-01	2.037291973829269409e-01	5.421597361564636230e-01	6.720255315303802490e-02	3.501023054122924805e-01	9.879108071327209473e-01
3.854512453079223633e+00	8.151385188102722168e-01	1.705988496541976929e-01	3.170909583568572998e-01	1.264901161193847656e-01	2.023518644273281097e-02	1.000000000000000000e+00	2.720212191343307495e-02	1.276376098394393921e-01	5.470052957534790039e-01	1.582800224423408508e-02	2.450540512800216675e-01	1.820784620940685272e-02
3.900952339172363281e+00	2.344047576189041138e-01	5.539366602897644043e-01	1.458908766508102417e-01	5.671370029449462891e-01	5.163263529539108276e-02	1.000000000000000000e+00	7.637088894844055176e-01	9.604284167289733887e-01	9.675188660621643066e-01	5.320657491683959961e-01	8.223807215690612793e-01	2.109456211328506470e-01
3.947392225265502930e+00	6.328927725553512573e-02	1.014181822538375854e-01	4.271262288093566895e-01	2.086679041385650635e-01	6.231812387704849243e-02	2.747680842876434326e-01	7.058760523796081543e-01	1.494612991809844971e-01	1.358111947774887085e-01	1.000000000000000000e+00	8.898121714591979980e-01	1.865301281213760376e-01
3.993832111358642578e+00	3.989732265472412109e-01	1.438971459865570068e-01	2.718421518802642822e-01	2.092429250478744507e-02	2.817867100238800049e-01	8.021343350410461426e-01	1.604757308959960938e-01	1.187486052513122559e-01	1.021365746855735779e-01	1.000000000000000000e+00	1.603231281042098999e-01	5.625839233398437500e-01
4.040272235870361328e+00	9.899416565895080566e-02	1.941387541592121124e-02	2.921573221683502197e-01	2.340135723352432251e-02	2.252271622419357300e-01	1.429917514324188232e-01	3.335677087306976318e-01	3.504328429698944092e-01	3.248960152268409729e-02	1.000000000000000000e+00	2.640642412006855011e-02	3.521284461021423340e-01
4.086711883544921875e+00	1.245915964245796204e-01	3.869882225990295410e-02	4.087197482585906982e-01	1.016514450311660767e-01	1.371442377567291260e-01	1.591299623250961304e-01	8.951522707939147949e-01	7.398392558097839355e-01	1.095411926507949829e-01	1.000000000000000000e+00	6.876406818628311157e-02	5.766142010688781738e-01
4.133152008056640625e+00	2.330190502107143402e-02	4.026613011956214905e-02	2.879264652729034424e-01	2.865722402930259705e-02	4.310152530670166016e-01	9.598147869110107422e-02	1.234375834465026855e-01	4.450578987598419189e-02	1.459538787603378296e-01	1.000000000000000000e+00	4.711541160941123962e-02	2.159929126501083374e-01
4.179591655731201172e+00	3.015857003629207611e-02	4.807682707905769348e-02	4.177566170692443848e-01	4.449405893683433533e-02	3.553613275289535522e-02	9.838681668043136597e-02	4.057906568050384521e-01	7.079526782035827637e-02	2.196492105722427368e-01	1.000000000000000000e+00	2.051239088177680969e-02	1.754501610994338989e-01
4.226031780242919922e+00	1.189472898840904236e-02	2.434569746255874634e-01	2.454655766487121582e-01	9.235634468495845795e-03	4.963245615363121033e-02	7.920858263969421387e-02	1.642616391181945801e-01	4.162685573101043701e-02	7.909072935581207275e-02	1.000000000000000000e+00	4.413867369294166565e-02	1.638359278440475464e-01
4.272471427917480469e+00	3.117256239056587219e-02	1.784157007932662964e-01	3.108459115028381348e-01	8.625153452157974243e-02	3.980524465441703796e-02	7.307143509387969971e-02	5.048151314258575439e-02	4.802278801798820496e-02	7.408067584037780762e-01	1.000000000000000000e+00	4.133205860853195190e-02	3.284801542758941650e-02
4.318911552429199219e+00	2.659539878368377686e-01	2.857532203197479248e-01	2.423516660928726196e-01	2.386911809444427490e-01	4.999704957008361816e-01	7.413619011640548706e-02	1.162077710032463074e-01	8.093964457511901855e-01	7.807760685682296753e-02	1.000000000000000000e+00	8.226202130317687988e-01	5.272939801216125488e-01
4.365351676940917969e+00	1.729111671447753906e-01	6.481415033340454102e-02	1.822646409273147583e-01	2.502227127552032471e-01	2.774297595024108887e-01	1.405714452266693115e-01	7.265280932188034058e-02	6.848799586296081543e-01	1.469065248966217041e-01	1.980336457490921021e-01	1.000000000000000000e+00	9.228558540344238281e-01
4.411791324615478516e+00	1.521834135055541992e-01	1.740691363811492920e-01	5.247645080089569092e-02	2.199148684740066528e-01	3.954524919390678406e-02	5.826886296272277832e-01	1.757318824529647827e-01	1.073519289493560791e-01	4.231742769479751587e-02	1.547110974788665771e-01	1.000000000000000000e+00	1.041720062494277954e-01
4.458231449127197266e+00	1.907414346933364868e-01	7.915828227996826172e-01	7.677551358938217163e-02	2.579711377620697021e-01	1.446582674980163574e-01	2.735459432005882263e-02	7.600153088569641113e-01	6.755837202072143555e-01	9.896155595779418945e-01	9.741846472024917603e-02	1.000000000000000000e+00	2.177400141954421997e-01
4.504671096801757812e+00	2.658404707908630371e-01	3.163888351991772652e-03	6.013936549425125122e-02	3.375222682952880859e-01	3.211360424757003784e-02	4.329750686883926392e-02	5.259442701935768127e-02	9.934660196304321289e-01	4.685767367482185364e-02	5.556583404541015625e-02	1.000000000000000000e+00	1.161477640271186829e-01
4.551111221313476562e+00	9.111673384904861450e-02	1.159017235040664673e-01	1.222637668251991272e-01	3.182865381240844727e-01	2.432029694318771362e-02	3.391447663307189941e-02	8.710712790489196777e-01	1.670492440462112427e-01	4.098422825336456299e-01	3.033519685268402100e-01	1.000000000000000000e+00	2.087105065584182739e-01
4.597550868988037109e+00	6.778109073638916016e-02	4.286776781082153320e-01	5.486370623111724854e-02	2.333083450794219971e-01	2.341442853212356567e-01	1.735680736601352692e-02	1.443736106157302856e-01	1.211744621396064758e-01	1.000000000000000000e+00	7.108085602521896362e-02	9.960076808929443359e-01	1.129286289215087891e-01
4.643990993499755859e+00	3.022833354771137238e-02	1.866901107132434845e-02	3.594381809234619141e-01	2.293239533901214600e-01	3.426744043827056885e-02	4.707762598991394043e-02	3.602599799633026123e-01	5.623101815581321716e-02	4.625150188803672791e-02	9.130638837814331055e-01	1.000000000000000000e+00	1.054457798600196838e-01
4.690430641174316406e+00	1.848590821027755737e-01	1.620955914258956909e-01	1.511052548885345459e-01	2.516581118106842041e-01	1.920682489871978760e-01	1.283028572797775269e-01	8.162111043930053711e-02	5.009367465972900391e-01	3.195192664861679077e-02	5.543071627616882324e-01	1.000000000000000000e+00	7.831201702356338501e-02
4.736870765686035156e+00	7.239281535148620605e-01	5.166988074779510498e-02	2.620868980884552002e-01	2.520996034145355225e-01	4.182715117931365967e-01	1.878589689731597900e-01	7.044863700866699219e-02	6.555653810501098633e-01	1.808617115020751953e-01	9.899471402168273926e-01	1.000000000000000000e+00	4.270398318767547607e-01
4.783310890197753906e+00	1.612774878740310669e-01	8.569411933422088623e-02	2.063466161489486694e-01	2.534173130989074707e-01	2.744939327239990234e-01	6.897199898958206177e-02	5.930529534816741943e-02	6.412380933761596680e-01	1.341505497694015503e-01	1.281932294368743896e-01	1.000000000000000000e+00	9.144011139869689941e-01
4.829750537872314453e+00	4.514961317181587219e-02	1.246989220380783081e-01	4.665607586503028870e-02	2.336801588535308838e-01	3.472054004669189453e-02	3.686509430408477783e-01	8.272659778594970703e-02	9.152890741825103760e-02	3.713370859622955322e-02	1.514291763305664062e-01	1.000000000000000000e+00	7.318367063999176025e-02
4.876190662384033203e+00	9.752990305423736572e-02	8.594508767127990723e-01	2.703730575740337372e-02	2.587928771972656250e-01	1.617396920919418335e-01	1.138383336365222931e-02	2.283594757318496704e-01	3.163429200649261475e-01	9.935141801834106445e-01	1.038991063833236694e-01	1.000000000000000000e+00	7.781814038753509521e-02
4.922630310058593750e+00	3.068446815013885498e-01	1.559432595968246460e-03	5.046401172876358032e-02	2.844524085521697998e-01	2.037462033331394196e-02	4.929441213607788086e-02	1.077058091759681702e-01	9.948206543922424316e-01	3.505900502204895020e-02	7.083489000797271729e-02	1.000000000000000000e+00	7.860721647739410400e-02
4.969070434570312500e+00	1.370116919279098511e-01	1.345755755901336670e-01	1.458917856216430664e-01	2.851197123527526855e-01	7.120139151811599731e-02	5.888516828417778015e-02	8.805459141731262207e-01	8.893333375453948975e-02	5.831515192985534668e-01	5.011828541755676270e-01	1.000000000000000000e+00	2.369181662797927856e-01
5.015510082244873047e+00	3.586247563362121582e-02	3.693304657936096191e-01	1.377183794975280762e-01	5.199131369590759277e-01	7.830137759447097778e-02	2.289301902055740356e-02	1.198026761412620544e-01	6.234209239482879639e-02	9.309045076370239258e-01	5.614584088325500488e-01	1.000000000000000000e+00	1.129334270954132080e-01
5.061950206756591797e+00	3.565137088298797607e-02	5.049027800559997559e-01	2.552966475486755371e-01	2.470377683639526367e-01	1.072990968823432922e-01	7.076343148946762085e-02	4.672484695911407471e-01	5.765990540385246277e-02	1.737920194864273071e-01	7.963932156562805176e-01	1.000000000000000000e+00	3.805274367332458496e-01
5.108389854431152344e+00	4.746225476264953613e-02	6.213534250855445862e-02	2.203869521617889404e-01	2.362026572227478027e-01	1.651901192963123322e-02	4.219340533018112183e-02	5.352950096130371094e-02	7.116276025772094727e-02	2.259031683206558228e-01	5.942607522010803223e-01	1.000000000000000000e+00	7.483015768229961395e-03
5.154829978942871094e+00	3.684034943580627441e-02	3.394591063261032104e-02	2.167034000158309937e-01	2.244395911693572998e-01	1.342625766992568970e-01	1.406769156455993652e-01	1.819702237844467163e-01	8.591125160455703735e-02	3.599242120981216431e-02	2.950412333011627197e-01	1.000000000000000000e+00	5.570850968360900879e-01
5.201269626617431641e+00	1.958901584148406982e-01	6.245318427681922913e-02	8.426667749881744385e-02	2.777225077152252197e-01	1.052985414862632751e-01	3.389915078878402710e-02	5.602222681045532227e-02	7.045736908912658691e-01	3.716433420777320862e-02	3.508452773094177246e-01	1.000000000000000000e+00	8.299837261438369751e-02
5.247709751129150391e+00	2.770855836570262909e-02	3.594931960105895996e-02	2.906399779021739960e-02	2.465124130249023438e-01	2.074782848358154297e-01	6.445161532610654831e-03	3.846397995948791504e-01	7.283702492713928223e-02	4.039169475436210632e-02	7.397138327360153198e-02	1.000000000000000000e+00	8.891355395317077637e-01
5.294149875640869141e+00	2.937396168708801270e-01	6.315580010414123535e-02	4.930304735898971558e-02	2.634270489215850830e-01	3.281092345714569092e-01	4.071253538131713867e-02	8.434546738862991333e-02	9.893676042556762695e-01	3.011239320039749146e-02	1.547164916992187500e-01	1.000000000000000000e+00	5.080130100250244141e-01
5.340589523315429688e+00	5.172212049365043640e-02	2.365491986274719238e-01	1.543168872594833374e-01	2.345679104328155518e-01	6.931219249963760376e-02	1.972057670354843140e-02	1.789765059947967529e-01	1.006696745753288269e-01	1.000000000000000000e+00	1.894816607236862183e-01	9.814005494117736816e-01	6.583212316036224365e-02
5.387029647827148438e+00	4.950392246246337891e-02	8.869538307189941406e-01	5.953761562705039978e-02	2.418297976255416870e-01	1.770914047956466675e-01	1.669646985828876495e-02	4.141619503498077393e-01	9.289489686489105225e-02	4.382045865058898926e-01	2.518803775310516357e-01	1.000000000000000000e+00	6.041089892387390137e-01
5.433469295501708984e+00	1.145379468798637390e-01	1.956530660390853882e-01	2.125337533652782440e-02	2.456351518630981445e-01	1.127046272158622742e-01	2.303749509155750275e-02	7.060395926237106323e-02	4.045110344886779785e-01	7.830407023429870605e-01	6.441084295511245728e-02	1.000000000000000000e+00	3.111881017684936523e-01
5.479909420013427734e+00	5.896501615643501282e-02	6.197356060147285461e-02	2.968094944953918457e-01	2.319689244031906128e-01	3.250455111265182495e-02	7.592967897653579712e-02	5.104217678308486938e-02	1.910606920719146729e-01	2.714441418647766113e-01	8.228123784065246582e-01	1.000000000000000000e+00	6.405491381883621216e-02
5.526349067687988281e+00	7.463451027870178223e-01	3.701655566692352295e-01	1.814113706350326538e-01	2.538565099239349365e-01	3.081819228827953339e-02	2.848838567733764648e-01	2.011012881994247437e-01	2.088434249162673950e-01	3.815549015998840332e-01	5.538005828857421875e-01	1.000000000000000000e+00	5.431051552295684814e-02
5.572789192199707031e+00	1.000000000000000000e+00	4.211909174919128418e-01	3.878893256187438965e-01	1.988153532147407532e-02	2.514266073703765869e-01	2.630998492240905762e-01	3.330006003379821777e-01	9.592332690954208374e-02	6.447039544582366943e-02	6.325749158859252930e-01	3.347203508019447327e-02	9.910485148429870605e-01
5.619228839874267578e+00	1.000000000000000000e+00	5.953677296638488770e-01	6.464653611183166504e-01	3.193934559822082520e-01	3.138435259461402893e-02	2.182989120483398438e-01	1.550156772136688232e-01	6.976625919342041016e-01	1.000286638736724854e-01	5.192526578903198242e-01	5.480759143829345703e-01	8.939565718173980713e-02
5.665668964385986328e+00	1.000000000000000000e+00	2.303631007671356201e-01	4.199522361159324646e-02	1.764405816793441772e-01	9.054944664239883423e-02	2.304568439722061157e-01	7.008863240480422974e-02	3.920330405235290527e-01	5.401771515607833862e-02	1.504923701286315918e-01	5.708234310150146484e-01	6.525458302348852158e-03
5.712108612060546875e+00	1.000000000000000000e+00	3.371079862117767334e-01	1.200333982706069946e-01	1.288864016532897949e-01	2.061452344059944153e-02	2.399961948394775391e-01	1.586540788412094116e-01	2.523048967123031616e-02	2.119861394166946411e-01	3.487469553947448730e-01	3.784305602312088013e-02	6.290633976459503174e-02
5.758548736572265625e+00	1.000000000000000000e+00	2.270546555519104004e-01	5.533041357994079590e-01	1.602497100830078125e-01	5.435067415237426758e-01	4.100928604602813721e-01	9.736867994070053101e-02	4.176079630851745605e-01	6.291651129722595215e-01	3.026447594165802002e-01	6.691822409629821777e-01	1.063246652483940125e-01
5.804988861083984375e+00	6.632463335990905762e-01	5.887390300631523132e-02	1.612956076860427856e-01	2.559522986412048340e-01	1.263624876737594604e-01	5.590648055076599121e-01	4.556409269571304321e-02	7.540794610977172852e-01	6.253340095281600952e-02	6.086219549179077148e-01	1.000000000000000000e+00	2.638562917709350586e-01
5.851428508758544922e+00	1.705725789070129395e-01	5.128285288810729980e-01	5.853504315018653870e-02	2.473353743553161621e-01	9.039656072854995728e-02	2.820212952792644501e-02	8.880549073219299316e-01	4.431537687778472900e-01	2.181857973337173462e-01	9.707983583211898804e-02	1.000000000000000000e+00	4.485582113265991211e-01
5.897868633270263672e+00	8.442995697259902954e-02	2.261715829372406006e-01	9.406896680593490601e-02	3.557507693767547607e-01	3.059177696704864502e-01	1.683043129742145538e-02	8.072725683450698853e-02	1.344831436872482300e-01	9.311515092849731445e-01	1.386440694332122803e-01	1.000000000000000000e+00	6.808672100305557251e-02
5.944308280944824219e+00	7.922514081001281738e-01	2.615286270156502724e-03	8.459596335887908936e-02	2.180615663528442383e-01	5.939291045069694519e-02	1.669825017452239990e-01	1.948299705982208252e-01	9.276438355445861816e-01	6.178070977330207825e-02	1.095921639353036880e-02	1.000000000000000000e+00	2.094582170248031616e-01
5.990748405456542969e+00	2.193451821804046631e-01	2.206093668937683105e-01	3.511340171098709106e-02	1.944638043642044067e-01	2.281433492898941040e-01	5.687591806054115295e-02	6.400958299636840820e-01	1.822877489030361176e-02	1.000000000000000000e+00	2.155549824237823486e-02	4.158019721508026123e-01	7.722940444946289062e-01
6.037188053131103516e+00	3.805357515811920166e-01	2.147389650344848633e-01	2.607280313968658447e-01	2.043536752462387085e-01	7.356687635183334351e-02	7.807699590921401978e-02	1.764629185199737549e-01	7.212357968091964722e-02	1.000000000000000000e+00	2.405553590506315231e-03	6.367087364196777344e-02	1.018185690045356750e-01
6.083628177642822266e+00	5.861855670809745789e-02	2.574891149997711182e-01	9.929107427597045898e-01	1.332053728401660919e-02	3.250420391559600830e-01	4.849699325859546661e-03	3.895554319024085999e-02	3.013980388641357422e-01	1.000000000000000000e+00	4.914765432476997375e-02	1.218293756246566772e-01	5.666361451148986816e-01
6.130067825317382812e+00	3.522025421261787415e-02	1.000000000000000000e+00	3.710309043526649475e-02	3.981687873601913452e-02	3.233697116374969482e-01	1.830687560141086578e-02	2.199084907770156860e-01	1.062716767191886902e-01	8.206013441085815430e-01	2.143995165824890137e-01	1.050936132669448853e-01	4.156091213226318359e-01
6.176507949829101562e+00	7.823339663445949554e-03	3.400907516479492188e-01	3.117460012435913086e-01	2.472030371427536011e-02	1.598169505596160889e-01	3.327369689941406250e-01	6.539371609687805176e-02	8.091191202402114868e-02	1.000000000000000000e+00	2.413078211247920990e-03	2.105526477098464966e-01	1.624145358800888062e-01
6.222948074340820312e+00	2.549348771572113037e-01	4.255625233054161072e-02	9.870586544275283813e-02	4.763245210051536560e-02	1.909408569335937500e-01	4.081414267420768738e-02	7.015201449394226074e-01	1.000000000000000000e+00	3.076600655913352966e-02	4.737849906086921692e-02	8.116693235933780670e-03	9.297944307327270508e-01
6.269387722015380859e+00	2.582543194293975830e-01	7.733955979347229004e-01	1.609109938144683838e-01	2.941852509975433350e-01	6.078826785087585449e-01	3.004052117466926575e-02	1.953662484884262085e-01	1.000000000000000000e+00	6.923586726188659668e-01	1.479523330926895142e-01	9.867111444473266602e-01	2.390751428902149200e-02
6.315827846527099609e+00	2.477229088544845581e-01	1.459489613771438599e-01	7.924622893333435059e-01	2.264371067285537720e-01	5.051001906394958496e-02	2.804377116262912750e-02	2.911709547042846680e-01	1.000000000000000000e+00	4.339589551091194153e-02	9.808633476495742798e-02	7.868524193763732910e-01	5.493319779634475708e-02
6.362267494201660156e+00	6.536553502082824707e-01	5.332384109497070312e-01	4.740161001682281494e-01	1.696572303771972656e-01	3.221942782402038574e-01	1.421433240175247192e-01	9.090319871902465820e-01	1.000000000000000000e+00	7.711988091468811035e-01	1.330741643905639648e-01	3.892543613910675049e-01	4.940233230590820312e-01
6.408707618713378906e+00	6.498456746339797974e-02	5.884899497032165527e-01	8.472236394882202148e-01	2.039391547441482544e-01	3.884874284267425537e-02	1.000000000000000000e+00	1.194377020001411438e-01	3.791982233524322510e-01	2.016416788101196289e-01	9.255239367485046387e-02	2.689514160156250000e-01	1.221788898110389709e-01
6.455147266387939453e+00	1.317911664955317974e-03	2.500525116920471191e-01	1.249783858656883240e-01	2.064830511808395386e-01	3.287268057465553284e-02	1.000000000000000000e+00	4.287518560886383057e-02	5.068936198949813843e-02	4.269881173968315125e-02	4.440121948719024658e-01	2.255202531814575195e-01	9.173081070184707642e-02
6.501587390899658203e+00	5.147747993469238281e-01	6.928035020828247070e-01	5.476188063621520996e-01	2.551290392875671387e-01	4.492498934268951416e-01	9.950569868087768555e-01	5.407879948616027832e-01	3.287844955921173096e-01	6.619676947593688965e-02	7.208419442176818848e-01	1.000000000000000000e+00	1.666718870401382446e-01
6.548027038574218750e+00	8.256075978279113770e-01	1.647426933050155640e-01	3.367582261562347412e-01	9.447799623012542725e-02	1.105227991938591003e-01	1.000000000000000000e+00	2.963102608919143677e-02	1.447092145681381226e-01	6.150712966918945312e-01	1.648823171854019165e-02	2.829128205776214600e-01	1.709669642150402069e-02
6.594467163085937500e+00	3.057581000030040741e-02	3.091674745082855225e-01	5.871222019195556641e-01	4.289748519659042358e-02	1.125746890902519226e-01	1.000000000000000000e+00	9.865252971649169922e-01	2.107057720422744751e-01	6.682568788528442383e-02	1.323850154876708984e-01	2.519782185554504395e-01	5.006422400474548340e-01
6.640906810760498047e+00	6.558568030595779419e-02	1.398347765207290649e-01	2.082379162311553955e-02	2.144962996244430542e-01	3.366453349590301514e-01	1.000000000000000000e+00	1.150971949100494385e-01	8.751954883337020874e-02	2.523168735206127167e-02	1.234529986977577209e-01	9.774605631828308105e-01	6.715311110019683838e-02
6.687346935272216797e+00	5.238049477338790894e-02	7.474628835916519165e-02	8.757324516773223877e-02	3.216650336980819702e-02	2.749983370304107666e-01	1.000000000000000000e+00	1.015400290489196777e-01	8.112032711505889893e-02	3.874638304114341736e-02	2.825507223606109619e-01	2.320043295621871948e-01	9.739326834678649902e-01
6.733787059783935547e+00	2.016201056540012360e-02	3.846777081489562988e-01	4.222886860370635986e-01	5.133859813213348389e-02	7.163222879171371460e-02	1.000000000000000000e+00	4.810111597180366516e-02	1.471191793680191040e-01	8.918555378913879395e-01	5.096247047185897827e-02	2.628908455371856689e-01	1.493178308010101318e-01
6.780226707458496094e+00	2.293688431382179260e-02	1.000000000000000000e+00	4.935223609209060669e-02	3.276644349098205566e-01	3.539485633373260498e-01	9.678931832313537598e-01	2.997410595417022705e-01	4.086802154779434204e-02	6.846676021814346313e-02	2.896177768707275391e-01	4.241774380207061768e-01	3.638437688350677490e-01
6.826666831970214844e+00	3.493641912937164307e-01	2.537016868591308594e-01	2.123733460903167725e-01	3.684045076370239258e-01	8.074689656496047974e-02	3.802436590194702148e-01	7.320919632911682129e-02	1.000000000000000000e+00	3.885512650012969971e-01	2.459776103496551514e-01	7.751918435096740723e-01	1.671664863824844360e-01
6.873106479644775391e+00	2.256944924592971802e-01	1.199695020914077759e-01	5.919191986322402954e-02	5.303188413381576538e-02	4.210947453975677490e-02	1.383856981992721558e-01	2.319610305130481720e-02	1.000000000000000000e+00	6.224769167602062225e-04	2.905504964292049408e-02	2.919701859354972839e-02	1.937725096940994263e-01
6.919546604156494141e+00	2.731499969959259033e-01	9.939704537391662598e-01	4.466307535767555237e-02	2.269790321588516235e-01	1.227646246552467346e-01	5.846773087978363037e-02	4.416284561157226562e-01	1.000000000000000000e+00	2.179327979683876038e-02	2.290252596139907837e-01	7.366626262664794922e-01	1.223024353384971619e-01
6.965986251831054688e+00	5.915337204933166504e-01	9.150405973196029663e-02	2.707266807556152344e-01	3.639107346534729004e-01	5.260280147194862366e-02	5.367113351821899414e-01	3.149541094899177551e-02	1.000000000000000000e+00	3.868710398674011230e-01	3.924947977066040039e-02	8.130925893783569336e-01	5.261074006557464600e-02
7.012426376342773438e+00	2.338558733463287354e-01	9.345152378082275391e-01	2.971726059913635254e-01	6.517810374498367310e-02	2.123880088329315186e-01	5.966715887188911438e-02	5.889775156974792480e-01	1.000000000000000000e+00	5.283305048942565918e-01	1.319119036197662354e-01	5.423397198319435120e-02	3.087403476238250732e-01
7.058866024017333984e+00	2.333571910858154297e-01	6.337729692459106445e-01	9.871418029069900513e-02	5.153083056211471558e-02	8.672392927110195160e-03	7.749472558498382568e-02	1.554939001798629761e-01	1.000000000000000000e+00	3.253595437854528427e-03	8.228223770856857300e-02	1.929063163697719574e-02	3.327953815460205078e-02
7.105306148529052734e+00	2.350255846977233887e-01	9.504390358924865723e-01	1.230089366436004639e-01	7.643663138151168823e-02	3.635721281170845032e-02	2.314355075359344482e-01	2.057567238807678223e-01	1.000000000000000000e+00	5.419712066650390625e-01	7.788174599409103394e-02	7.148726284503936768e-02	6.280022114515304565e-02
7.151745796203613281e+00	2.086559236049652100e-01	4.769476056098937988e-01	6.627166271209716797e-01	8.948045223951339722e-02	9.711998701095581055e-02	2.018689662218093872e-01	1.160185262560844421e-01	1.000000000000000000e+00	1.502595935016870499e-02	6.356722116470336914e-02	8.387236297130584717e-02	3.534049689769744873e-01
7.198185920715332031e+00	2.748294472694396973e-01	1.161877904087305069e-02	4.380654990673065186e-01	1.968784481287002563e-01	2.537674456834793091e-02	1.122150570154190063e-01	6.193044781684875488e-02	1.000000000000000000e+00	1.933171413838863373e-02	1.654990166425704956e-01	6.676237583160400391e-01	9.932976961135864258e-02
7.244626045227050781e+00	2.305289804935455322e-01	7.088173031806945801e-01	5.408044531941413879e-02	3.413569331169128418e-01	7.523162662982940674e-02	5.928142368793487549e-02	7.372124195098876953e-01	1.000000000000000000e+00	4.850127920508384705e-02	9.735489636659622192e-02	5.033788681030273438e-01	3.515557348728179932e-01
7.291065692901611328e+00	2.524194717407226562e-01	6.402931362390518188e-02	7.563547492027282715e-01	6.464024633169174194e-02	4.871955886483192444e-02	1.254836618900299072e-01	1.413255650550127029e-02	1.000000000000000000e+00	2.650181651115417480e-01	9.512130171060562134e-02	8.156085759401321411e-02	1.640192978084087372e-02
7.337505817413330078e+00	4.254482984542846680e-01	9.542266130447387695e-01	5.266039073467254639e-02	1.202020123600959778e-01	1.413387954235076904e-01	2.139818668365478516e-01	3.215597271919250488e-01	1.000000000000000000e+00	4.857782647013664246e-02	1.208108440041542053e-01	7.446641474962234497e-02	3.619708418846130371e-01
7.383945465087890625e+00	9.707918167114257812e-01	2.446151375770568848e-01	1.197662949562072754e-01	1.379068791866302490e-01	6.495004054158926010e-03	3.184301257133483887e-01	6.879575550556182861e-02	1.000000000000000000e+00	7.856558263301849365e-02	5.281099677085876465e-02	3.257773518562316895e-01	1.534499041736125946e-02
7.430385589599609375e+00	8.406169414520263672e-01	7.729002833366394043e-02	5.918691679835319519e-02	1.953640580177307129e-01	4.456412419676780701e-02	1.000000000000000000e+00	1.204531360417604446e-02	2.806969583034515381e-01	2.990233302116394043e-01	2.274383977055549622e-02	2.258632779121398926e-01	1.102260407060384750e-02
7.476825237274169922e+00	1.102252230048179626e-01	1.128538623452186584e-01	4.131238162517547607e-01	4.245479032397270203e-02	9.421464204788208008e-01	1.000000000000000000e+00	3.496173769235610962e-02	9.929805248975753784e-02	5.742855835705995560e-03	8.979619145393371582e-01	2.606967985630035400e-01	3.427774831652641296e-02
7.523265361785888672e+00	5.224741697311401367e-01	2.369275093078613281e-01	3.460339605808258057e-01	3.847401961684226990e-02	6.753128767013549805e-02	1.000000000000000000e+00	6.447127461433410645e-01	9.298118948936462402e-02	8.564711213111877441e-01	7.540909200906753540e-02	2.795951068401336670e-01	1.470264494419097900e-01
7.569705009460449219e+00	6.164544820785522461e-01	6.557101607322692871e-01	4.514947235584259033e-01	1.864158660173416138e-01	1.355807781219482422e-01	1.000000000000000000e+00	1.305101960897445679e-01	1.273028999567031860e-01	8.526051640510559082e-01	4.296059161424636841e-02	3.065659701824188232e-01	2.606503665447235107e-02
7.616145133972167969e+00	2.957752533257007599e-02	1.012666448950767517e-01	7.771427929401397705e-02	1.499801427125930786e-01	5.707568302750587463e-02	1.000000000000000000e+00	4.586176574230194092e-02	5.124989897012710571e-02	1.803552657365798950e-01	1.209756433963775635e-01	7.065297961235046387e-01	1.397816538810729980e-01
7.662585258483886719e+00	6.721516251564025879e-01	4.209914803504943848e-02	2.764683067798614502e-01	2.354609817266464233e-01	2.180546671152114868e-01	6.672390699386596680e-01	1.081991121172904968e-01	6.672315001487731934e-01	6.050629168748855591e-02	9.830798506736755371e-01	1.000000000000000000e+00	4.205396175384521484e-01
7.709024906158447266e+00	1.730779111385345459e-01	2.284223139286041260e-01	9.132161736488342285e-02	2.470276802778244019e-01	5.132480338215827942e-02	5.804449319839477539e-01	6.392680853605270386e-02	7.000043392181396484e-01	4.672318100929260254e-01	8.145381510257720947e-02	1.000000000000000000e+00	1.008724644780158997e-01
7.755465030670166016e+00	4.377085715532302856e-02	3.414781391620635986e-02	8.038678765296936035e-02	2.244458198547363281e-01	3.071422316133975983e-02	4.379579424858093262e-01	4.958995059132575989e-02	8.965082466602325439e-02	2.627108432352542877e-02	9.016468375921249390e-02	1.000000000000000000e+00	2.687432244420051575e-02
7.801904678344726562e+00	7.605590224266052246e-01	1.440052241086959839e-01	3.238322734832763672e-01	2.210721224546432495e-01	3.595727086067199707e-01	3.317022919654846191e-01	8.667446374893188477e-01	5.178048610687255859e-01	7.981660962104797363e-01	7.402883768081665039e-01	1.000000000000000000e+00	4.460650384426116943e-01
7.848344802856445312e+00	2.563634514808654785e-01	1.905945986509323120e-01	3.634940087795257568e-02	2.761778533458709717e-01	1.736430078744888306e-01	1.519483178853988647e-01	9.651006758213043213e-02	9.944126009941101074e-01	3.206855431199073792e-02	1.613691598176956177e-01	1.000000000000000000e+00	6.455819606781005859e-01
7.894784450531005859e+00	2.303127795457839966e-01	2.024729922413825989e-02	4.153084754943847656e-02	2.976908087730407715e-01	4.739615693688392639e-02	1.240037977695465088e-01	5.331166088581085205e-02	8.889164924621582031e-01	3.538608923554420471e-02	1.789626032114028931e-01	1.000000000000000000e+00	2.103618085384368896e-01
7.941224575042724609e+00	4.714791849255561829e-02	2.601425349712371826e-01	1.838978528976440430e-01	2.244063466787338257e-01	1.176336035132408142e-01	2.259034365415573120e-01	8.679829537868499756e-02	1.111783757805824280e-01	9.524054527282714844e-01	8.196157217025756836e-02	1.000000000000000000e+00	2.765229642391204834e-01
7.987664222717285156e+00	4.015386104583740234e-02	7.150193676352500916e-03	2.001974545419216156e-02	2.235778272151947021e-01	9.442243725061416626e-03	4.145812615752220154e-02	6.928625702857971191e-02	6.192945409566164017e-03	4.698107391595840454e-02	1.842648140154778957e-03	1.000000000000000000e+00	2.548581361770629883e-02
8.034104347229003906e+00	1.447882056236267090e-01	1.569740027189254761e-01	2.601147294044494629e-01	2.579170763492584229e-01	2.973760068416595459e-01	1.369265913963317871e-01	1.086017489433288574e-01	3.385556638240814209e-01	2.449081689119338989e-01	7.133429050445556641e-01	1.000000000000000000e+00	4.665707051753997803e-01
8.080544471740722656e+00	7.943329960107803345e-02	2.331209033727645874e-01	9.683881886303424835e-03	3.741897270083427429e-02	2.469922155141830444e-01	1.649736426770687103e-02	3.500730693340301514e-01	2.675824798643589020e-02	1.000000000000000000e+00	3.484347090125083923e-02	1.858732253313064575e-01	7.551088333129882812e-01
8.126984596252441406e+00	4.983311519026756287e-02	2.260160744190216064e-01	1.713141798973083496e-01	1.566292643547058105e-01	5.640586093068122864e-02	1.563125662505626678e-02	2.943848446011543274e-02	5.718059837818145752e-02	1.000000000000000000e+00	1.849857391789555550e-03	5.187942087650299072e-02	4.991288296878337860e-03
8.173423767089843750e+00	1.030706688761711121e-01	2.770069837570190430e-01	9.065073132514953613e-01	2.078574523329734802e-02	4.062829613685607910e-01	4.481861367821693420e-02	6.172987446188926697e-02	3.789160549640655518e-01	1.000000000000000000e+00	6.249117478728294373e-02	1.018946096301078796e-01	9.950515031814575195e-01
8.219863891601562500e+00	3.877292573451995850e-02	1.000000000000000000e+00	6.282358169555664062e-01	2.824578434228897095e-02	8.332253098487854004e-01	3.659654036164283752e-02	3.211163282394409180e-01	1.307335346937179565e-01	8.435665369033813477e-01	6.688038706779479980e-01	7.079391926527023315e-02	2.739535570144653320e-01
8.266304016113281250e+00	4.391222894191741943e-01	3.026271760463714600e-01	2.016480863094329834e-01	2.139576375484466553e-01	2.127877175807952881e-01	4.722532629966735840e-01	2.976052463054656982e-01	1.000000000000000000e+00	4.278586506843566895e-01	7.192626595497131348e-01	8.779872655868530273e-01	2.657924294471740723e-01
8.312744140625000000e+00	2.691623568534851074e-01	5.250077322125434875e-02	5.026680231094360352e-02	4.884642735123634338e-02	2.068771272897720337e-01	3.965248167514801025e-02	6.504775881767272949e-01	1.000000000000000000e+00	2.284627780318260193e-02	5.582649633288383484e-02	1.018693577498197556e-02	9.482917189598083496e-01
8.359183311462402344e+00	3.585365116596221924e-01	9.701611399650573730e-01	1.874682866036891937e-02	7.095653563737869263e-02	3.464280068874359131e-01	5.779580399394035339e-02	2.550233304500579834e-01	1.000000000000000000e+00	2.973103523254394531e-01	1.504728347063064575e-01	5.540821328759193420e-02	3.583943843841552734e-02
8.405623435974121094e+00	2.364149093627929688e-01	1.784703433513641357e-01	8.258250951766967773e-01	1.974942237138748169e-01	6.310629099607467651e-02	2.589462324976921082e-02	2.979460060596466064e-01	1.000000000000000000e+00	7.893652468919754028e-02	5.174134671688079834e-02	6.636705398559570312e-01	5.733051523566246033e-02
8.452063560485839844e+00	5.391485095024108887e-01	1.014871373772621155e-01	8.508383631706237793e-01	1.092439070343971252e-01	1.633295863866806030e-01	1.263430565595626831e-01	6.479048132896423340e-01	1.000000000000000000e+00	2.996922135353088379e-01	1.275944262742996216e-01	3.095891773700714111e-01	1.751184016466140747e-01
8.498503684997558594e+00	2.148084044456481934e-01	1.213763430714607239e-01	2.392966598272323608e-01	1.624760031700134277e-01	5.571994557976722717e-02	4.365803301334381104e-02	2.496938779950141907e-02	1.000000000000000000e+00	4.090182483196258545e-02	2.246656566858291626e-01	2.439900636672973633e-01	1.537537872791290283e-01
8.544942855834960938e+00	2.217522412538528442e-01	6.228231191635131836e-01	4.567101597785949707e-01	4.915107041597366333e-02	7.457076013088226318e-02	1.742810010910034180e-01	1.330346316099166870e-01	1.000000000000000000e+00	2.753128297626972198e-02	4.010255262255668640e-02	9.784502536058425903e-02	2.291927933692932129e-01
8.591382980346679688e+00	2.458113282918930054e-01	9.967424273490905762e-01	3.288168460130691528e-02	2.529061734676361084e-01	4.479698836803436279e-02	3.558995947241783142e-02	5.190793275833129883e-01	1.000000000000000000e+00	3.418613597750663757e-02	1.371346563100814819e-01	6.279119849205017090e-01	1.084660962224006653e-01
8.637823104858398438e+00	8.902841806411743164e-01	5.369382724165916443e-02	4.727261364459991455e-01	2.836017608642578125e-01	8.468732237815856934e-02	5.385569334030151367e-01	2.056228928267955780e-03	1.000000000000000000e+00	1.674925088882446289e-01	4.398258030414581299e-02	1.624408960342407227e-01	2.196809947490692139e-01
8.684263229370117188e+00	2.742797136306762695e-01	1.000000000000000000e+00	3.868946060538291931e-02	1.705312579870223999e-01	1.245257630944252014e-01	9.435843825340270996e-01	4.164541661739349365e-01	9.687603712081909180e-01	5.750557407736778259e-02	9.449203312397003174e-02	2.257925420999526978e-01	3.679299354553222656e-01
8.730703353881835938e+00	1.650956869125366211e-01	1.824377924203872681e-01	4.118054807186126709e-01	4.335413500666618347e-02	7.334002852439880371e-01	1.000000000000000000e+00	4.880900681018829346e-02	1.160560622811317444e-01	6.086484529078006744e-03	9.223366975784301758e-01	2.479394376277923584e-01	3.616057708859443665e-02
8.777142524719238281e+00	5.914766192436218262e-01	2.275346964597702026e-01	3.678551614284515381e-01	1.062587201595306396e-01	7.908769696950912476e-02	1.000000000000000000e+00	2.779133804142475128e-02	1.057630404829978943e-01	7.418942451477050781e-01	4.521986469626426697e-02	2.894131541252136230e-01	1.075231507420539856e-01
8.823582649230957031e+00	8.197324275970458984e-01	1.515377461910247803e-01	1.556720584630966187e-01	1.038104072213172913e-01	5.696093663573265076e-02	1.000000000000000000e+00	1.981458812952041626e-02	8.073286712169647217e-02	3.289468586444854736e-01	1.027222909033298492e-02	2.763746380805969238e-01	6.629490759223699570e-03
8.870022773742675781e+00	2.259696125984191895e-01	3.740727901458740234e-01	8.462137579917907715e-01	5.178942531347274780e-02	4.518505930900573730e-02	1.000000000000000000e+00	1.065578013658523560e-01	2.885157763957977295e-01	4.918335005640983582e-02	1.491190791130065918e-01	2.846159636974334717e-01	1.250193417072296143e-01
8.916462898254394531e+00	1.378969401121139526e-01	6.219163537025451660e-01	9.880296587944030762e-01	4.672614857554435730e-02	3.939007520675659180e-01	1.000000000000000000e+00	1.638552695512771606e-01	2.671189606189727783e-01	6.073268055915832520e-01	1.072786748409271240e-01	2.878258526325225830e-01	1.694078557193279266e-02
8.962902069091796875e+00	4.856693372130393982e-02	2.675968706607818604e-01	8.044142276048660278e-02	1.016326025128364563e-01	9.394072927534580231e-03	1.000000000000000000e+00	5.035213753581047058e-02	3.473739698529243469e-02	1.818856410682201385e-02	3.721202611923217773e-01	2.365757673978805542e-01	7.067326456308364868e-02
9.009342193603515625e+00	2.011146582663059235e-02	1.000000000000000000e+00	3.146675229072570801e-01	5.263607576489448547e-02	3.463253974914550781e-01	9.583724737167358398e-01	2.153979539871215820e-01	1.466264128684997559e-01	4.501750469207763672e-01	9.158447384834289551e-02	3.111979961395263672e-01	7.358793616294860840e-01
9.055782318115234375e+00	1.571324616670608521e-01	2.783468365669250488e-01	4.394933879375457764e-01	3.813520371913909912e-01	3.263005241751670837e-02	1.000000000000000000e+00	3.055277839303016663e-02	1.723260283470153809e-01	9.341533780097961426e-01	4.256242513656616211e-02	2.528735101222991943e-01	7.315313816070556641e-02
9.102222442626953125e+00	8.432168960571289062e-01	7.240974158048629761e-02	8.745668828487396240e-02	2.790462225675582886e-02	5.826308727264404297e-01	1.000000000000000000e+00	1.755280792713165283e-01	6.165947020053863525e-02	6.683418899774551392e-02	1.344688534736633301e-01	2.167251706123352051e-01	1.901571005582809448e-01
9.148662567138671875e+00	8.355946838855743408e-02	4.266522824764251709e-01	3.513160347938537598e-02	9.383671879768371582e-01	1.000000000000000000e+00	1.171670854091644287e-01	1.172394156455993652e-01	5.194115638732910156e-02	9.370402097702026367e-01	2.266034632921218872e-01	1.052297353744506836e-01	1.208138912916183472e-01
9.195101737976074219e+00	1.730521917343139648e-01	7.939184904098510742e-01	3.281510248780250549e-02	1.006852164864540100e-01	1.000000000000000000e+00	4.420112073421478271e-02	2.218537181615829468e-01	5.535610318183898926e-01	2.874473482370376587e-02	2.643583416938781738e-01	2.415796369314193726e-01	6.472476720809936523e-01
9.241541862487792969e+00	2.228818982839584351e-01	6.956415176391601562e-01	1.069243028759956360e-01	2.764516472816467285e-01	1.000000000000000000e+00	3.830476477742195129e-02	2.854712307453155518e-01	3.302665948867797852e-01	5.886334925889968872e-02	2.799198329448699951e-01	9.713402390480041504e-01	5.170884355902671814e-02
9.287981986999511719e+00	1.060319095849990845e-01	1.920751109719276428e-02	9.579532742500305176e-01	9.732218086719512939e-02	1.000000000000000000e+00	3.329313546419143677e-02	5.196298658847808838e-02	2.906548678874969482e-01	2.858081273734569550e-02	3.298556804656982422e-01	3.257219195365905762e-01	9.614487737417221069e-02
9.334422111511230469e+00	1.985998600721359253e-01	2.157745212316513062e-01	3.400377333164215088e-01	6.393031030893325806e-02	3.068673014640808105e-01	4.562035948038101196e-02	8.333183526992797852e-01	5.697637051343917847e-02	1.000000000000000000e+00	5.848357826471328735e-02	3.413569927215576172e-01	7.031905055046081543e-01
9.380861282348632812e+00	7.492402940988540649e-02	4.071983098983764648e-01	3.920165449380874634e-02	4.252256155014038086e-01	2.350908964872360229e-01	1.463665664196014404e-01	8.917123824357986450e-02	1.501675788313150406e-02	1.000000000000000000e+00	1.608458161354064941e-01	1.305900663137435913e-01	7.137013673782348633e-01
9.427301406860351562e+00	4.871477931737899780e-02	2.314727604389190674e-01	6.912764906883239746e-01	8.179211616516113281e-01	1.722190976142883301e-01	4.004595428705215454e-02	2.640870772302150726e-02	2.535689473152160645e-01	1.000000000000000000e+00	2.348383702337741852e-02	7.560762017965316772e-02	3.975134491920471191e-01
9.473741531372070312e+00	5.558222532272338867e-02	2.290712594985961914e-01	9.634218811988830566e-01	8.920937776565551758e-03	9.027690887451171875e-01	2.665346488356590271e-02	2.132867574691772461e-01	1.980209946632385254e-01	1.000000000000000000e+00	3.094152510166168213e-01	9.956580400466918945e-02	1.772974878549575806e-01
9.520181655883789062e+00	8.218904137611389160e-01	1.000000000000000000e+00	8.983849287033081055e-01	4.959072452038526535e-03	2.533333301544189453e-01	2.337246537208557129e-01	6.503757834434509277e-01	1.535920202732086182e-01	9.695464968681335449e-01	8.308423161506652832e-01	1.458050608634948730e-01	3.528732359409332275e-01
9.566621780395507812e+00	1.220064889639616013e-02	3.511744439601898193e-01	5.036305189132690430e-01	2.122662030160427094e-02	1.030820533633232117e-01	1.920633949339389801e-02	5.676062777638435364e-02	1.035033836960792542e-01	1.000000000000000000e+00	9.224557317793369293e-03	1.012408211827278137e-01	1.606710813939571381e-02
9.613060951232910156e+00	9.173213690519332886e-02	2.451022565364837646e-01	9.264885783195495605e-01	5.280525609850883484e-02	2.883690595626831055e-01	5.373384431004524231e-02	3.391018137335777283e-02	5.042567849159240723e-01	1.000000000000000000e+00	3.106132149696350098e-02	2.387144416570663452e-01	6.583783030509948730e-01
9.659501075744628906e+00	1.789538413286209106e-01	5.518552064895629883e-01	3.882151544094085693e-01	7.704844325780868530e-02	1.385452002286911011e-01	1.859971731901168823e-01	3.159470260143280029e-01	8.158248662948608398e-02	1.000000000000000000e+00	3.216585144400596619e-02	3.477288484573364258e-01	5.604621395468711853e-02
9.705941200256347656e+00	1.192803233861923218e-01	2.324233651161193848e-01	9.711576700210571289e-01	2.235665731132030487e-02	1.433171629905700684e-01	3.786058723926544189e-02	3.532428666949272156e-02	5.131152272224426270e-01	1.000000000000000000e+00	1.290975511074066162e-02	9.240110963582992554e-02	2.602397799491882324e-01
9.752381324768066406e+00	9.155043214559555054e-02	4.230287075042724609e-01	3.309262171387672424e-02	1.094124093651771545e-01	1.000000000000000000e+00	2.569973841309547424e-02	2.573704123497009277e-01	6.513826549053192139e-02	9.915987253189086914e-01	2.070360928773880005e-01	4.542616307735443115e-01	9.731162786483764648e-01
9.798820495605468750e+00	4.737577959895133972e-02	1.000000000000000000e+00	7.766324281692504883e-01	1.897276639938354492e-01	3.168310821056365967e-01	1.230901181697845459e-01	2.228196859359741211e-01	2.808566987514495850e-01	9.985060691833496094e-01	2.371166646480560303e-01	3.991287648677825928e-01	9.212809205055236816e-01
9.845260620117187500e+00	1.895664632320404053e-01	3.325922489166259766e-01	1.165791377425193787e-01	2.620938420295715332e-01	9.247694909572601318e-02	8.870048820972442627e-02	1.725147366523742676e-01	2.213298715651035309e-02	1.000000000000000000e+00	7.154961675405502319e-02	1.153220236301422119e-01	5.546134337782859802e-02
9.891700744628906250e+00	8.637048602104187012e-01	2.116366326808929443e-01	4.289533793926239014e-01	3.564422428607940674e-01	3.610481619834899902e-01	2.009618729352951050e-01	4.402664303779602051e-02	4.842634201049804688e-01	1.000000000000000000e+00	8.494087308645248413e-02	3.208588063716888428e-01	6.526269316673278809e-01
9.938140869140625000e+00	4.942441880702972412e-01	1.000000000000000000e+00	2.232287228107452393e-01	5.803365632891654968e-02	2.753576338291168213e-01	1.092004403471946716e-01	3.736384809017181396e-01	1.060572266578674316e-01	8.575159907341003418e-01	8.592547476291656494e-02	1.712415367364883423e-01	5.966087430715560913e-02
9.984580039978027344e+00	4.009284824132919312e-02	2.803215086460113525e-01	1.000000000000000000e+00	2.323719114065170288e-02	1.538145393133163452e-01	4.409523680806159973e-02	6.822978705167770386e-02	2.554254829883575439e-01	9.995145797729492188e-01	2.221457660198211670e-02	9.599801898002624512e-02	1.635566055774688721e-01
1.003102016448974609e+01	6.884454935789108276e-02	2.383802682161331177e-01	8.602058291435241699e-01	1.851490698754787445e-02	4.266745448112487793e-01	3.444204479455947876e-02	8.033820986747741699e-02	3.733050525188446045e-01	9.983215928077697754e-01	7.246875762939453125e-02	1.181628331542015076e-01	1.000000000000000000e+00
1.007746028900146484e+01	2.625319659709930420e-01	1.000000000000000000e+00	2.910173535346984863e-01	6.946790218353271484e-02	1.104059442877769470e-01	7.339549064636230469e-02	5.320398807525634766e-01	2.814571261405944824e-01	8.416541218757629395e-01	3.695527613162994385e-01	3.429482877254486084e-02	3.059713840484619141e-01
1.012390041351318359e+01	1.824548691511154175e-01	2.465765029191970825e-01	8.604952692985534668e-01	5.258713290095329285e-02	8.724237978458404541e-02	2.481216043233871460e-01	1.326332837343215942e-01	8.207578063011169434e-01	1.000000000000000000e+00	7.707227766513824463e-02	1.364826261997222900e-01	3.270426392555236816e-02
1.017034053802490234e+01	2.266393005847930908e-01	6.655080616474151611e-02	4.232932627201080322e-01	9.218104928731918335e-02	7.101226598024368286e-02	4.241188988089561462e-02	6.020420193672180176e-01	1.000000000000000000e+00	6.329766660928726196e-02	2.267451584339141846e-01	3.542490303516387939e-02	2.799565494060516357e-01
1.021677970886230469e+01	2.100553214550018311e-01	6.613492369651794434e-01	6.585175395011901855e-01	1.008774265646934509e-01	2.076170742511749268e-01	2.653492242097854614e-02	1.440053433179855347e-01	1.000000000000000000e+00	2.294035404920578003e-01	7.628283649682998657e-02	2.483817785978317261e-01	8.111844211816787720e-02
1.026321983337402344e+01	2.555879652500152588e-01	1.558763384819030762e-01	3.141651451587677002e-01	2.770266532897949219e-01	6.862203031778335571e-02	3.539610281586647034e-02	2.391489297151565552e-01	1.000000000000000000e+00	3.260133042931556702e-02	1.328156739473342896e-01	9.370272755622863770e-01	4.491652548313140869e-02
1.030965995788574219e+01	9.494515061378479004e-01	8.496292680501937866e-02	5.349603295326232910e-01	5.094487667083740234e-01	7.372209429740905762e-02	4.731675386428833008e-01	2.853791415691375732e-02	1.000000000000000000e+00	4.504974782466888428e-01	2.689352631568908691e-02	5.078302621841430664e-01	4.823701828718185425e-02
1.035610008239746094e+01	1.259565204381942749e-01	1.000000000000000000e+00	3.340990468859672546e-02	2.041331976652145386e-01	1.046217530965805054e-01	9.759948849678039551e-01	2.481902241706848145e-01	3.878939449787139893e-01	1.460338085889816284e-01	8.747066557407379150e-02	2.337108999490737915e-01	2.093809247016906738e-01
1.040253925323486328e+01	5.704787373542785645e-02	2.118212729692459106e-01	3.868647813796997070e-01	4.270704835653305054e-02	5.270304083824157715e-01	1.000000000000000000e+00	4.994718357920646667e-02	1.125476807355880737e-01	5.473764147609472275e-03	9.414635300636291504e-01	2.506648898124694824e-01	5.962797626852989197e-02
1.044897937774658203e+01	7.569378614425659180e-01	1.439015567302703857e-01	4.434016942977905273e-01	4.207955300807952881e-02	4.921554774045944214e-02	1.000000000000000000e+00	2.028435282409191132e-02	1.342331022024154663e-01	3.354512453079223633e-01	8.060980588197708130e-03	3.015792965888977051e-01	1.209215149283409119e-01
1.049541950225830078e+01	8.217384219169616699e-01	1.716865450143814087e-01	2.133614569902420044e-01	7.831702381372451782e-02	5.465723946690559387e-02	1.000000000000000000e+00	2.051533386111259460e-02	9.000606834888458252e-02	4.659341275691986084e-01	1.139980461448431015e-02	2.696112394332885742e-01	5.166076589375734329e-03
1.054185962677001953e+01	3.209754452109336853e-02	9.550603032112121582e-01	3.854145482182502747e-02	6.344015896320343018e-02	4.639637842774391174e-02	1.000000000000000000e+00	2.365609556436538696e-01	1.685794293880462646e-01	7.195881009101867676e-02	1.826181411743164062e-01	2.339081317186355591e-01	4.377740249037742615e-02
1.058829975128173828e+01	1.762212812900543213e-01	5.021914243698120117e-01	6.660709381103515625e-01	5.348748341202735901e-02	5.581596493721008301e-01	1.000000000000000000e+00	1.139403954148292542e-01	2.623631954193115234e-01	4.944383800029754639e-01	1.450290530920028687e-01	2.828281819820404053e-01	1.781949400901794434e-02
1.063473892211914062e+01	1.342272758483886719e-01	2.789207994937896729e-01	6.547511368989944458e-02	8.186005800962448120e-02	1.703470014035701752e-02	1.000000000000000000e+00	5.534909293055534363e-02	2.738536894321441650e-02	1.697129569947719574e-02	3.202510774135589600e-01	2.314794659614562988e-01	1.083238646388053894e-01
1.068117904663085938e+01	1.038913242518901825e-02	1.000000000000000000e+00	2.314909696578979492e-01	1.612485051155090332e-01	1.320282965898513794e-01	9.536654949188232422e-01	2.129958122968673706e-01	8.904188126325607300e-02	4.944033026695251465e-01	6.278424710035324097e-02	3.186692893505096436e-01	3.782124221324920654e-01
1.072761917114257812e+01	3.261813521385192871e-02	1.000000000000000000e+00	2.078629434108734131e-01	2.200617790222167969e-01	2.335472404956817627e-02	9.674404263496398926e-01	5.143010616302490234e-01	8.959661424160003662e-02	3.470966815948486328e-01	5.682983994483947754e-02	2.360467165708541870e-01	1.480071991682052612e-01
1.077405929565429688e+01	8.090264201164245605e-01	2.165315300226211548e-01	1.043120920658111572e-01	6.204526871442794800e-02	1.363819278776645660e-02	1.000000000000000000e+00	5.607087165117263794e-02	5.105908215045928955e-02	7.004823535680770874e-02	2.612052261829376221e-01	2.091884613037109375e-01	5.983436107635498047e-02
1.082049846649169922e+01	3.251551836729049683e-02	6.667686253786087036e-02	8.687528967857360840e-02	2.880170755088329315e-02	1.806280016899108887e-01	1.000000000000000000e+00	3.854881273582577705e-03	7.535156607627868652e-02	1.044008508324623108e-02	9.566954523324966431e-02	2.333265244960784912e-01	6.116078495979309082e-01
1.086693859100341797e+01	5.825068429112434387e-02	8.135947585105895996e-02	3.722988367080688477e-01	3.413274139165878296e-02	3.178937435150146484e-01	1.000000000000000000e+00	1.853713206946849823e-02	1.702986657619476318e-01	7.784373126924037933e-03	3.652684986591339111e-01	2.493146359920501709e-01	9.242293238639831543e-01
1.091337871551513672e+01	2.168022841215133667e-02	5.114624500274658203e-01	3.528060317039489746e-01	7.387305051088333130e-02	1.185111850500106812e-01	1.000000000000000000e+00	8.372467756271362305e-02	1.302114427089691162e-01	8.464676141738891602e-01	7.049174606800079346e-02	2.868700325489044189e-01	1.867197602987289429e-01
1.095981884002685547e+01	5.804333835840225220e-03	2.952262461185455322e-01	1.944014616310596466e-02	1.746611893177032471e-01	5.200112238526344299e-02	1.000000000000000000e+00	6.022209301590919495e-02	3.593592345714569092e-02	6.078130379319190979e-02	7.381545752286911011e-02	4.491740465164184570e-01	2.102797776460647583e-01
1.100625896453857422e+01	3.149348497390747070e-02	1.554163992404937744e-01	8.609007298946380615e-02	1.968452185392379761e-01	1.562846750020980835e-01	1.000000000000000000e+00	2.118115685880184174e-02	1.595490127801895142e-01	8.228405565023422241e-02	1.747174113988876343e-01	2.382577955722808838e-01	6.559392213821411133e-01
1.105269813537597656e+01	6.679762154817581177e-02	1.593386083841323853e-01	9.722512960433959961e-01	1.093315556645393372e-01	3.726864159107208252e-01	1.000000000000000000e+00	5.046788975596427917e-02	2.637878060340881348e-01	1.779410243034362793e-01	6.537101268768310547e-01	5.133890509605407715e-01	3.130978718400001526e-02
1.109913825988769531e+01	5.524978414177894592e-02	8.759122341871261597e-02	4.336010515689849854e-01	8.752525597810745239e-02	3.538588285446166992e-01	1.000000000000000000e+00	2.952859997749328613e-01	2.105531096458435059e-01	9.898533113300800323e-03	9.468364715576171875e-01	4.300232529640197754e-01	4.210188388824462891e-01
1.114557838439941406e+01	7.053291797637939453e-01	5.509152412414550781e-01	8.039187192916870117e-01	1.573574990034103394e-01	5.601561069488525391e-02	1.000000000000000000e+00	1.350657939910888672e-01	3.537155985832214355e-01	2.606830596923828125e-01	3.292275592684745789e-02	6.783638000488281250e-01	1.346311271190643311e-01
1.119201850891113281e+01	2.763293310999870300e-02	1.393783092498779297e-01	4.442832469940185547e-01	8.502604365348815918e-01	1.251683682203292847e-01	1.000000000000000000e+00	4.080088809132575989e-02	1.306176781654357910e-01	2.575516700744628906e-01	9.098252654075622559e-01	8.354070782661437988e-01	4.919896721839904785e-01
1.123845767974853516e+01	5.991386249661445618e-02	4.993039369583129883e-01	1.783477887511253357e-02	5.601137876510620117e-02	3.412432968616485596e-01	1.000000000000000000e+00	1.411877125501632690e-01	1.224446222186088562e-01	1.344509571790695190e-01	7.787206023931503296e-02	3.372817635536193848e-01	7.229307293891906738e-01
1.128489780426025391e+01	9.558406472206115723e-02	1.176659539341926575e-01	7.622831463813781738e-01	8.859409391880035400e-02	9.694671630859375000e-01	1.000000000000000000e+00	6.356331706047058105e-02	1.593793481588363647e-01	9.016362577676773071e-02	6.155995130538940430e-01	5.815654397010803223e-01	2.481134235858917236e-02
1.133133792877197266e+01	0.000000000000000000e+00	0.000000000000000000e+00	0.000000000000000000e+00	0.000000000000000000e+00	0.000000000000000000e+00	0.000000000000000000e+00	0.000000000000000000e+00	0.000000000000000000e+00	0.000000000000000000e+00	0.000000000000000000e+00	0.000000000000000000e+00	0.000000000000000000e+00
