0.000000000000000000e+00	2.263036072254180908e-01	7.501022890210151672e-03	8.335386514663696289e-01	4.912057146430015564e-02	4.362423345446586609e-02	1.275699585676193237e-01	2.202641591429710388e-02	1.000000000000000000e+00	1.504948828369379044e-02	2.027582824230194092e-01	1.808633357286453247e-01	1.287331059575080872e-02
4.643990844488143921e-02	3.021174073219299316e-01	4.560106620192527771e-02	1.817717254161834717e-01	2.066116333007812500e-01	6.226937174797058105e-01	5.542104691267013550e-02	9.323021769523620605e-01	1.000000000000000000e+00	6.955394148826599121e-02	1.841776669025421143e-01	2.315536327660083771e-02	7.814397215843200684e-01
9.287981688976287842e-02	2.326044589281082153e-01	4.776746928691864014e-01	5.463563203811645508e-01	4.288409948348999023e-01	4.112379550933837891e-01	6.947059929370880127e-02	1.140173897147178650e-01	1.000000000000000000e+00	2.910325229167938232e-01	1.102104336023330688e-01	8.242447972297668457e-01	2.444350868463516235e-01
1.393197327852249146e-01	4.551867246627807617e-01	5.577747821807861328e-01	3.382005542516708374e-02	1.000000000000000000e+00	8.413866758346557617e-01	6.998138874769210815e-02	2.351344078779220581e-01	9.742708802223205566e-01	2.107513546943664551e-01	2.452506572008132935e-01	8.488230705261230469e-01	6.601105630397796631e-02
1.857596337795257568e-01	3.864781260490417480e-01	1.961513459682464600e-01	5.819648876786231995e-02	1.000000000000000000e+00	4.436378777027130127e-01	4.114925265312194824e-01	4.671466350555419922e-02	9.793820977210998535e-01	6.824566125869750977e-01	2.543236017227172852e-01	5.352486371994018555e-01	1.006615757942199707e-01
2.321995496749877930e-01	2.494883686304092407e-01	9.627283215522766113e-01	5.131012573838233948e-02	7.907268404960632324e-02	2.565675675868988037e-01	2.438854724168777466e-01	2.656444311141967773e-01	1.000000000000000000e+00	3.028996288776397705e-03	2.873313724994659424e-01	1.169063672423362732e-01	9.416162967681884766e-02
2.786394655704498291e-01	3.841191828250885010e-01	9.985153675079345703e-01	4.493044689297676086e-02	6.619768589735031128e-02	1.920141577720642090e-01	6.408164650201797485e-02	8.410899043083190918e-01	1.000000000000000000e+00	1.741635054349899292e-02	1.060521826148033142e-01	4.658208228647708893e-03	1.959232836961746216e-01
3.250793516635894775e-01	2.407771944999694824e-01	8.598998785018920898e-01	1.336044259369373322e-02	9.838201105594635010e-02	2.350590676069259644e-01	3.269268199801445007e-02	2.309745103120803833e-01	1.000000000000000000e+00	7.773898541927337646e-03	1.121138259768486023e-01	2.930043498054146767e-03	3.707620799541473389e-01
3.715192675590515137e-01	3.975856304168701172e-01	3.074080049991607666e-01	7.085406780242919922e-01	9.579367190599441528e-02	4.757696390151977539e-01	5.558262020349502563e-02	2.617155015468597412e-01	1.000000000000000000e+00	1.286892592906951904e-01	2.318376600742340088e-01	1.674243360757827759e-01	2.012530863285064697e-01
4.179591834545135498e-01	7.623750567436218262e-01	1.066797822713851929e-01	2.384534925222396851e-01	2.621262073516845703e-01	2.194806560873985291e-02	2.402617782354354858e-01	2.382246963679790497e-02	5.729722380638122559e-01	2.368683815002441406e-01	1.000000000000000000e+00	2.181535214185714722e-02	1.426598727703094482e-01
4.643990993499755859e-01	9.345845133066177368e-02	2.431255578994750977e-02	2.213626801967620850e-01	7.772193849086761475e-02	1.039754077792167664e-01	9.500166028738021851e-02	1.175785344094038010e-02	4.813908413052558899e-02	1.526041701436042786e-02	1.000000000000000000e+00	2.152167446911334991e-02	3.855746984481811523e-02
5.108389854431152344e-01	2.683809697628021240e-01	8.294842392206192017e-02	2.368969917297363281e-01	1.000000000000000000e+00	1.714626094326376915e-03	3.256712555885314941e-01	1.553828269243240356e-02	7.769005000591278076e-02	2.581977844238281250e-01	9.999833106994628906e-01	5.384679883718490601e-02	8.002644032239913940e-02
5.572789311408996582e-01	5.599739551544189453e-01	2.288400977849960327e-01	1.000000000000000000e+00	2.278616577386856079e-01	5.433475226163864136e-02	2.480734735727310181e-01	6.163252517580986023e-02	2.729721963405609131e-01	9.245682358741760254e-01	9.614921212196350098e-01	7.006289809942245483e-02	4.338143393397331238e-02
6.037188172340393066e-01	8.491844683885574341e-02	9.071966260671615601e-02	2.238200008869171143e-01	9.975664615631103516e-01	1.577611453831195831e-02	1.337122768163681030e-01	2.679180353879928589e-02	7.242424041032791138e-02	3.338858783245086670e-01	1.000000000000000000e+00	1.452015340328216553e-01	1.566126942634582520e-01
6.501587033271789551e-01	8.878954499959945679e-02	3.906875103712081909e-02	2.330702394247055054e-01	9.900351762771606445e-01	6.284019351005554199e-02	1.058058664202690125e-01	4.586508963257074356e-03	1.875748485326766968e-01	2.686204314231872559e-01	1.000000000000000000e+00	1.220184098929166794e-02	2.155332416296005249e-01
6.965986490249633789e-01	8.714577555656433105e-02	7.987189292907714844e-02	2.255593538284301758e-01	9.498990178108215332e-01	3.020066022872924805e-01	1.131611689925193787e-01	5.203149095177650452e-02	1.379529684782028198e-01	4.100833535194396973e-01	1.000000000000000000e+00	7.341102510690689087e-02	1.328809857368469238e-01
7.430385351181030273e-01	6.497443914413452148e-01	2.368996851146221161e-02	3.367999792098999023e-01	7.650200277566909790e-02	1.290999650955200195e-01	2.139392644166946411e-01	1.471263356506824493e-02	3.579649329185485840e-01	3.998158127069473267e-02	1.000000000000000000e+00	1.931861974298954010e-02	7.290773093700408936e-02
7.894784808158874512e-01	3.951243460178375244e-01	2.383663803339004517e-01	2.086891531944274902e-01	2.437261790037155151e-01	1.271142959594726562e-01	1.563383787870407104e-01	9.071493893861770630e-02	4.573102667927742004e-02	5.319055914878845215e-01	8.065907657146453857e-02	1.000000000000000000e+00	3.782790852710604668e-03
8.359183669090270996e-01	5.154526978731155396e-02	5.843446403741836548e-02	3.795062899589538574e-01	2.299361526966094971e-01	2.128231674432754517e-01	8.798920316621661186e-04	7.228691875934600830e-02	7.712926715612411499e-02	2.741144001483917236e-01	9.952934086322784424e-02	1.000000000000000000e+00	1.808270812034606934e-02
8.823582530021667480e-01	8.742545545101165771e-02	7.915934920310974121e-01	7.556678354740142822e-02	2.527232170104980469e-01	9.809657931327819824e-01	6.804019212722778320e-03	4.166606366634368896e-01	8.157007396221160889e-03	3.389456123113632202e-02	3.397885859012603760e-01	1.000000000000000000e+00	6.644111871719360352e-02
9.287981986999511719e-01	8.909212797880172729e-02	5.991986393928527832e-01	9.219516068696975708e-02	2.376332730054855347e-01	5.901031494140625000e-01	7.104910444468259811e-03	1.000000000000000000e+00	1.047262325882911682e-01	6.133861094713211060e-02	2.251002788543701172e-01	9.514275193214416504e-01	5.299760103225708008e-01
9.752380847930908203e-01	1.127483323216438293e-01	4.881016910076141357e-02	5.741862058639526367e-01	2.219540625810623169e-01	9.672411680221557617e-01	6.989747285842895508e-03	1.026542559266090393e-01	1.457665264606475830e-01	1.801444888114929199e-01	2.163665145635604858e-01	1.000000000000000000e+00	3.818818628787994385e-01
1.021677970886230469e+00	8.154196292161941528e-02	9.035835042595863342e-03	5.580868571996688843e-02	2.920407950878143311e-01	7.388752102851867676e-01	1.337451022118330002e-02	7.749147713184356689e-02	1.480665802955627441e-02	4.374973103404045105e-02	2.516868412494659424e-01	1.000000000000000000e+00	5.980940070003271103e-03
1.068117856979370117e+00	1.280358284711837769e-01	2.701833844184875488e-03	6.799153983592987061e-02	2.385612130165100098e-01	8.492490053176879883e-01	2.472010999917984009e-02	5.827458575367927551e-02	1.057780683040618896e-01	3.329238295555114746e-02	2.057746350765228271e-01	1.000000000000000000e+00	2.922882437705993652e-01
1.114557862281799316e+00	1.275805234909057617e-01	4.697936121374368668e-03	5.434017777442932129e-01	3.446553349494934082e-01	8.382595181465148926e-01	4.165592417120933533e-02	9.580643475055694580e-02	9.923093020915985107e-02	5.878384783864021301e-02	6.709694862365722656e-01	1.000000000000000000e+00	2.129884064197540283e-02
1.160997748374938965e+00	1.044819876551628113e-01	6.956159602850675583e-03	1.347540020942687988e-01	3.569970428943634033e-01	8.248477578163146973e-01	1.777316257357597351e-02	8.254826813936233521e-02	4.872305318713188171e-02	6.445430964231491089e-02	1.938242018222808838e-01	1.000000000000000000e+00	3.064919412136077881e-01
1.207437634468078613e+00	4.688532650470733643e-02	9.374471306800842285e-01	1.348925679922103882e-01	2.862602174282073975e-01	8.323337882757186890e-02	9.944305755198001862e-03	3.688206970691680908e-01	5.573246628046035767e-02	3.080166876316070557e-02	1.264721006155014038e-01	1.000000000000000000e+00	1.202711835503578186e-01
1.253877520561218262e+00	9.881380200386047363e-01	5.161416530609130859e-01	1.613707095384597778e-01	4.328161478042602539e-01	9.438101202249526978e-02	2.408011555671691895e-01	2.810158133506774902e-01	2.990826964378356934e-02	3.551173210144042969e-01	3.394760489463806152e-01	1.000000000000000000e+00	1.032605543732643127e-01
1.300317406654357910e+00	3.852395340800285339e-02	8.953886628150939941e-01	8.015665225684642792e-03	2.895818054676055908e-01	2.003341019153594971e-01	1.722517795860767365e-02	2.722148299217224121e-01	2.350871078670024872e-02	1.443382203578948975e-01	8.599937707185745239e-02	1.000000000000000000e+00	1.320414692163467407e-01
1.346757411956787109e+00	7.841955125331878662e-02	2.851781845092773438e-01	4.403353631496429443e-01	3.107741773128509521e-01	3.292921781539916992e-01	1.462012529373168945e-02	1.574695557355880737e-01	1.046722009778022766e-01	7.249566316604614258e-01	9.649759531021118164e-02	1.000000000000000000e+00	1.920817047357559204e-02
1.393197298049926758e+00	1.733584105968475342e-01	9.276493787765502930e-01	3.485403060913085938e-01	8.014051318168640137e-01	9.235848672688007355e-03	1.123680025339126587e-01	2.727782428264617920e-01	2.722749114036560059e-01	1.578204780817031860e-01	9.124150276184082031e-01	1.000000000000000000e+00	8.559329062700271606e-02
1.439637184143066406e+00	3.136596381664276123e-01	2.000733315944671631e-01	1.733954250812530518e-01	7.668312191963195801e-01	3.664656877517700195e-01	1.233791708946228027e-01	1.147872731089591980e-01	1.645648628473281860e-01	2.585887610912322998e-01	7.485204339027404785e-01	1.000000000000000000e+00	9.762014150619506836e-01
1.486077070236206055e+00	1.169618815183639526e-01	2.463384903967380524e-02	5.673443078994750977e-01	1.000000000000000000e+00	4.731824994087219238e-02	5.649447441101074219e-02	7.203667610883712769e-02	1.647762060165405273e-01	2.177681773900985718e-01	1.298729777336120605e-01	8.694987297058105469e-01	5.098022520542144775e-02
1.532516956329345703e+00	1.333074122667312622e-01	2.895523421466350555e-02	6.568816900253295898e-01	2.168221771717071533e-01	3.219181597232818604e-01	3.640975952148437500e-01	4.800983145833015442e-02	5.286914110183715820e-01	8.037596195936203003e-02	6.097847223281860352e-02	1.000000000000000000e+00	8.586709499359130859e-01
1.578956961631774902e+00	2.254729866981506348e-01	1.305408179759979248e-01	2.250061333179473877e-01	2.998633682727813721e-01	9.105910360813140869e-02	1.154941096901893616e-01	1.525175869464874268e-01	2.506717480719089508e-02	6.128530576825141907e-02	7.682827711105346680e-01	1.000000000000000000e+00	8.461223542690277100e-02
1.625396847724914551e+00	1.484995186328887939e-01	5.657085180282592773e-01	1.485488414764404297e-01	2.364451736211776733e-01	7.128256559371948242e-01	6.179456710815429688e-01	1.814602017402648926e-01	3.355472385883331299e-01	2.928329072892665863e-02	1.682230383157730103e-01	1.000000000000000000e+00	7.716648280620574951e-02
1.671836733818054199e+00	8.500493317842483521e-02	8.345941901206970215e-01	3.594234585762023926e-02	2.723148763179779053e-01	4.136983305215835571e-03	5.895201563835144043e-01	3.103660643100738525e-01	6.149281188845634460e-02	4.595400765538215637e-02	1.233665719628334045e-01	1.000000000000000000e+00	4.470263421535491943e-02
1.718276619911193848e+00	1.075415611267089844e-01	8.434960991144180298e-02	2.053905725479125977e-01	2.204934060573577881e-01	9.237741827964782715e-01	2.003217861056327820e-02	8.844560980796813965e-01	4.687958210706710815e-02	3.406408131122589111e-01	1.721866130828857422e-01	1.000000000000000000e+00	4.780796468257904053e-01
1.764716506004333496e+00	1.551076918840408325e-01	2.851047739386558533e-02	4.746605455875396729e-01	6.006696820259094238e-01	8.365085721015930176e-01	3.441355004906654358e-02	1.229094788432121277e-01	9.959043562412261963e-02	1.191241964697837830e-01	2.919076383113861084e-01	1.000000000000000000e+00	3.411917388439178467e-02
1.811156511306762695e+00	7.326745986938476562e-02	8.372734300792217255e-03	2.543597668409347534e-02	2.934956550598144531e-01	5.752558112144470215e-01	9.096359834074974060e-03	7.841715216636657715e-02	2.427518134936690331e-03	4.717288911342620850e-02	1.291437447071075439e-01	1.000000000000000000e+00	3.473057178780436516e-03
1.857596397399902344e+00	2.018074691295623779e-01	5.460824966430664062e-01	8.118396252393722534e-02	6.232481002807617188e-01	1.755894720554351807e-01	4.043968766927719116e-02	2.070451676845550537e-01	1.521052122116088867e-01	4.678760468959808350e-01	4.901799559593200684e-02	1.000000000000000000e+00	3.430561423301696777e-01
1.904036283493041992e+00	2.562073171138763428e-01	4.534990191459655762e-01	1.557923201471567154e-02	2.543199956417083740e-01	2.521061897277832031e-01	2.289241999387741089e-01	1.323211342096328735e-01	6.570287048816680908e-02	3.857768774032592773e-01	7.347926497459411621e-02	9.941365718841552734e-01	1.000000000000000000e+00
1.950476169586181641e+00	3.660278618335723877e-01	1.390596181154251099e-01	6.019539386034011841e-02	3.133072853088378906e-01	5.978396534919738770e-02	2.484568357467651367e-01	1.039107143878936768e-01	1.528047118335962296e-02	6.272768974304199219e-01	1.827126741409301758e-02	1.000000000000000000e+00	1.112987175583839417e-01
1.996916055679321289e+00	4.501966387033462524e-02	1.458601802587509155e-01	2.170814434066414833e-03	2.532833218574523926e-01	5.795124173164367676e-02	1.110948622226715088e-02	1.010596230626106262e-01	4.279638454318046570e-02	4.401988908648490906e-02	1.593668013811111450e-02	1.000000000000000000e+00	5.046208947896957397e-02
2.043355941772460938e+00	5.398180484771728516e-01	7.322032451629638672e-01	1.583185791969299316e-01	4.200111627578735352e-01	5.268113687634468079e-02	5.795281529426574707e-01	7.877275347709655762e-01	1.506597846746444702e-01	4.227715134620666504e-01	6.240793690085411072e-02	1.000000000000000000e+00	2.972815632820129395e-01
2.089795827865600586e+00	9.526712447404861450e-02	3.834112584590911865e-01	3.143758047372102737e-03	6.019513607025146484e-01	7.660964131355285645e-02	1.255773752927780151e-02	1.296422928571701050e-01	2.609600126743316650e-01	9.721286892890930176e-01	3.522685542702674866e-02	1.000000000000000000e+00	1.559200286865234375e-01
2.136235713958740234e+00	2.866161167621612549e-01	1.639668643474578857e-01	2.382686287164688110e-01	7.820655703544616699e-01	8.013440668582916260e-02	1.118010133504867554e-01	6.124677881598472595e-02	3.113645315170288086e-01	2.035494297742843628e-01	1.000000000000000000e+00	2.614373266696929932e-01	1.570250988006591797e-01
2.182675838470458984e+00	7.530770450830459595e-02	3.593656718730926514e-01	2.130249738693237305e-01	2.332130670547485352e-01	5.273384507745504379e-03	8.740034699440002441e-02	7.946092635393142700e-02	2.741428315639495850e-01	9.602338820695877075e-02	1.000000000000000000e+00	3.065928444266319275e-02	8.989492058753967285e-02
2.229115724563598633e+00	9.926486015319824219e-01	5.234694480895996094e-02	3.369577229022979736e-01	8.195606470108032227e-01	1.581219397485256195e-02	5.462411642074584961e-01	2.342281192541122437e-01	4.963434115052223206e-02	3.359289169311523438e-01	1.000000000000000000e+00	2.833326458930969238e-01	1.421889364719390869e-01
2.275555610656738281e+00	3.662342578172683716e-02	5.833723023533821106e-02	2.763176858425140381e-01	1.000000000000000000e+00	3.770226240158081055e-02	9.575054794549942017e-02	1.369255129247903824e-02	1.067092269659042358e-01	3.443833589553833008e-01	9.938281774520874023e-01	8.574058860540390015e-02	1.719904839992523193e-01
2.321995496749877930e+00	3.878228664398193359e-01	5.324129462242126465e-01	3.576042652130126953e-01	2.860468327999114990e-01	2.225217670202255249e-01	2.034993022680282593e-01	1.704153269529342651e-01	7.544390857219696045e-02	4.429577887058258057e-01	6.267446279525756836e-01	1.000000000000000000e+00	3.493160903453826904e-01
2.368435382843017578e+00	5.881260335445404053e-02	5.437068175524473190e-04	5.689643025398254395e-01	2.249792665243148804e-01	7.369150966405868530e-02	2.281535044312477112e-02	6.608357280492782593e-02	1.128019094467163086e-01	2.839126065373420715e-02	4.163542389869689941e-01	1.000000000000000000e+00	1.013128366321325302e-02
2.414875268936157227e+00	7.798202335834503174e-02	6.239030361175537109e-01	4.767104610800743103e-02	2.552765011787414551e-01	9.647409915924072266e-01	7.907793857157230377e-03	2.922517955303192139e-01	1.091147772967815399e-02	6.233475729823112488e-02	3.431201577186584473e-01	1.000000000000000000e+00	1.811299175024032593e-01
2.461315155029296875e+00	1.260880380868911743e-01	4.023583829402923584e-01	3.321994841098785400e-02	2.399102896451950073e-01	9.216764569282531738e-01	1.375343184918165207e-02	1.815504729747772217e-01	1.358987987041473389e-01	3.166224434971809387e-02	2.329426258802413940e-01	1.000000000000000000e+00	2.532328069210052490e-01
2.507755041122436523e+00	7.963591068983078003e-02	5.635792762041091919e-02	4.492219090461730957e-01	2.242144793272018433e-01	9.517430067062377930e-01	4.771362990140914917e-03	7.497305423021316528e-02	1.107635051012039185e-01	1.945214569568634033e-01	2.207343429327011108e-01	1.000000000000000000e+00	2.562884688377380371e-01
2.554194927215576172e+00	1.091026067733764648e-01	7.927843928337097168e-02	2.472957223653793335e-02	3.339104950428009033e-01	6.606537699699401855e-01	1.408243458718061447e-02	1.060571670532226562e-01	1.316031208261847496e-03	6.783649325370788574e-02	1.690150201320648193e-01	1.000000000000000000e+00	2.971699833869934082e-02
2.600634813308715820e+00	5.276721715927124023e-01	4.276990890502929688e-01	2.353230863809585571e-02	2.131457775831222534e-01	5.651174113154411316e-02	7.746751308441162109e-01	1.331231594085693359e-01	7.215038686990737915e-02	1.878787279129028320e-01	1.616128720343112946e-02	1.000000000000000000e+00	1.384683102369308472e-01
2.647074937820434570e+00	1.954134255647659302e-01	2.751980163156986237e-02	4.207828640937805176e-01	1.000000000000000000e+00	7.395228743553161621e-01	1.169535070657730103e-01	8.176147937774658203e-02	6.796672940254211426e-02	2.363569885492324829e-01	3.812544345855712891e-01	9.868840575218200684e-01	9.566044807434082031e-02
2.693514823913574219e+00	8.902370184659957886e-02	4.282368421554565430e-01	2.090380340814590454e-01	9.751286506652832031e-01	9.174911379814147949e-01	1.941162161529064178e-02	2.120592296123504639e-01	6.944345682859420776e-02	4.195273220539093018e-01	3.225581347942352295e-01	1.000000000000000000e+00	6.002213358879089355e-01
2.739954710006713867e+00	1.656990647315979004e-01	7.256444096565246582e-01	1.794753074645996094e-01	3.774851858615875244e-01	3.107140585780143738e-02	4.670561477541923523e-02	4.874420464038848877e-01	4.287628084421157837e-02	4.215186536312103271e-01	8.294556289911270142e-02	1.000000000000000000e+00	1.315768510103225708e-01
2.786394596099853516e+00	5.521100759506225586e-02	2.368306517601013184e-01	1.010039001703262329e-01	3.848777115345001221e-01	2.456227689981460571e-01	4.778915643692016602e-02	2.272076308727264404e-01	2.099167369306087494e-02	9.151028990745544434e-01	2.437272816896438599e-01	1.000000000000000000e+00	5.201342329382896423e-02
2.832834482192993164e+00	2.322392761707305908e-01	2.699819803237915039e-01	2.803781330585479736e-01	5.976985692977905273e-01	1.920095533132553101e-01	5.685796216130256653e-02	1.141976043581962585e-01	9.865824133157730103e-02	5.985190272331237793e-01	6.501288712024688721e-02	1.000000000000000000e+00	1.401554793119430542e-02
2.879274368286132812e+00	7.166361808776855469e-02	8.723946809768676758e-01	1.441085431724786758e-02	2.660080790519714355e-01	5.458390712738037109e-02	1.251000165939331055e-01	2.528675496578216553e-01	6.907525472342967987e-03	6.656963825225830078e-01	6.761323660612106323e-02	1.000000000000000000e+00	5.301855504512786865e-02
2.925714254379272461e+00	1.215034127235412598e-01	8.160995841026306152e-01	7.479777187108993530e-02	1.000000000000000000e+00	9.406324476003646851e-03	5.918665230274200439e-02	3.781756460666656494e-01	2.103353291749954224e-02	3.310073614120483398e-01	2.693169713020324707e-01	8.166015744209289551e-01	9.904433041810989380e-02
2.972154140472412109e+00	4.858456552028656006e-01	1.007121503353118896e-01	3.415822386741638184e-01	8.115229606628417969e-01	4.420258998870849609e-01	1.341838240623474121e-01	6.253840029239654541e-02	6.040964648127555847e-02	4.218102693557739258e-01	3.016829490661621094e-01	1.000000000000000000e+00	2.242323383688926697e-02
3.018594026565551758e+00	2.475735545158386230e-01	5.973913073539733887e-01	1.239386945962905884e-01	1.000000000000000000e+00	5.088562965393066406e-01	9.239964187145233154e-02	2.312320619821548462e-01	1.532758306711912155e-02	2.552771270275115967e-01	5.234499573707580566e-01	8.231091499328613281e-01	9.926579147577285767e-02
3.065033912658691406e+00	7.293755561113357544e-02	2.220620773732662201e-02	6.145356297492980957e-01	7.444580793380737305e-01	2.956814877688884735e-02	1.575370281934738159e-01	5.140764266252517700e-02	2.151063829660415649e-01	1.527518332004547119e-01	9.724643826484680176e-01	1.000000000000000000e+00	6.509111821651458740e-02
3.111474037170410156e+00	1.702371686697006226e-01	9.205894470214843750e-01	1.225820556282997131e-01	3.278832435607910156e-01	3.790711984038352966e-02	6.844191998243331909e-02	4.324930012226104736e-01	1.873919069766998291e-01	3.144266307353973389e-01	1.360390335321426392e-01	1.000000000000000000e+00	2.168001234531402588e-01
3.157913923263549805e+00	9.322281926870346069e-02	6.086838990449905396e-02	5.185399577021598816e-02	7.894644737243652344e-01	7.007972151041030884e-02	4.722063243389129639e-02	7.029189914464950562e-02	1.194274891167879105e-02	3.110997974872589111e-01	2.777225151658058167e-02	1.000000000000000000e+00	4.431566596031188965e-02
3.204353809356689453e+00	5.755875632166862488e-02	8.924409747123718262e-01	7.357276976108551025e-02	1.000000000000000000e+00	6.729330420494079590e-01	1.035589575767517090e-01	2.688627541065216064e-01	2.228784747421741486e-02	2.099167108535766602e-01	4.143736958503723145e-01	8.998850584030151367e-01	2.776164114475250244e-01
3.250793695449829102e+00	9.315631389617919922e-01	4.335609823465347290e-02	7.859219610691070557e-02	5.723701119422912598e-01	1.657697260379791260e-01	2.444561123847961426e-01	6.766294687986373901e-02	8.436573296785354614e-02	2.907021045684814453e-01	5.063181370496749878e-02	1.000000000000000000e+00	5.584529414772987366e-02
3.297233581542968750e+00	3.879274055361747742e-02	9.832420945167541504e-02	3.369510546326637268e-02	1.000000000000000000e+00	1.030193418264389038e-01	4.857349395751953125e-02	7.057805359363555908e-02	7.697679102420806885e-03	2.870014905929565430e-01	3.223360702395439148e-02	8.688128590583801270e-01	5.212390795350074768e-02
3.343673467636108398e+00	2.203518599271774292e-01	2.585349045693874359e-02	6.070162355899810791e-02	1.000000000000000000e+00	7.471548765897750854e-02	1.071355789899826050e-01	4.919302091002464294e-02	6.716071069240570068e-02	2.247188836336135864e-01	1.804400831460952759e-01	8.367305994033813477e-01	4.933074489235877991e-02
3.390113353729248047e+00	5.420282855629920959e-02	9.624031186103820801e-02	1.920548453927040100e-02	1.000000000000000000e+00	1.788478940725326538e-01	4.047462642192840576e-01	7.716078311204910278e-02	1.747283898293972015e-02	2.688841819763183594e-01	6.076027452945709229e-02	9.958062767982482910e-01	1.179008111357688904e-01
3.436553239822387695e+00	2.865318953990936279e-01	6.885466575622558594e-01	1.457710564136505127e-01	2.975986897945404053e-01	4.369997382164001465e-01	1.700237542390823364e-01	2.802764475345611572e-01	4.662548303604125977e-01	6.201519817113876343e-02	3.278732895851135254e-01	1.000000000000000000e+00	7.009009718894958496e-01
3.482993125915527344e+00	2.471118718385696411e-01	1.178575679659843445e-01	5.580257996916770935e-02	8.065998554229736328e-01	3.755053505301475525e-02	2.758513689041137695e-01	7.936284691095352173e-02	1.000000000000000000e+00	1.735972315073013306e-01	2.078201919794082642e-01	1.312825977802276611e-01	1.093462482094764709e-01
3.529433012008666992e+00	2.423030734062194824e-01	1.750611066818237305e-01	2.386908605694770813e-02	2.287713885307312012e-01	3.199928700923919678e-01	3.976043686270713806e-02	3.876735568046569824e-01	1.000000000000000000e+00	6.147689744830131531e-02	1.060148179531097412e-01	2.157794544473290443e-03	8.371399641036987305e-01
3.575872898101806641e+00	4.346119761466979980e-01	5.929679274559020996e-01	4.923741221427917480e-01	2.318054884672164917e-01	5.438672900199890137e-01	2.443804144859313965e-01	3.727789223194122314e-01	1.000000000000000000e+00	6.110310181975364685e-02	1.834101378917694092e-01	7.886554598808288574e-01	6.348910927772521973e-02
3.622313022613525391e+00	2.646535038948059082e-01	1.752062141895294189e-02	8.172864913940429688e-01	2.130728214979171753e-01	2.523409426212310791e-01	7.813069969415664673e-02	9.491267800331115723e-02	1.000000000000000000e+00	2.432892657816410065e-02	7.242514938116073608e-02	7.051292061805725098e-01	1.982957310974597931e-02
3.668752908706665039e+00	4.160486161708831787e-01	5.285599827766418457e-02	1.759759336709976196e-02	8.821923732757568359e-01	3.539746999740600586e-01	1.034878417849540710e-01	7.816454023122787476e-02	1.000000000000000000e+00	1.891538053750991821e-01	1.194029673933982849e-01	3.051667660474777222e-02	2.351367026567459106e-01
3.715192794799804688e+00	8.547715544700622559e-01	9.228835254907608032e-02	6.371784210205078125e-02	4.795796275138854980e-01	9.917232990264892578e-01	2.165920585393905640e-01	4.310864508152008057e-01	1.000000000000000000e+00	1.629999130964279175e-01	2.701428234577178955e-01	1.033867895603179932e-01	2.446446269750595093e-01
3.761632680892944336e+00	2.365648448467254639e-01	8.522977232933044434e-01	2.254051715135574341e-02	9.028524905443191528e-02	3.273567557334899902e-02	4.948179423809051514e-02	2.059571743011474609e-01	1.000000000000000000e+00	1.022985205054283142e-02	7.676478475332260132e-02	2.897819690406322479e-02	1.721143871545791626e-01
3.808072566986083984e+00	2.683707177639007568e-01	9.499503374099731445e-01	1.850183866918087006e-02	2.880259752273559570e-01	4.110864698886871338e-01	6.983755528926849365e-02	2.389683574438095093e-01	1.000000000000000000e+00	4.605543985962867737e-02	1.513190716505050659e-01	2.906333208084106445e-01	7.028619945049285889e-02
3.854512453079223633e+00	3.651148080825805664e-01	1.021516844630241394e-01	4.839524328708648682e-01	4.836504757404327393e-01	7.043734788894653320e-01	4.229452908039093018e-01	5.659798979759216309e-01	1.000000000000000000e+00	1.362243294715881348e-01	1.827000528573989868e-01	1.236169114708900452e-01	1.406290084123611450e-01
3.900952339172363281e+00	2.684490382671356201e-01	9.723094105720520020e-01	1.396578252315521240e-01	1.593661010265350342e-01	4.896798431873321533e-01	1.736593693494796753e-01	3.304934799671173096e-01	1.000000000000000000e+00	1.352151576429605484e-02	6.880216598510742188e-01	2.380688674747943878e-02	1.404666602611541748e-01
3.947392225265502930e+00	3.759556114673614502e-01	7.693405747413635254e-01	1.688005216419696808e-02	1.090669482946395874e-01	6.284618377685546875e-01	6.352812051773071289e-02	6.143750548362731934e-01	1.000000000000000000e+00	2.568470127880573273e-02	1.607047319412231445e-01	2.374161332845687866e-01	9.299298524856567383e-01
3.993832111358642578e+00	6.583887338638305664e-01	3.135087788105010986e-01	3.509816899895668030e-02	3.189312219619750977e-01	1.536620110273361206e-01	1.407327800989151001e-01	6.137279868125915527e-01	1.000000000000000000e+00	8.782841265201568604e-02	3.236712887883186340e-02	5.790104717016220093e-02	6.353998780250549316e-01
4.040272235870361328e+00	2.296958565711975098e-01	1.356463879346847534e-01	7.968264222145080566e-01	2.823742330074310303e-01	2.342562079429626465e-01	3.354161605238914490e-02	8.591928333044052124e-02	1.000000000000000000e+00	6.171375885605812073e-02	1.441122740507125854e-01	5.732469633221626282e-02	7.976930737495422363e-01
4.086711883544921875e+00	3.840424120426177979e-01	8.035605773329734802e-03	3.610456734895706177e-02	2.504703402519226074e-01	8.646588921546936035e-01	1.827940791845321655e-01	3.357124701142311096e-02	1.000000000000000000e+00	4.147506877779960632e-02	2.320062816143035889e-01	1.160180792212486267e-01	1.046708002686500549e-01
4.133152008056640625e+00	2.411011606454849243e-01	2.794396877288818359e-01	1.199348047375679016e-01	6.879377365112304688e-02	5.948507189750671387e-01	3.069029934704303741e-02	6.463050842285156250e-02	1.000000000000000000e+00	6.272485188674181700e-05	2.490389645099639893e-01	5.206285044550895691e-03	4.631236493587493896e-01
4.179591655731201172e+00	4.554840624332427979e-01	2.934267818927764893e-01	1.212813630700111389e-01	1.743480712175369263e-01	8.837938904762268066e-01	6.954371184110641479e-02	1.310438364744186401e-01	1.000000000000000000e+00	2.227622829377651215e-02	2.931596934795379639e-01	4.514115750789642334e-01	3.396935760974884033e-02
4.226031780242919922e+00	3.372241258621215820e-01	2.408422343432903290e-02	2.748759388923645020e-01	1.234242394566535950e-01	1.980079710483551025e-02	2.173291295766830444e-01	3.507918678224086761e-03	1.000000000000000000e+00	7.460130006074905396e-02	9.274819493293762207e-01	8.147753030061721802e-02	8.885853737592697144e-02
4.272471427917480469e+00	3.147358894348144531e-01	4.305104911327362061e-02	1.938938051462173462e-01	3.965729475021362305e-01	7.734774947166442871e-01	6.362942606210708618e-02	5.763742923736572266e-01	1.000000000000000000e+00	1.106088459491729736e-01	2.943440973758697510e-01	1.682866550981998444e-02	2.077827602624893188e-01
4.318911552429199219e+00	2.344853281974792480e-01	1.425096094608306885e-01	8.311581611633300781e-02	2.769670486450195312e-01	3.490179777145385742e-02	1.065515801310539246e-01	2.591133490204811096e-02	1.000000000000000000e+00	5.554577708244323730e-02	2.044017799198627472e-02	2.705304138362407684e-02	2.054608017206192017e-01
4.365351676940917969e+00	3.662196099758148193e-01	9.898539185523986816e-01	2.306457795202732086e-02	5.878470540046691895e-01	5.958491563796997070e-01	5.457076057791709900e-02	2.789592146873474121e-01	1.000000000000000000e+00	1.197383403778076172e-01	2.154176533222198486e-01	3.922769427299499512e-01	7.207182049751281738e-02
4.411791324615478516e+00	2.673285305500030518e-01	3.492152690887451172e-02	8.721655607223510742e-02	3.255967795848846436e-01	4.686092436313629150e-01	4.393144547939300537e-01	5.332758277654647827e-02	1.000000000000000000e+00	4.007482528686523438e-02	2.026318907737731934e-01	9.906485676765441895e-01	1.406460814177989960e-02
4.458231449127197266e+00	2.670811116695404053e-01	1.651510149240493774e-01	4.150130450725555420e-01	5.428251996636390686e-02	9.037794470787048340e-01	4.143287613987922668e-02	6.570745259523391724e-02	1.000000000000000000e+00	2.963037788867950439e-01	1.904084980487823486e-01	1.357367783784866333e-01	2.966762781143188477e-01
4.504671096801757812e+00	3.581341207027435303e-01	9.925712943077087402e-01	4.578575491905212402e-02	7.204405963420867920e-02	1.235499382019042969e-01	5.701012536883354187e-02	3.951032757759094238e-01	1.000000000000000000e+00	1.143791619688272476e-02	1.203762069344520569e-01	3.964128904044628143e-03	9.599651396274566650e-02
4.551111221313476562e+00	2.456271797418594360e-01	8.971285223960876465e-01	2.856389619410037994e-02	1.157138422131538391e-01	3.998734951019287109e-01	3.225562348961830139e-02	2.797671258449554443e-01	1.000000000000000000e+00	2.847502753138542175e-02	1.683156639337539673e-01	5.952639970928430557e-03	4.548563361167907715e-01
4.597550868988037109e+00	2.881448864936828613e-01	5.228789523243904114e-02	3.361852765083312988e-01	8.464289307594299316e-01	9.288205504417419434e-01	8.748752623796463013e-02	5.159915238618850708e-02	1.000000000000000000e+00	2.101487368345260620e-01	2.539277970790863037e-01	7.142985612154006958e-02	6.955294311046600342e-02
4.643990993499755859e+00	2.452570199966430664e-01	6.740247830748558044e-03	4.098967835307121277e-02	4.739363864064216614e-02	1.000000000000000000e+00	2.935758233070373535e-02	3.110653162002563477e-02	7.928413748741149902e-01	2.621115744113922119e-02	2.574789822101593018e-01	8.211337961256504059e-03	1.748956739902496338e-02
4.690430641174316406e+00	1.275189369916915894e-01	6.381887011229991913e-03	4.113386943936347961e-02	1.303222961723804474e-02	1.000000000000000000e+00	8.174424059689044952e-03	4.547911137342453003e-02	2.603787183761596680e-01	2.392201125621795654e-02	2.290603816509246826e-01	2.154666464775800705e-03	1.383118890225887299e-02
4.736870765686035156e+00	7.903417199850082397e-02	4.021467175334692001e-03	4.367335513234138489e-02	3.113223239779472351e-03	1.000000000000000000e+00	2.085882937535643578e-03	4.384120553731918335e-02	6.633950024843215942e-02	1.687335409224033356e-02	2.254372835159301758e-01	2.296622376888990402e-03	7.974285632371902466e-03
4.783310890197753906e+00	1.203029751777648926e-01	5.858059041202068329e-03	4.563530907034873962e-02	1.249896921217441559e-02	1.000000000000000000e+00	7.068051025271415710e-03	4.337351024150848389e-02	2.381570190191268921e-01	2.487850189208984375e-02	2.291636765003204346e-01	2.666417276486754417e-03	7.202237844467163086e-03
4.829750537872314453e+00	9.987660497426986694e-02	8.345678448677062988e-03	4.205255210399627686e-02	8.677689358592033386e-03	1.000000000000000000e+00	5.220569670200347900e-03	3.641347587108612061e-02	1.771267354488372803e-01	3.246589750051498413e-02	2.302478849887847900e-01	2.447984414175152779e-03	2.501805499196052551e-02
4.876190662384033203e+00	6.760516762733459473e-02	5.314376205205917358e-03	3.637839108705520630e-02	2.586430637165904045e-03	1.000000000000000000e+00	1.480118371546268463e-03	3.507893532514572144e-02	4.227674379944801331e-02	1.680385880172252655e-02	2.282226681709289551e-01	1.632782979868352413e-03	3.139128163456916809e-02
4.922630310058593750e+00	8.206148445606231689e-02	4.091591108590364456e-03	3.343346714973449707e-02	3.091239603236317635e-03	1.000000000000000000e+00	1.964577939361333847e-03	4.542166739702224731e-02	6.777190417051315308e-02	1.131858024746179581e-02	2.227722406387329102e-01	1.011842279694974422e-03	4.804879054427146912e-02
4.969070434570312500e+00	7.515551149845123291e-02	4.375905729830265045e-03	3.101403452455997467e-02	1.910871476866304874e-03	1.000000000000000000e+00	1.231228932738304138e-03	4.551746323704719543e-02	3.791423141956329346e-02	1.057729404419660568e-02	2.214993834495544434e-01	2.135014161467552185e-03	6.079809367656707764e-02
5.015510082244873047e+00	2.919195294380187988e-01	1.868920284323394299e-03	3.933543339371681213e-02	3.890885412693023682e-02	1.000000000000000000e+00	3.599346429109573364e-02	8.780323714017868042e-02	9.638684391975402832e-01	6.790468469262123108e-03	2.379975914955139160e-01	1.364642940461635590e-02	2.142606675624847412e-02
5.061950206756591797e+00	2.889278829097747803e-01	2.459468320012092590e-03	3.087571449577808380e-02	5.932565033435821533e-02	9.989386200904846191e-01	3.030789457261562347e-02	7.046907395124435425e-02	1.000000000000000000e+00	3.590571694076061249e-03	2.534633576869964600e-01	6.102711777202785015e-04	5.564647540450096130e-02
5.108389854431152344e+00	2.871097028255462646e-01	1.659980334807187319e-04	4.522014409303665161e-02	5.805123969912528992e-02	9.960400462150573730e-01	3.076588176190853119e-02	2.983625419437885284e-02	1.000000000000000000e+00	9.366564336232841015e-04	2.546249330043792725e-01	2.265118993818759918e-02	2.317361533641815186e-03
5.154829978942871094e+00	2.883883118629455566e-01	6.540779024362564087e-03	8.008869886398315430e-01	1.937424689531326294e-01	5.354882478713989258e-01	8.233411610126495361e-02	8.837079256772994995e-02	1.000000000000000000e+00	2.385480515658855438e-02	1.303225457668304443e-01	5.284768342971801758e-01	8.726872503757476807e-03
5.201269626617431641e+00	3.211000263690948486e-01	1.045063138008117676e-02	2.514734305441379547e-02	7.499010860919952393e-02	9.734113216400146484e-01	2.850129306316375732e-01	7.622110098600387573e-02	1.000000000000000000e+00	6.071412004530429840e-03	2.285818606615066528e-01	6.373389810323715210e-02	1.321872230619192123e-02
5.247709751129150391e+00	9.668751806020736694e-02	5.874454602599143982e-02	1.497124880552291870e-01	3.997870907187461853e-02	9.811555743217468262e-01	1.000000000000000000e+00	5.484644323587417603e-02	1.509914398193359375e-01	5.983420996926724911e-04	4.874717295169830322e-01	2.432470321655273438e-01	1.358559541404247284e-02
5.294149875640869141e+00	2.301136553287506104e-01	1.789478808641433716e-01	7.223238050937652588e-02	4.243012517690658569e-02	9.119208455085754395e-01	1.000000000000000000e+00	1.444183588027954102e-01	9.582936763763427734e-02	1.063734218478202820e-01	2.012075185775756836e-01	2.310254722833633423e-01	1.604189276695251465e-01
5.340589523315429688e+00	4.083285853266716003e-02	1.792059689760208130e-01	9.035974740982055664e-03	1.000000000000000000e+00	2.133944183588027954e-01	9.875681400299072266e-01	2.311019040644168854e-02	9.185236692428588867e-02	3.220978677272796631e-01	4.518721252679824829e-02	2.325005233287811279e-01	3.162218332290649414e-01
5.387029647827148438e+00	5.733385309576988220e-02	6.350396573543548584e-02	9.201118946075439453e-01	3.236100077629089355e-02	6.930464878678321838e-03	1.000000000000000000e+00	2.604345791041851044e-04	3.740392923355102539e-01	1.033152104355394840e-03	5.814581643790006638e-03	2.400752753019332886e-01	1.046707294881343842e-02
5.433469295501708984e+00	1.261129677295684814e-01	2.301280386745929718e-02	4.311857372522354126e-02	1.914202421903610229e-02	1.000000000000000000e+00	1.362761706113815308e-01	4.359614104032516479e-02	2.232416868209838867e-01	4.675424844026565552e-02	2.413931190967559814e-01	3.289344906806945801e-02	2.193560265004634857e-02
5.479909420013427734e+00	9.778141975402832031e-02	8.255004882812500000e-03	4.235731065273284912e-02	7.416335400193929672e-03	1.000000000000000000e+00	6.063139066100120544e-02	4.449811950325965881e-02	1.203014180064201355e-01	1.983619108796119690e-02	2.277355194091796875e-01	1.471768878400325775e-02	8.825284428894519806e-03
5.526349067687988281e+00	8.645667880773544312e-02	5.719306413084268570e-03	4.370097815990447998e-02	4.588275682181119919e-03	1.000000000000000000e+00	2.850908786058425903e-02	4.521538317203521729e-02	7.911525666713714600e-02	1.773597113788127899e-02	2.270900011062622070e-01	7.916905917227268219e-03	7.539210841059684753e-03
5.572789192199707031e+00	9.091107547283172607e-02	2.234554104506969452e-02	4.766486585140228271e-02	5.595638975501060486e-02	1.000000000000000000e+00	1.759488321840763092e-02	6.485570222139358521e-02	1.079194620251655579e-01	5.095323547720909119e-02	2.282055616378784180e-01	1.028310321271419525e-02	2.187042497098445892e-02
5.619228839874267578e+00	2.512482367455959320e-02	4.277167841792106628e-02	8.332234807312488556e-03	1.000000000000000000e+00	1.009496450424194336e-01	3.823041170835494995e-02	2.806011214852333069e-02	6.842775642871856689e-02	2.401907145977020264e-01	2.762896940112113953e-02	2.416570112109184265e-02	7.418271154165267944e-02
5.665668964385986328e+00	9.890948422253131866e-03	4.760785773396492004e-02	2.708662999793887138e-03	1.000000000000000000e+00	6.198205426335334778e-02	1.818840205669403076e-01	4.811380524188280106e-03	3.094942122697830200e-02	2.295900881290435791e-01	1.589102856814861298e-02	4.320870712399482727e-02	6.034434214234352112e-02
5.712108612060546875e+00	9.671828709542751312e-03	4.449832066893577576e-02	1.563776400871574879e-03	1.000000000000000000e+00	3.819406032562255859e-02	7.300832122564315796e-02	4.641390405595302582e-03	3.207449242472648621e-02	2.316184639930725098e-01	1.045421231538057327e-02	1.815945655107498169e-02	5.875045433640480042e-02
5.758548736572265625e+00	1.433083415031433105e-02	6.153540685772895813e-02	3.121356014162302017e-03	1.000000000000000000e+00	5.664754658937454224e-02	2.820296883583068848e-01	7.113447412848472595e-03	4.628792777657508850e-02	2.318170964717864990e-01	1.529999356716871262e-02	7.202227413654327393e-02	6.456436961889266968e-02
5.804988861083984375e+00	8.552320301532745361e-02	4.146672412753105164e-02	4.244184494018554688e-02	5.896257758140563965e-01	1.000000000000000000e+00	2.614233642816543579e-02	4.387813806533813477e-02	4.658697172999382019e-02	1.918817907571792603e-01	2.317959070205688477e-01	2.601946890354156494e-02	7.003434002399444580e-02
5.851428508758544922e+00	7.342014461755752563e-02	9.380769915878772736e-03	4.124677553772926331e-02	1.053515672683715820e-01	1.000000000000000000e+00	5.740991793572902679e-03	5.092647299170494080e-02	1.791346259415149689e-02	4.649446532130241394e-02	2.222920060157775879e-01	6.314620375633239746e-03	1.595964841544628143e-02
5.897868633270263672e+00	6.768588721752166748e-02	4.514731001108884811e-03	4.254113137722015381e-02	2.740007266402244568e-02	1.000000000000000000e+00	1.511960057541728020e-03	4.386572167277336121e-02	9.790545329451560974e-03	2.064622007310390472e-02	2.235787510871887207e-01	3.602986456826329231e-03	7.603971287608146667e-03
5.944308280944824219e+00	6.751923263072967529e-02	6.801233626902103424e-03	4.325298964977264404e-02	1.749322749674320221e-02	1.000000000000000000e+00	1.694161444902420044e-03	4.335163533687591553e-02	1.031914725899696350e-02	2.908474206924438477e-02	2.237995862960815430e-01	3.150398144498467445e-03	1.101745292544364929e-02
5.990748405456542969e+00	5.741745978593826294e-02	1.710973493754863739e-02	4.051451757550239563e-02	2.975428104400634766e-01	1.000000000000000000e+00	9.295758791267871857e-03	3.048854693770408630e-02	8.780262432992458344e-03	9.784813970327377319e-02	2.292079925537109375e-01	2.654657233506441116e-03	3.916731476783752441e-02
6.037188053131103516e+00	6.102665141224861145e-02	1.856392621994018555e-02	3.377360850572586060e-02	3.743059933185577393e-01	1.000000000000000000e+00	1.307566184550523758e-02	3.724723681807518005e-02	5.074989516288042068e-03	1.003724783658981323e-01	2.265130132436752319e-01	4.531805403530597687e-03	4.877100884914398193e-02
6.083628177642822266e+00	7.476691901683807373e-02	1.433171238750219345e-02	2.922551706433296204e-02	3.383181095123291016e-01	1.000000000000000000e+00	8.439859375357627869e-03	5.525448918342590332e-02	5.428782664239406586e-03	8.841346204280853271e-02	2.173213362693786621e-01	3.255792194977402687e-03	6.518426537513732910e-02
6.130067825317382812e+00	6.905776262283325195e-02	4.956985823810100555e-03	2.961761131882667542e-02	4.562436137348413467e-03	1.000000000000000000e+00	1.259358017705380917e-03	4.348118603229522705e-02	1.854522339999675751e-02	1.105288136750459671e-02	2.224808335304260254e-01	1.564388163387775421e-03	5.579637736082077026e-02
6.176507949829101562e+00	6.795040518045425415e-02	7.474547252058982849e-03	2.903543412685394287e-02	3.690348239615559578e-03	1.000000000000000000e+00	4.722039029002189636e-02	4.344945400953292847e-02	1.577553898096084595e-02	9.267968125641345978e-03	2.218627631664276123e-01	1.168766524642705917e-02	7.575061917304992676e-02
6.222948074340820312e+00	6.550108641386032104e-02	3.860848722979426384e-03	3.063384816050529480e-02	1.103827264159917831e-03	1.000000000000000000e+00	2.555424114689230919e-03	3.928804397583007812e-02	1.544458698481321335e-02	4.544440191239118576e-03	2.237058877944946289e-01	1.076384331099689007e-03	6.927441805601119995e-02
6.269387722015380859e+00	6.627152860164642334e-02	3.247456159442663193e-03	3.290864452719688416e-02	6.235868670046329498e-03	1.000000000000000000e+00	1.015375368297100067e-03	4.036044329404830933e-02	1.955253258347511292e-02	4.194357898086309433e-03	2.238861173391342163e-01	8.776279282756149769e-04	6.691047549247741699e-02
6.315827846527099609e+00	7.008759677410125732e-02	4.755086731165647507e-03	3.819640725851058960e-02	2.143745496869087219e-02	1.000000000000000000e+00	1.611220091581344604e-02	4.285731166601181030e-02	2.629687078297138214e-02	8.038699626922607422e-03	2.224384546279907227e-01	4.673281684517860413e-03	7.457327097654342651e-02
6.362267494201660156e+00	6.789109110832214355e-02	1.193677261471748352e-02	4.772560298442840576e-02	2.794129550457000732e-01	1.000000000000000000e+00	1.090029440820217133e-02	3.708120435476303101e-02	3.923755884170532227e-02	6.662812829017639160e-02	2.264933288097381592e-01	3.120677312836050987e-03	8.138863742351531982e-02
6.408707618713378906e+00	2.910602390766143799e-01	1.986671239137649536e-01	7.146669179201126099e-02	1.000000000000000000e+00	8.876349925994873047e-01	6.544105708599090576e-02	3.884980082511901855e-01	4.566785693168640137e-02	4.481889307498931885e-01	2.104775160551071167e-01	1.819763332605361938e-02	1.505913138389587402e-01
6.455147266387939453e+00	7.357615232467651367e-02	1.461847778409719467e-02	4.950600862503051758e-02	3.600934147834777832e-01	1.000000000000000000e+00	1.295832544565200806e-02	4.810385406017303467e-02	1.186825800687074661e-02	8.711816370487213135e-02	2.200792729854583740e-01	4.310309421271085739e-03	7.224033027887344360e-02
6.501587390899658203e+00	7.212528586387634277e-02	5.934300366789102554e-03	3.564451262354850769e-02	4.507699236273765564e-02	1.000000000000000000e+00	5.034982692450284958e-03	4.230035096406936646e-02	3.255361318588256836e-02	1.550485193729400635e-02	2.238313257694244385e-01	2.443728735670447350e-03	3.800771012902259827e-02
6.548027038574218750e+00	7.317529618740081787e-02	5.248585250228643417e-03	3.144985437393188477e-02	1.086443103849887848e-02	1.000000000000000000e+00	4.945025313645601273e-03	4.519031941890716553e-02	2.903302013874053955e-02	7.691701874136924744e-03	2.221595942974090576e-01	1.901402254588901997e-03	5.108752846717834473e-02
6.594467163085937500e+00	7.030670344829559326e-02	3.826232161372900009e-03	3.052137419581413269e-02	3.995876759290695190e-03	1.000000000000000000e+00	3.064823802560567856e-03	4.594708979129791260e-02	1.622078754007816315e-02	3.657518420368432999e-03	2.224394828081130981e-01	1.384154893457889557e-03	3.351870551705360413e-02
6.640906810760498047e+00	7.279795408248901367e-02	3.273939015343785286e-03	3.203900903463363647e-02	4.182559438049793243e-03	1.000000000000000000e+00	2.513153944164514542e-03	4.607847332954406738e-02	2.134407497942447662e-02	4.777356050908565521e-03	2.225188910961151123e-01	1.442425185814499855e-03	1.711154356598854065e-02
6.687346935272216797e+00	7.821607589721679688e-02	6.855271290987730026e-03	3.245120495557785034e-02	8.013955503702163696e-02	1.000000000000000000e+00	7.844343781471252441e-03	5.270026996731758118e-02	2.448700927197933197e-02	2.415434457361698151e-02	2.195436507463455200e-01	3.176079830154776573e-03	2.526091039180755615e-02
6.733787059783935547e+00	7.145845890045166016e-02	7.316799834370613098e-03	3.384352475404739380e-02	7.284649182111024857e-03	1.000000000000000000e+00	2.822679234668612480e-03	4.666775465011596680e-02	2.166792936623096466e-02	7.796154357492923737e-03	2.213299572467803955e-01	2.549575874581933022e-03	6.976453959941864014e-02
6.780226707458496094e+00	6.926034390926361084e-02	1.102211140096187592e-02	3.521601855754852295e-02	5.028966814279556274e-03	1.000000000000000000e+00	3.742471570149064064e-03	4.374267905950546265e-02	2.659413218498229980e-02	1.064050383865833282e-02	2.217545062303543091e-01	3.247940680012106895e-03	1.095512360334396362e-01
6.826666831970214844e+00	6.744994223117828369e-02	1.294166967272758484e-02	3.899614885449409485e-02	3.315769135951995850e-03	1.000000000000000000e+00	2.631722483783960342e-03	4.395177960395812988e-02	1.891632936894893646e-02	1.446128822863101959e-02	2.222038209438323975e-01	3.519261023029685020e-03	9.712789952754974365e-02
6.873106479644775391e+00	6.469147652387619019e-02	1.334998290985822678e-02	4.234592244029045105e-02	4.874452948570251465e-03	1.000000000000000000e+00	3.115428145974874496e-03	4.259161651134490967e-02	1.148345135152339935e-02	1.583454199135303497e-02	2.229480445384979248e-01	4.066096153110265732e-03	9.661290794610977173e-02
6.919546604156494141e+00	7.652617692947387695e-01	1.088371500372886658e-01	1.396814584732055664e-01	9.391376376152038574e-01	1.000000000000000000e+00	2.152017503976821899e-01	8.324949443340301514e-02	1.668552607297897339e-01	3.949324786663055420e-01	4.508096575736999512e-01	1.724067926406860352e-01	8.486509323120117188e-01
6.965986251831054688e+00	1.000000000000000000e+00	1.024903282523155212e-01	6.546124219894409180e-01	1.825098507106304169e-02	1.364503949880599976e-01	2.521818578243255615e-01	9.062172472476959229e-02	2.157931774854660034e-01	5.203462019562721252e-02	6.022731661796569824e-01	6.623812764883041382e-02	5.114538073539733887e-01
7.012426376342773438e+00	1.000000000000000000e+00	4.018894582986831665e-02	1.067378893494606018e-01	4.118143618106842041e-01	7.925993800163269043e-01	2.285044193267822266e-01	3.650093451142311096e-02	1.210998743772506714e-02	2.821283340454101562e-01	3.488020002841949463e-01	4.978210479021072388e-02	7.266841083765029907e-02
7.058866024017333984e+00	1.000000000000000000e+00	9.602844715118408203e-02	7.461669296026229858e-02	9.768264740705490112e-02	9.063076972961425781e-01	2.273524999618530273e-01	4.902239143848419189e-02	1.467773318290710449e-01	5.769768729805946350e-02	3.466362953186035156e-01	2.511316835880279541e-01	1.568350195884704590e-01
7.105306148529052734e+00	1.000000000000000000e+00	1.276596188545227051e-01	6.222872734069824219e-01	3.818576335906982422e-01	1.748469471931457520e-01	2.448924779891967773e-01	4.432423785328865051e-02	1.219271123409271240e-01	3.126421272754669189e-01	9.214823842048645020e-01	6.145974248647689819e-02	2.633642219007015228e-02
7.151745796203613281e+00	1.000000000000000000e+00	1.096771564334630966e-02	6.410255283117294312e-02	1.710331998765468597e-02	8.692512512207031250e-01	2.123683393001556396e-01	5.415210500359535217e-02	3.075023889541625977e-01	4.957752674818038940e-02	2.247005403041839600e-01	7.952216267585754395e-02	1.255333721637725830e-01
7.198185920715332031e+00	9.108141660690307617e-01	2.390451282262802124e-01	9.513313770294189453e-01	1.863466650247573853e-01	4.249504208564758301e-01	2.393005192279815674e-01	6.335502862930297852e-02	4.404919445514678955e-01	3.424101471900939941e-01	1.844669431447982788e-01	1.363343596458435059e-01	1.000000000000000000e+00
7.244626045227050781e+00	8.704238384962081909e-02	4.050221741199493408e-01	1.000000000000000000e+00	6.427132487297058105e-01	4.195393621921539307e-01	7.381448149681091309e-02	1.593689769506454468e-01	2.553053796291351318e-01	2.075632214546203613e-01	5.149929523468017578e-01	4.907177388668060303e-02	8.640328049659729004e-01
7.291065692901611328e+00	1.076458618044853210e-01	7.517916560173034668e-01	1.000000000000000000e+00	7.246294021606445312e-01	2.076567858457565308e-01	4.246448278427124023e-01	2.068172246217727661e-01	3.207077980041503906e-01	2.158550471067428589e-01	7.135808467864990234e-01	7.107850909233093262e-01	5.022564530372619629e-02
7.337505817413330078e+00	5.076140165328979492e-01	2.574249729514122009e-02	1.000000000000000000e+00	1.805676221847534180e-01	1.336244940757751465e-01	3.988794386386871338e-01	2.289126859977841377e-04	3.068552613258361816e-01	7.179778069257736206e-02	1.713907532393932343e-02	1.225545480847358704e-01	5.152419209480285645e-01
7.383945465087890625e+00	1.067651659250259399e-01	8.031169325113296509e-02	1.000000000000000000e+00	1.971479654312133789e-01	1.041847020387649536e-01	9.773934632539749146e-02	1.790717802941799164e-02	2.479004561901092529e-01	1.638298034667968750e-01	1.562438905239105225e-02	9.921637177467346191e-02	3.613502681255340576e-01
7.430385589599609375e+00	8.992694616317749023e-01	3.086093664169311523e-01	1.000000000000000000e+00	3.631647229194641113e-01	1.820122450590133667e-01	4.938710033893585205e-01	2.036831527948379517e-01	2.388363480567932129e-01	1.929946392774581909e-01	1.426348537206649780e-01	1.344379186630249023e-01	5.506776571273803711e-01
7.476825237274169922e+00	9.716473221778869629e-01	4.518201947212219238e-01	5.360632538795471191e-01	6.999867558479309082e-01	2.365115731954574585e-01	2.543047666549682617e-01	5.190639495849609375e-01	1.019079908728599548e-01	1.982114613056182861e-01	7.555465698242187500e-01	1.000000000000000000e+00	8.634707331657409668e-01
7.523265361785888672e+00	1.000000000000000000e+00	6.616684198379516602e-01	3.062649965286254883e-01	6.110679358243942261e-02	1.981251537799835205e-01	2.764462232589721680e-01	1.505543738603591919e-01	2.187396436929702759e-01	5.309822410345077515e-02	9.235409498214721680e-01	5.071212351322174072e-02	3.248908817768096924e-01
7.569705009460449219e+00	9.805518984794616699e-01	1.968682557344436646e-01	4.390718638896942139e-01	5.659581422805786133e-01	1.243420690298080444e-01	2.216870784759521484e-01	8.488832414150238037e-02	9.057746082544326782e-02	1.000000000000000000e+00	1.420901119709014893e-01	9.409804940223693848e-01	2.188620269298553467e-01
7.616145133972167969e+00	1.000000000000000000e+00	1.256715357303619385e-01	9.882944822311401367e-02	3.720732033252716064e-01	6.378138065338134766e-02	2.509502768516540527e-01	6.415266543626785278e-02	2.207693643867969513e-02	1.747946292161941528e-01	2.187895029783248901e-01	5.410876274108886719e-01	2.523819804191589355e-01
7.662585258483886719e+00	1.000000000000000000e+00	3.694542944431304932e-01	6.195746660232543945e-01	1.142792105674743652e-01	9.837696701288223267e-02	2.218723744153976440e-01	3.539029657840728760e-01	2.471237033605575562e-01	1.210806146264076233e-01	5.426912903785705566e-01	8.119954466819763184e-01	2.388954460620880127e-01
7.709024906158447266e+00	1.000000000000000000e+00	1.898356825113296509e-01	1.193127036094665527e-01	1.878870427608489990e-01	3.273783922195434570e-01	2.294784337282180786e-01	3.108585067093372345e-02	4.064840823411941528e-02	8.285720348358154297e-01	1.154481247067451477e-01	5.369848012924194336e-01	5.260201096534729004e-01
7.755465030670166016e+00	9.304308891296386719e-02	4.346297383308410645e-01	9.724748730659484863e-01	2.680627703666687012e-01	6.319817304611206055e-01	2.474904246628284454e-02	1.271737366914749146e-01	2.645123004913330078e-01	2.417050302028656006e-01	1.175610050559043884e-01	1.576346457004547119e-01	1.000000000000000000e+00
7.801904678344726562e+00	4.352774024009704590e-01	1.112063676118850708e-01	1.000000000000000000e+00	5.807633399963378906e-01	7.148449420928955078e-01	1.628685444593429565e-01	5.084368959069252014e-02	2.173577547073364258e-01	1.489196121692657471e-01	6.122702360153198242e-01	1.851996332406997681e-01	5.404981970787048340e-01
7.848344802856445312e+00	6.778687983751296997e-02	8.447278290987014771e-03	1.000000000000000000e+00	3.269546031951904297e-01	5.056279525160789490e-02	6.299384683370590210e-02	1.451755464076995850e-01	2.408705055713653564e-01	7.502114772796630859e-02	2.804894745349884033e-01	4.450813308358192444e-02	2.014523297548294067e-01
7.894784450531005859e+00	4.587153717875480652e-02	1.310237869620323181e-02	1.000000000000000000e+00	1.901931017637252808e-01	1.963238269090652466e-01	1.994473673403263092e-02	1.141399703919887543e-02	2.399370819330215454e-01	6.709764897823333740e-02	2.983121387660503387e-02	8.119773119688034058e-02	6.085764169692993164e-01
7.941224575042724609e+00	4.354729056358337402e-01	3.258559703826904297e-01	1.000000000000000000e+00	9.742295369505882263e-03	7.424604147672653198e-02	3.647800683975219727e-01	9.487159550189971924e-02	2.477148175239562988e-01	7.018876820802688599e-02	5.786510929465293884e-02	1.275829076766967773e-01	5.885233730077743530e-02
7.987664222717285156e+00	1.000000000000000000e+00	2.050005346536636353e-01	9.946727752685546875e-01	2.825796008110046387e-01	3.130474388599395752e-01	3.000435531139373779e-01	2.125577479600906372e-01	2.530546784400939941e-01	1.818643361330032349e-01	5.129792913794517517e-02	2.507372200489044189e-01	7.948772311210632324e-01
8.034104347229003906e+00	1.694652885198593140e-01	3.581332862377166748e-01	6.697578728199005127e-02	2.154756486415863037e-01	2.765582203865051270e-01	2.203618176281452179e-02	1.687936186790466309e-01	1.139263901859521866e-02	6.175339221954345703e-01	5.189794301986694336e-02	1.000000000000000000e+00	1.464004255831241608e-02
8.080544471740722656e+00	3.256924077868461609e-02	8.533466607332229614e-02	7.861737161874771118e-02	2.266629934310913086e-01	2.005891799926757812e-01	1.651263982057571411e-01	7.198940217494964600e-02	2.856908738613128662e-02	3.301736712455749512e-02	4.258679598569869995e-02	1.000000000000000000e+00	6.288436800241470337e-02
8.126984596252441406e+00	4.001260921359062195e-02	9.279878139495849609e-01	1.139226928353309631e-01	3.046766519546508789e-01	7.412769198417663574e-01	1.339342165738344193e-02	4.161778986454010010e-01	5.777239426970481873e-02	4.450892657041549683e-02	4.131836891174316406e-01	1.000000000000000000e+00	6.950382143259048462e-02
8.173423767089843750e+00	6.791261583566665649e-02	7.403431534767150879e-01	1.183583363890647888e-01	6.832307577133178711e-01	7.426176667213439941e-01	3.552295267581939697e-03	1.000000000000000000e+00	4.964058846235275269e-02	2.721602916717529297e-01	2.983004748821258545e-01	9.948853254318237305e-01	4.537475109100341797e-01
8.219863891601562500e+00	1.010095924139022827e-01	1.308036409318447113e-02	9.791404008865356445e-01	2.595174014568328857e-01	6.525326967239379883e-01	3.274755179882049561e-02	8.860976994037628174e-02	2.540598809719085693e-01	3.685498237609863281e-02	3.786296844482421875e-01	1.000000000000000000e+00	7.909771203994750977e-01
8.266304016113281250e+00	2.823877334594726562e-01	5.693121999502182007e-02	9.545391201972961426e-01	3.959673047065734863e-01	9.549204707145690918e-01	4.828858003020286560e-02	1.028096303343772888e-01	5.445515513420104980e-01	1.419588774442672729e-01	5.601053237915039062e-01	1.000000000000000000e+00	8.880832195281982422e-01
8.312744140625000000e+00	1.000000000000000000e+00	3.812929615378379822e-02	6.750842928886413574e-01	4.280413687229156494e-02	1.836047172546386719e-01	2.556160688400268555e-01	9.826900810003280640e-02	1.661904305219650269e-01	2.193873077630996704e-01	5.428672432899475098e-01	2.213996350765228271e-01	5.233098268508911133e-01
8.359183311462402344e+00	1.000000000000000000e+00	1.262584887444972992e-02	8.082575350999832153e-02	5.255345702171325684e-01	9.458635002374649048e-03	2.310343682765960693e-01	3.249609842896461487e-02	5.052776932716369629e-01	1.519539654254913330e-01	1.343191117048263550e-01	4.306301474571228027e-01	6.651932746171951294e-02
8.405623435974121094e+00	1.000000000000000000e+00	1.334776729345321655e-01	6.593952327966690063e-02	8.188847452402114868e-02	3.923631906509399414e-01	2.364008575677871704e-01	3.495483100414276123e-02	1.541315019130706787e-01	5.701933056116104126e-02	2.394219189882278442e-01	2.378782331943511963e-01	9.720255732536315918e-01
8.452063560485839844e+00	1.000000000000000000e+00	8.196105808019638062e-02	3.570847809314727783e-01	2.114088647067546844e-02	3.531820699572563171e-02	2.300460487604141235e-01	2.934457361698150635e-02	9.437941759824752808e-02	1.927204430103302002e-01	6.918931603431701660e-01	5.280441790819168091e-02	4.620913416147232056e-03
8.498503684997558594e+00	1.000000000000000000e+00	5.169339478015899658e-02	1.532838046550750732e-01	3.820928931236267090e-02	1.094866022467613220e-01	2.105061411857604980e-01	5.676163733005523682e-02	7.998962998390197754e-01	4.379286617040634155e-02	4.830264300107955933e-02	1.057531386613845825e-01	1.986083835363388062e-01
8.544942855834960938e+00	1.000000000000000000e+00	5.598869323730468750e-01	2.111524790525436401e-01	2.626236081123352051e-01	2.861362099647521973e-01	7.345294952392578125e-01	1.380782127380371094e-01	4.696208238601684570e-02	4.648027420043945312e-01	6.634205579757690430e-01	6.694691181182861328e-01	9.801667332649230957e-01
8.591382980346679688e+00	1.008121073246002197e-01	8.443051949143409729e-03	9.258387684822082520e-01	2.518805861473083496e-01	5.644685775041580200e-02	1.313952356576919556e-01	6.154959276318550110e-02	1.920949518680572510e-01	3.755757957696914673e-02	7.735880613327026367e-01	1.000000000000000000e+00	6.885305792093276978e-02
8.637823104858398438e+00	1.221815571188926697e-01	9.474342465400695801e-01	5.781483277678489685e-02	3.339791893959045410e-01	1.286231279373168945e-01	2.935216203331947327e-02	2.811640799045562744e-01	2.776004374027252197e-01	5.373999103903770447e-02	2.271947115659713745e-01	1.000000000000000000e+00	3.142053782939910889e-01
8.684263229370117188e+00	5.875761434435844421e-02	4.455617964267730713e-01	1.512369606643915176e-02	2.446490079164505005e-01	1.773945987224578857e-02	7.540310025215148926e-01	1.614719629287719727e-01	4.990234598517417908e-02	3.310634195804595947e-02	3.656831756234169006e-02	1.000000000000000000e+00	8.225022256374359131e-02
8.730703353881835938e+00	1.049105376005172729e-01	1.046061962842941284e-01	1.107700169086456299e-01	2.261426746845245361e-01	9.445918798446655273e-01	6.811746861785650253e-03	1.032052636146545410e-01	2.869235910475254059e-02	3.566412329673767090e-01	2.030126303434371948e-01	1.000000000000000000e+00	2.091794908046722412e-01
8.777142524719238281e+00	1.033225134015083313e-01	3.927079029381275177e-03	1.488922536373138428e-01	2.805509269237518311e-01	9.640361070632934570e-01	1.420937571674585342e-02	9.145748615264892578e-02	2.926682867109775543e-02	4.213397204875946045e-02	3.208226561546325684e-01	1.000000000000000000e+00	7.819893211126327515e-02
8.823582649230957031e+00	1.360774338245391846e-01	1.817148327827453613e-01	7.761469483375549316e-01	3.155712187290191650e-01	2.074778378009796143e-01	1.102247610688209534e-01	4.577607810497283936e-01	2.374606728553771973e-01	8.128888010978698730e-01	1.574078202247619629e-01	1.000000000000000000e+00	1.512417197227478027e-01
8.870022773742675781e+00	9.483191967010498047e-01	2.547556459903717041e-01	6.923691183328628540e-02	4.621386528015136719e-02	9.860879182815551758e-02	1.959074735641479492e-01	4.862464219331741333e-02	6.710093617439270020e-01	1.000000000000000000e+00	2.991280704736709595e-02	1.158076450228691101e-01	3.572539612650871277e-02
8.916462898254394531e+00	5.608762428164482117e-02	3.216205537319183350e-01	9.304175376892089844e-01	1.579896919429302216e-02	2.742882072925567627e-01	2.756613492965698242e-01	5.052366107702255249e-02	3.460163772106170654e-01	1.000000000000000000e+00	4.889331161975860596e-01	1.267402321100234985e-01	7.982150912284851074e-01
8.962902069091796875e+00	5.865998938679695129e-02	2.710936069488525391e-01	1.860135816968977451e-03	8.331910371780395508e-01	1.285545080900192261e-01	7.343267649412155151e-02	4.413886368274688721e-02	2.206877022981643677e-01	1.000000000000000000e+00	1.716826297342777252e-02	4.569301754236221313e-02	3.812878131866455078e-01
9.009342193603515625e+00	6.413986533880233765e-02	2.654626667499542236e-01	6.267861127853393555e-01	1.791943795979022980e-02	1.000000000000000000e+00	1.825363747775554657e-02	9.853363782167434692e-02	1.779341995716094971e-01	9.894967675209045410e-01	6.220640540122985840e-01	7.230949401855468750e-02	5.924580693244934082e-01
9.055782318115234375e+00	5.800190567970275879e-01	2.560700178146362305e-01	3.222362697124481201e-01	8.996251225471496582e-02	4.997957646846771240e-01	1.237764954566955566e-01	7.068943232297897339e-02	1.754210740327835083e-01	1.000000000000000000e+00	9.149807691574096680e-02	1.610672175884246826e-01	6.492236256599426270e-02
9.102222442626953125e+00	1.340638995170593262e-01	2.242757081985473633e-01	4.480338394641876221e-01	1.318048238754272461e-01	8.365324139595031738e-01	3.414849564433097839e-02	2.857493758201599121e-01	1.395988166332244873e-01	1.000000000000000000e+00	1.718355268239974976e-01	5.299538373947143555e-01	5.449577420949935913e-02
9.148662567138671875e+00	9.376043677330017090e-01	2.505191862583160400e-01	2.339527010917663574e-01	5.615547299385070801e-03	2.534752488136291504e-01	1.968810409307479858e-01	1.909540742635726929e-01	2.712583541870117188e-01	1.000000000000000000e+00	4.774164408445358276e-02	9.304513037204742432e-02	1.154434978961944580e-01
9.195101737976074219e+00	1.270699501037597656e-01	2.391997426748275757e-01	8.479861617088317871e-01	2.138144075870513916e-01	4.707602858543395996e-01	4.348620027303695679e-02	1.490428447723388672e-01	4.673210978507995605e-01	1.000000000000000000e+00	9.642682969570159912e-02	1.630891114473342896e-01	8.830718398094177246e-01
9.241541862487792969e+00	2.657387554645538330e-01	1.935093551874160767e-01	8.247989416122436523e-02	5.370887517929077148e-01	7.634600400924682617e-01	2.404308170080184937e-01	7.476752251386642456e-02	1.000000000000000000e+00	4.929649829864501953e-01	3.811528086662292480e-01	8.670167624950408936e-02	6.358262896537780762e-02
9.287981986999511719e+00	2.516567707061767578e-01	1.895901411771774292e-01	1.632667332887649536e-02	2.305743992328643799e-01	3.552302420139312744e-01	3.164009451866149902e-01	3.019732832908630371e-01	1.000000000000000000e+00	1.135013252496719360e-01	1.048022136092185974e-01	6.785850226879119873e-02	5.377581119537353516e-01
9.334422111511230469e+00	2.705822885036468506e-01	3.500209748744964600e-01	7.764006257057189941e-01	4.563388526439666748e-01	7.732001543045043945e-01	3.224774822592735291e-02	1.709172129631042480e-01	1.000000000000000000e+00	2.659929990768432617e-01	2.011299431324005127e-01	9.370763599872589111e-02	6.412113904953002930e-01
9.380861282348632812e+00	2.853458523750305176e-01	3.240314498543739319e-02	3.224377930164337158e-01	9.977740049362182617e-01	9.520671516656875610e-02	6.932062655687332153e-02	1.254819780588150024e-01	1.000000000000000000e+00	2.329958677291870117e-01	2.781355082988739014e-01	1.337229311466217041e-01	9.426797926425933838e-02
9.427301406860351562e+00	2.238988727331161499e-01	1.045092269778251648e-01	4.800312221050262451e-03	3.013791739940643311e-01	1.112946122884750366e-01	1.613755524158477783e-01	1.174149885773658752e-01	1.000000000000000000e+00	6.543696671724319458e-02	3.830548375844955444e-02	2.962551452219486237e-02	5.206587314605712891e-01
9.473741531372070312e+00	2.998048067092895508e-01	4.447817802429199219e-01	4.411993324756622314e-01	8.263199329376220703e-01	1.372488122433423996e-02	7.488461583852767944e-02	3.505896329879760742e-01	1.000000000000000000e+00	1.976559013128280640e-01	7.999124377965927124e-02	8.235806226730346680e-01	6.900466978549957275e-02
9.520181655883789062e+00	2.801132202148437500e-01	5.982097983360290527e-02	5.931887626647949219e-01	2.348614335060119629e-01	4.270828664302825928e-01	3.427527099847793579e-02	7.000428438186645508e-02	1.000000000000000000e+00	6.051631271839141846e-02	1.677417755126953125e-01	8.622221350669860840e-01	3.773987991735339165e-03
9.566621780395507812e+00	2.456309944391250610e-01	9.893217682838439941e-01	1.672050915658473969e-02	6.952906847000122070e-01	4.426717162132263184e-01	6.681360304355621338e-02	2.347644567489624023e-01	1.000000000000000000e+00	4.483405351638793945e-01	1.420968025922775269e-01	2.195789478719234467e-02	2.221337854862213135e-01
9.613060951232910156e+00	2.440418154001235962e-01	4.032912850379943848e-01	5.322869494557380676e-02	6.368674039840698242e-01	6.700886040925979614e-02	4.417734220623970032e-02	1.000000000000000000e+00	9.991385340690612793e-01	9.400721192359924316e-01	1.027255430817604065e-01	1.672729104757308960e-01	2.678405642509460449e-01
9.659501075744628906e+00	2.317482382059097290e-01	1.000000000000000000e+00	6.850927136838436127e-03	1.598831415176391602e-01	3.360945032909512520e-03	8.543553948402404785e-02	2.304955869913101196e-01	9.996987581253051758e-01	6.547465175390243530e-02	7.329770177602767944e-02	1.031211316585540771e-01	3.143010288476943970e-02
9.705941200256347656e+00	3.244134783744812012e-01	3.730583786964416504e-01	1.829446107149124146e-02	5.567725896835327148e-01	4.151078760623931885e-01	5.422700196504592896e-02	1.513805836439132690e-01	1.000000000000000000e+00	9.310991317033767700e-02	1.289145946502685547e-01	9.115186929702758789e-01	3.256976231932640076e-02
9.752381324768066406e+00	2.884137034416198730e-01	1.907773613929748535e-01	1.636718772351741791e-02	6.183419823646545410e-01	6.441096961498260498e-02	4.027559161186218262e-01	1.899115443229675293e-01	1.000000000000000000e+00	1.359817832708358765e-01	4.274240881204605103e-02	1.080783307552337646e-01	1.275108456611633301e-01
9.798820495605468750e+00	2.590999305248260498e-01	5.681451559066772461e-01	3.909424245357513428e-01	8.217493891716003418e-01	5.044456720352172852e-01	1.494844406843185425e-01	1.780123859643936157e-01	1.000000000000000000e+00	1.612120568752288818e-01	1.803240627050399780e-01	6.610429286956787109e-01	5.855455249547958374e-02
9.845260620117187500e+00	2.281384468078613281e-01	6.843505501747131348e-01	1.296589244157075882e-02	3.693284094333648682e-01	2.219880372285842896e-01	1.732192039489746094e-01	5.019878745079040527e-01	1.000000000000000000e+00	1.797542870044708252e-01	6.643322855234146118e-02	3.563961684703826904e-01	9.575058221817016602e-01
9.891700744628906250e+00	2.517948150634765625e-01	9.717523455619812012e-01	5.957672744989395142e-02	7.608636468648910522e-02	4.301570057868957520e-01	3.304478153586387634e-02	5.819839239120483398e-01	1.000000000000000000e+00	2.635751478374004364e-02	1.352247744798660278e-01	1.265262439846992493e-02	7.216815948486328125e-01
9.938140869140625000e+00	2.520397603511810303e-01	3.994428366422653198e-02	3.182060420513153076e-01	5.496266856789588928e-02	8.968009352684020996e-01	3.670485690236091614e-02	1.636409573256969452e-02	1.000000000000000000e+00	1.311976164579391479e-01	2.168135643005371094e-01	6.192334741353988647e-02	5.367608666419982910e-01
9.984580039978027344e+00	5.887992978096008301e-01	1.084940657019615173e-01	1.762919723987579346e-01	8.066334575414657593e-02	9.700354337692260742e-01	1.756675243377685547e-01	2.312946021556854248e-01	1.000000000000000000e+00	9.016565233469009399e-02	2.974575757980346680e-01	1.291640400886535645e-01	4.155708476901054382e-02
1.003102016448974609e+01	2.212632596492767334e-01	5.384570956230163574e-01	5.609282478690147400e-02	5.671777203679084778e-02	1.647736281156539917e-01	3.776161372661590576e-02	1.292137652635574341e-01	1.000000000000000000e+00	3.477600403130054474e-03	1.173157691955566406e-01	4.082868807017803192e-03	5.768628716468811035e-01
1.007746028900146484e+01	3.118832111358642578e-01	7.364710420370101929e-02	1.439186185598373413e-01	7.351208329200744629e-01	5.832811594009399414e-01	5.973017588257789612e-02	1.868545450270175934e-02	1.000000000000000000e+00	1.659946292638778687e-01	1.552388221025466919e-01	1.648030802607536316e-02	4.403725564479827881e-01
1.012390041351318359e+01	5.995150804519653320e-01	1.538427919149398804e-01	2.750436775386333466e-03	2.607138752937316895e-01	5.392919480800628662e-02	4.307505786418914795e-01	9.337584674358367920e-02	1.000000000000000000e+00	5.499328300356864929e-02	6.704005599021911621e-02	7.202829122543334961e-01	1.817203313112258911e-01
1.017034053802490234e+01	2.373688817024230957e-01	3.379730507731437683e-02	1.000000000000000000e+00	8.658321201801300049e-02	1.873342134058475494e-02	4.214263558387756348e-01	7.024437189102172852e-02	8.341091275215148926e-01	7.364343851804733276e-02	5.139597132802009583e-02	1.444078385829925537e-01	2.206880040466785431e-02
1.021677970886230469e+01	5.156750231981277466e-02	1.855715410783886909e-03	1.000000000000000000e+00	4.973529372364282608e-03	2.028091624379158020e-02	1.808415353298187256e-02	4.282961040735244751e-02	2.768637239933013916e-01	2.631450770422816277e-03	2.285886183381080627e-02	5.507909506559371948e-02	1.238019764423370361e-02
1.026321983337402344e+01	4.928360134363174438e-02	7.451375713571906090e-04	1.000000000000000000e+00	2.971829846501350403e-03	2.277442812919616699e-02	6.141846533864736557e-03	2.254650555551052094e-02	2.600467801094055176e-01	3.787289839237928391e-03	8.541569113731384277e-03	5.188950896263122559e-02	5.558767355978488922e-03
1.030965995788574219e+01	5.385959148406982422e-02	1.641872077016159892e-04	1.000000000000000000e+00	1.666955067776143551e-03	1.997160539031028748e-02	5.387623328715562820e-03	2.709113061428070068e-02	2.637012600898742676e-01	1.664770767092704773e-03	5.268151871860027313e-03	4.943535476922988892e-02	6.577101536095142365e-03
1.035610008239746094e+01	5.172587186098098755e-02	3.869599313475191593e-04	1.000000000000000000e+00	1.279050717130303383e-03	1.998461596667766571e-02	5.572159308940172195e-03	3.880288079380989075e-02	2.524695098400115967e-01	3.039683448150753975e-03	5.343482363969087601e-03	4.976637661457061768e-02	9.146505966782569885e-03
1.040253925323486328e+01	5.019867792725563049e-02	1.831061235861852765e-04	1.000000000000000000e+00	9.015725809149444103e-04	1.998144760727882385e-02	5.287630017846822739e-03	3.964175283908843994e-02	2.488427758216857910e-01	2.217036439105868340e-03	1.379373576492071152e-02	4.901384934782981873e-02	9.593616239726543427e-03
1.044897937774658203e+01	5.913620069622993469e-02	2.652277238667011261e-02	1.000000000000000000e+00	5.540367960929870605e-01	5.399581789970397949e-02	2.113203704357147217e-02	2.419653534889221191e-01	2.821658849716186523e-01	1.404492557048797607e-01	4.878737777471542358e-02	9.131053835153579712e-02	1.034871935844421387e-01
1.049541950225830078e+01	1.267025899142026901e-02	3.879231959581375122e-02	3.734582662582397461e-02	1.000000000000000000e+00	2.220214111730456352e-03	3.185186162590980530e-02	1.300952490419149399e-02	4.628699645400047302e-02	2.314922809600830078e-01	4.724097903817892075e-03	2.116977982223033905e-02	6.057816743850708008e-02
1.054185962677001953e+01	6.205520592629909515e-03	3.981233388185501099e-02	2.826724387705326080e-02	1.000000000000000000e+00	1.179136568680405617e-03	3.207184746861457825e-02	6.042569410055875778e-03	2.704772911965847015e-02	2.297905683517456055e-01	4.430077038705348969e-03	8.937038481235504150e-03	5.826874077320098877e-02
1.058829975128173828e+01	7.380428723990917206e-03	4.272298514842987061e-02	6.263161450624465942e-02	1.000000000000000000e+00	1.760392682626843452e-03	3.089176304638385773e-02	4.181586671620607376e-03	3.511853516101837158e-02	2.306523919105529785e-01	5.001682788133621216e-03	1.384793873876333237e-02	5.642320960760116577e-02
1.063473892211914062e+01	1.179910264909267426e-02	4.386844858527183533e-02	5.278505757451057434e-02	1.000000000000000000e+00	2.255480270832777023e-03	3.223110735416412354e-02	5.588499829173088074e-03	5.377330631017684937e-02	2.287659645080566406e-01	4.364686086773872375e-03	2.241565473377704620e-02	5.772268399596214294e-02
1.068117904663085938e+01	1.281334087252616882e-02	3.795824572443962097e-02	2.705152332782745361e-02	1.000000000000000000e+00	7.714439998380839825e-04	3.483248129487037659e-02	5.695456638932228088e-03	5.418257042765617371e-02	2.287301421165466309e-01	3.031149040907621384e-03	3.225856274366378784e-02	5.772321298718452454e-02
1.072761917114257812e+01	2.526374300941824913e-03	7.285728305578231812e-02	2.469765488058328629e-03	1.000000000000000000e+00	1.059231231920421124e-03	9.820063710212707520e-01	2.413890091702342033e-03	9.880471043288707733e-03	2.314785867929458618e-01	4.272988997399806976e-03	2.311443686485290527e-01	5.574255436658859253e-02
1.077405929565429688e+01	1.214081188663840294e-03	8.384187519550323486e-02	1.306811347603797913e-03	9.997093677520751953e-01	3.007339779287576675e-03	1.000000000000000000e+00	2.776252513285726309e-04	2.992111258208751678e-02	2.235272228717803955e-01	5.774304270744323730e-03	2.228582501411437988e-01	5.539057776331901550e-02
1.082049846649169922e+01	2.698224736377596855e-03	7.922258228063583374e-02	1.255844370462000370e-03	9.989611506462097168e-01	2.028964663622900844e-04	1.000000000000000000e+00	7.255945092765614390e-05	2.468138001859188080e-02	2.237539887428283691e-01	1.436899648979306221e-03	2.251344174146652222e-01	5.574215203523635864e-02
1.086693859100341797e+01	3.059204667806625366e-03	8.070802688598632812e-02	8.144862367771565914e-04	9.999092221260070801e-01	9.413159568794071674e-04	1.000000000000000000e+00	1.181851985165849328e-04	2.601576410233974457e-02	2.242246717214584351e-01	2.003409666940569878e-03	2.247211486101150513e-01	5.461841076612472534e-02
1.091337871551513672e+01	1.928550773300230503e-03	8.029787987470626831e-02	9.212304721586406231e-04	1.000000000000000000e+00	1.540773664601147175e-04	9.991899728775024414e-01	8.950756746344268322e-04	2.403039671480655670e-02	2.238509804010391235e-01	2.561050234362483025e-03	2.269754260778427124e-01	5.527025461196899414e-02
1.095981884002685547e+01	1.104789692908525467e-02	8.287284523248672485e-02	1.817373782396316528e-01	1.000000000000000000e+00	3.744345856830477715e-03	9.919352531433105469e-01	7.301814039237797260e-04	7.302260398864746094e-02	2.291758358478546143e-01	3.563977079465985298e-03	2.333092540502548218e-01	4.962293431162834167e-02
1.100625896453857422e+01	2.333955913782119751e-01	4.271872714161872864e-02	2.186050117015838623e-01	9.753526449203491211e-01	9.566434659063816071e-03	2.015402764081954956e-01	5.569608416408300400e-03	1.000000000000000000e+00	2.143330574035644531e-01	2.755781821906566620e-02	1.028306335210800171e-01	6.172970309853553772e-02
1.105269813537597656e+01	2.311241179704666138e-01	3.138728067278862000e-02	1.048284992575645447e-01	9.287077784538269043e-01	1.437729969620704651e-02	9.221006184816360474e-02	2.188276084780227393e-05	1.000000000000000000e+00	2.052301168441772461e-01	3.017355315387248993e-02	1.531553082168102264e-02	1.032229363918304443e-01
1.109913825988769531e+01	2.413546741008758545e-01	8.291915804147720337e-02	5.879275798797607422e-01	8.973236083984375000e-01	3.625810891389846802e-02	9.507831931114196777e-02	1.498327124863862991e-02	1.000000000000000000e+00	1.899176687002182007e-01	3.832032904028892517e-02	3.576741740107536316e-02	5.937947332859039307e-02
1.114557838439941406e+01	2.449412792921066284e-01	1.886579021811485291e-02	8.081819415092468262e-01	6.821965575218200684e-01	1.149055361747741699e-02	9.678065776824951172e-02	4.513147100806236267e-02	1.000000000000000000e+00	1.393137425184249878e-01	2.594797313213348389e-02	2.479144781827926636e-01	5.048483237624168396e-02
1.119201850891113281e+01	2.179656922817230225e-01	3.263003006577491760e-02	6.039252877235412598e-01	9.012385010719299316e-01	2.674330957233905792e-02	6.790953874588012695e-02	1.142152352258563042e-03	1.000000000000000000e+00	2.263021916151046753e-01	2.440914139151573181e-02	3.285230323672294617e-02	6.365434080362319946e-02
1.123845767974853516e+01	3.881433904170989990e-01	2.554478347301483154e-01	3.758785128593444824e-02	1.000000000000000000e+00	6.910275816917419434e-01	1.082059293985366821e-01	1.718960255384445190e-01	9.505324959754943848e-01	3.178938329219818115e-01	2.114523947238922119e-01	1.069588214159011841e-01	8.850856125354766846e-02
1.128489780426025391e+01	8.901371806859970093e-02	2.218377441167831421e-01	6.346908211708068848e-02	3.352459967136383057e-01	4.541640281677246094e-01	3.734470903873443604e-02	1.225878670811653137e-01	2.003413587808609009e-01	1.000000000000000000e+00	8.745766431093215942e-02	1.562237292528152466e-01	9.339294433593750000e-01
1.133133792877197266e+01	6.191929057240486145e-02	2.211670130491256714e-01	8.123991489410400391e-01	3.439111411571502686e-01	1.327210217714309692e-01	1.291877124458551407e-02	3.483087196946144104e-02	2.339302450418472290e-01	1.000000000000000000e+00	1.676797308027744293e-02	7.002562284469604492e-02	4.086197912693023682e-02
1.137777805328369141e+01	4.528607055544853210e-02	2.221603691577911377e-01	8.524698019027709961e-01	6.273291707038879395e-01	1.497609913349151611e-01	1.131056714802980423e-02	2.608641795814037323e-02	2.790353596210479736e-01	1.000000000000000000e+00	1.918031834065914154e-02	9.283265471458435059e-02	1.716385483741760254e-01
1.142421722412109375e+01	7.202500849962234497e-02	2.453175485134124756e-01	7.554576396942138672e-01	4.553488492965698242e-01	6.863847970962524414e-01	1.655983775854110718e-01	2.838526479899883270e-02	2.234961241483688354e-01	1.000000000000000000e+00	7.380347847938537598e-01	1.106257364153862000e-01	9.395605325698852539e-01
1.147065734863281250e+01	2.882361598312854767e-02	2.182147502899169922e-01	6.912380456924438477e-01	8.183585405349731445e-01	5.415294319391250610e-02	5.643339455127716064e-02	2.501364797353744507e-02	1.781350374221801758e-01	1.000000000000000000e+00	8.393300324678421021e-02	5.554318055510520935e-02	6.009340286254882812e-02
1.151709747314453125e+01	2.387021295726299286e-02	2.286291867494583130e-01	4.256634041666984558e-02	8.172760009765625000e-01	7.151899486780166626e-02	2.981034480035305023e-02	3.071132302284240723e-02	7.953417301177978516e-02	1.000000000000000000e+00	8.012368530035018921e-02	8.702848106622695923e-02	1.311279535293579102e-01
1.156353759765625000e+01	1.451020943932235241e-03	8.918995857238769531e-01	2.184928506612777710e-01	2.327918261289596558e-01	5.841374024748802185e-02	6.514917314052581787e-02	1.644162088632583618e-01	3.301063552498817444e-02	1.000000000000000000e+00	9.964382052421569824e-01	3.689838200807571411e-02	8.148064464330673218e-02
1.160997772216796875e+01	2.225591689348220825e-01	2.471625432372093201e-02	2.331467419862747192e-01	7.261105775833129883e-01	1.476534456014633179e-01	1.202354356646537781e-01	8.603422343730926514e-02	8.604849129915237427e-02	1.823256313800811768e-01	1.000000000000000000e+00	7.480835076421499252e-03	7.867601513862609863e-02
1.165641689300537109e+01	7.064806818962097168e-01	5.712095648050308228e-02	2.318924516439437866e-01	7.576717138290405273e-01	8.222647905349731445e-01	2.208435684442520142e-01	4.084254056215286255e-02	3.052334673702716827e-02	3.484853506088256836e-01	1.000000000000000000e+00	2.396625839173793793e-02	1.271638721227645874e-01
1.170285701751708984e+01	4.346938058733940125e-02	1.146023422479629517e-01	4.713886678218841553e-01	9.760962128639221191e-01	1.254342347383499146e-01	6.496927142143249512e-01	4.336592555046081543e-02	1.079542636871337891e-01	3.102612495422363281e-01	1.000000000000000000e+00	5.021715760231018066e-01	8.259495347738265991e-02
1.174929714202880859e+01	5.138994194567203522e-03	5.596823617815971375e-02	2.343144714832305908e-01	8.476703763008117676e-01	2.652779221534729004e-02	7.597967982292175293e-02	2.073020674288272858e-02	3.208411484956741333e-02	2.967171669006347656e-01	1.000000000000000000e+00	3.167887683957815170e-03	7.880855351686477661e-02
1.179573726654052734e+01	2.708288840949535370e-02	4.355813562870025635e-01	7.517593502998352051e-01	2.586412429809570312e-02	4.440912976861000061e-02	1.746839135885238647e-01	9.384688735008239746e-02	1.914608478546142578e-01	1.167421862483024597e-01	1.000000000000000000e+00	3.543785214424133301e-02	8.742830902338027954e-02
