0.000000000000000000e+00	1.857678405940532684e-02	6.747263073921203613e-01	6.902923341840505600e-03	1.000000000000000000e+00	8.462905138731002808e-02	2.740120328962802887e-02	1.901439428329467773e-01	7.289986591786146164e-03	3.658372163772583008e-01	6.397520005702972412e-02	8.957648873329162598e-01	6.639529019594192505e-02
4.643990844488143921e-02	7.426058501005172729e-02	1.042708456516265869e-01	7.893736362457275391e-01	4.777930676937103271e-01	1.931202262639999390e-01	2.552585490047931671e-02	8.503190428018569946e-02	1.573993861675262451e-01	4.829626083374023438e-01	4.294836819171905518e-01	1.000000000000000000e+00	4.850657284259796143e-02
9.287981688976287842e-02	8.564656972885131836e-02	4.860179424285888672e-01	5.246852710843086243e-02	1.000000000000000000e+00	5.932854413986206055e-01	4.854170605540275574e-02	2.785815596580505371e-01	1.325496286153793335e-01	2.092598676681518555e-01	3.011585474014282227e-01	8.165322542190551758e-01	1.061862334609031677e-01
1.393197327852249146e-01	9.637982398271560669e-02	7.259945273399353027e-01	4.472851008176803589e-02	1.000000000000000000e+00	7.469629645347595215e-01	3.124968521296977997e-02	2.225754410028457642e-01	1.319972425699234009e-01	2.147867381572723389e-01	2.913822531700134277e-01	8.126035332679748535e-01	3.281333744525909424e-01
1.857596337795257568e-01	9.679818898439407349e-02	1.109134778380393982e-01	4.023838043212890625e-01	5.899316072463989258e-01	9.777341485023498535e-01	2.748682908713817596e-02	1.056179180741310120e-01	9.194922447204589844e-02	4.700310230255126953e-01	2.714237570762634277e-01	1.000000000000000000e+00	2.180750519037246704e-01
2.321995496749877930e-01	9.468743950128555298e-02	2.329689636826515198e-02	3.397075459361076355e-02	1.000000000000000000e+00	6.953833699226379395e-01	4.246475547552108765e-02	9.376078844070434570e-02	3.694056998938322067e-03	2.090732902288436890e-01	2.007732242345809937e-01	8.599870800971984863e-01	5.858684703707695007e-02
2.786394655704498291e-01	2.205952256917953491e-02	3.756905719637870789e-02	3.218693658709526062e-03	9.693338871002197266e-01	1.471255207434296608e-03	5.665506795048713684e-02	5.993749946355819702e-02	1.253658998757600784e-02	2.201020866632461548e-01	5.613214801996946335e-03	1.000000000000000000e+00	4.902215301990509033e-02
3.250793516635894775e-01	4.059771448373794556e-02	2.677232772111892700e-02	3.873201906681060791e-01	1.000000000000000000e+00	4.099933058023452759e-02	3.101686574518680573e-02	2.057821899652481079e-01	9.037132561206817627e-02	2.236584424972534180e-01	1.309687830507755280e-02	8.976002931594848633e-01	1.695200949907302856e-01
3.715192675590515137e-01	7.932209223508834839e-02	1.406525075435638428e-01	1.417942643165588379e-01	1.000000000000000000e+00	1.442023664712905884e-01	3.281424194574356079e-02	8.379370719194412231e-02	1.231058239936828613e-01	2.911554276943206787e-01	6.114557757973670959e-02	9.630128741264343262e-01	4.263568297028541565e-02
4.179591834545135498e-01	1.229013428092002869e-01	2.587833404541015625e-01	2.150138616561889648e-01	1.000000000000000000e+00	6.207425519824028015e-02	4.835335165262222290e-02	2.152487039566040039e-01	1.184313818812370300e-01	2.178326845169067383e-01	2.330611646175384521e-02	8.595505356788635254e-01	1.954350173473358154e-01
4.643990993499755859e-01	3.880380839109420776e-02	3.289616703987121582e-01	4.935717955231666565e-02	1.000000000000000000e+00	3.660310432314872742e-02	3.644825145602226257e-02	1.638927906751632690e-01	5.261477455496788025e-02	2.328621298074722290e-01	2.052496671676635742e-01	8.228698372840881348e-01	1.355995088815689087e-01
5.108389854431152344e-01	1.003707200288772583e-01	6.448394656181335449e-01	4.183275103569030762e-01	1.000000000000000000e+00	2.886090874671936035e-01	3.665551543235778809e-02	2.132446318864822388e-01	1.989726573228836060e-01	2.275973409414291382e-01	2.691596150398254395e-01	9.487819075584411621e-01	1.221115589141845703e-01
5.572789311408996582e-01	4.866493865847587585e-02	1.222475767135620117e-01	6.727793216705322266e-01	8.355953693389892578e-01	1.716341227293014526e-01	2.867269515991210938e-02	6.792441010475158691e-02	1.574388742446899414e-01	5.956904888153076172e-01	1.984813362360000610e-01	1.000000000000000000e+00	3.374798595905303955e-02
6.037188172340393066e-01	1.831674724817276001e-01	8.546838164329528809e-01	5.933837294578552246e-01	3.753088712692260742e-01	7.136250138282775879e-01	1.522032469511032104e-01	2.563957870006561279e-01	1.220029890537261963e-01	2.541216611862182617e-01	1.000000000000000000e+00	9.679282903671264648e-01	2.845371887087821960e-02
6.501587033271789551e-01	1.951486170291900635e-01	1.421671062707901001e-01	9.738406538963317871e-01	3.613530993461608887e-01	5.277639254927635193e-02	1.686936467885971069e-01	6.797520816326141357e-02	2.201844453811645508e-01	5.934797525405883789e-01	3.196062743663787842e-01	1.000000000000000000e+00	2.091634646058082581e-02
6.965986490249633789e-01	1.013003140687942505e-01	1.344308909028768539e-02	9.181192517280578613e-01	4.423221051692962646e-01	3.280021250247955322e-02	5.785918608307838440e-02	5.734995007514953613e-02	2.391193360090255737e-01	1.001255735754966736e-01	1.830988079309463501e-01	1.000000000000000000e+00	8.365633897483348846e-03
7.430385351181030273e-01	4.682898148894309998e-02	9.010043740272521973e-02	9.475944638252258301e-01	8.228799700736999512e-01	5.159395188093185425e-02	5.628253147006034851e-02	1.511420607566833496e-01	2.028911560773849487e-01	3.150143027305603027e-01	5.598294138908386230e-01	1.000000000000000000e+00	8.005976676940917969e-02
7.894784808158874512e-01	6.321258842945098877e-02	8.983601331710815430e-01	4.322835803031921387e-01	2.209953218698501587e-01	2.558623999357223511e-02	4.341149926185607910e-01	2.720570564270019531e-01	1.282007694244384766e-01	3.116749972105026245e-02	1.545624732971191406e-01	1.000000000000000000e+00	1.533898264169692993e-01
8.359183669090270996e-01	7.913945913314819336e-01	1.419724822044372559e-01	8.723825812339782715e-01	8.286696076393127441e-01	1.064774766564369202e-02	2.336480468511581421e-01	8.898040652275085449e-02	4.738968312740325928e-01	2.944822013378143311e-01	2.791017107665538788e-02	1.000000000000000000e+00	4.929177463054656982e-02
8.823582530021667480e-01	8.042756468057632446e-02	9.666544795036315918e-01	2.746681272983551025e-01	3.327648043632507324e-01	3.805800080299377441e-01	6.281741708517074585e-02	2.801199853420257568e-01	6.454329192638397217e-02	4.711805284023284912e-01	2.837221026420593262e-01	1.000000000000000000e+00	3.220264241099357605e-02
9.287981986999511719e-01	9.044874906539916992e-01	1.405084878206253052e-01	3.072831034660339355e-01	7.903366088867187500e-01	2.103694081306457520e-01	6.342248320579528809e-01	7.362648099660873413e-02	8.873719722032546997e-02	5.734122991561889648e-01	1.326674371957778931e-01	1.000000000000000000e+00	5.703918635845184326e-02
9.752380847930908203e-01	3.983204439282417297e-02	1.244315654039382935e-01	3.904109597206115723e-01	1.000000000000000000e+00	3.637886419892311096e-02	1.036451458930969238e-01	7.252299040555953979e-02	7.395273447036743164e-02	2.160784453153610229e-01	8.349324464797973633e-01	8.460458517074584961e-01	5.879326537251472473e-02
1.021677970886230469e+00	4.375267922878265381e-01	4.667387157678604126e-02	1.503932774066925049e-01	1.000000000000000000e+00	9.883005172014236450e-02	2.907403111457824707e-01	5.524554103612899780e-02	2.486919611692428589e-02	3.253736495971679688e-01	2.980768084526062012e-01	8.805297017097473145e-01	7.108958065509796143e-02
1.068117856979370117e+00	3.086555004119873047e-01	4.286771640181541443e-02	2.860935926437377930e-01	1.000000000000000000e+00	1.460481882095336914e-01	5.429467558860778809e-01	5.231815204024314880e-02	6.783965229988098145e-02	2.523670792579650879e-01	5.694480612874031067e-02	9.391174316406250000e-01	6.126398220658302307e-02
1.114557862281799316e+00	4.531542584300041199e-02	8.546502888202667236e-02	1.511457115411758423e-01	1.000000000000000000e+00	4.290067777037620544e-02	3.855099901556968689e-02	6.319581717252731323e-02	3.987243771553039551e-02	2.165952473878860474e-01	4.215517640113830566e-02	8.200049996376037598e-01	2.026409506797790527e-01
1.160997748374938965e+00	5.170443654060363770e-02	2.870775386691093445e-02	6.073940545320510864e-03	1.000000000000000000e+00	4.048021219205111265e-04	1.304404735565185547e-01	4.890194907784461975e-02	5.052570719271898270e-03	2.085823714733123779e-01	1.219014637172222137e-02	8.607721924781799316e-01	4.921980202198028564e-02
1.207437634468078613e+00	1.289490759372711182e-01	2.487276867032051086e-02	1.428108569234609604e-02	1.000000000000000000e+00	3.407474979758262634e-02	6.806788593530654907e-02	4.675725847482681274e-02	2.740761078894138336e-02	2.152866721153259277e-01	5.402262881398200989e-02	8.183159828186035156e-01	4.579494893550872803e-02
1.253877520561218262e+00	9.144426882266998291e-02	2.767301909625530243e-02	1.379321422427892685e-02	1.000000000000000000e+00	6.806666404008865356e-02	8.468732982873916626e-02	4.599476978182792664e-02	2.791780279949307442e-03	2.250578701496124268e-01	4.270694777369499207e-02	8.211606144905090332e-01	5.272134393453598022e-02
1.300317406654357910e+00	1.360946148633956909e-01	3.125183656811714172e-02	1.754473522305488586e-02	1.000000000000000000e+00	4.020433698315173388e-04	1.370177268981933594e-01	4.663237184286117554e-02	4.163611680269241333e-03	2.302183210849761963e-01	6.235042586922645569e-02	8.325271606445312500e-01	5.027712136507034302e-02
1.346757411956787109e+00	7.611443847417831421e-02	5.649287626147270203e-02	1.657065562903881073e-02	1.000000000000000000e+00	3.621245559770613909e-04	6.679511070251464844e-02	5.353476479649543762e-02	2.849479205906391144e-03	2.152380049228668213e-01	5.008774623274803162e-02	8.188136816024780273e-01	4.761794954538345337e-02
1.393197298049926758e+00	4.216885194182395935e-02	2.724529057741165161e-02	4.441478289663791656e-03	1.000000000000000000e+00	1.868965220637619495e-03	9.231242537498474121e-02	4.728272557258605957e-02	2.335626166313886642e-03	2.088653296232223511e-01	7.842897437512874603e-03	8.264636993408203125e-01	4.870183393359184265e-02
1.439637184143066406e+00	6.610638648271560669e-02	2.602193132042884827e-02	6.144715938717126846e-03	1.000000000000000000e+00	2.979704877361655235e-04	9.011674672365188599e-02	4.587957262992858887e-02	2.654514042660593987e-03	2.115283459424972534e-01	1.169365178793668747e-02	8.240556716918945312e-01	4.853362217545509338e-02
1.486077070236206055e+00	5.521391332149505615e-02	2.778415754437446594e-02	1.863461174070835114e-02	1.000000000000000000e+00	2.856002829503268003e-04	1.264986842870712280e-01	4.578940570354461670e-02	5.151043646037578583e-03	2.106194049119949341e-01	6.266928464174270630e-02	8.324159383773803711e-01	4.846020042896270752e-02
1.532516956329345703e+00	1.070271208882331848e-01	2.613657154142856598e-02	2.272656746208667755e-02	1.000000000000000000e+00	2.943671424873173237e-04	1.326926052570343018e-01	4.594089090824127197e-02	3.959312103688716888e-03	2.119987756013870239e-01	8.578925579786300659e-02	8.328004479408264160e-01	5.046721920371055603e-02
1.578956961631774902e+00	1.602223664522171021e-01	4.629764333367347717e-02	2.031994462013244629e-01	1.000000000000000000e+00	2.823011949658393860e-02	1.141426265239715576e-01	5.376643314957618713e-02	1.105250939726829529e-01	2.231768965721130371e-01	1.004756540060043335e-01	8.677505254745483398e-01	1.585766226053237915e-01
1.625396847724914551e+00	1.508967429399490356e-01	2.422476559877395630e-01	4.311203062534332275e-01	7.594721019268035889e-02	7.769941091537475586e-01	3.927226737141609192e-02	3.162638545036315918e-01	1.373460143804550171e-01	1.000000000000000000e+00	1.595889925956726074e-01	2.432979792356491089e-01	1.036594659090042114e-01
1.671836733818054199e+00	9.413180947303771973e-01	2.533287703990936279e-01	2.802793383598327637e-01	2.051335014402866364e-02	1.838553994894027710e-01	1.936605274677276611e-01	1.655263900756835938e-01	5.617712140083312988e-01	1.000000000000000000e+00	4.655308276414871216e-02	9.376133978366851807e-02	8.176507055759429932e-02
1.718276619911193848e+00	8.109056949615478516e-02	3.462915122509002686e-01	1.000000000000000000e+00	1.248640846461057663e-02	3.782687187194824219e-01	2.657623887062072754e-01	5.560326576232910156e-02	4.608924388885498047e-01	9.998214840888977051e-01	1.880867183208465576e-01	1.269794106483459473e-01	7.739764451980590820e-01
1.764716506004333496e+00	9.638833999633789062e-02	2.636364698410034180e-01	4.598458483815193176e-02	6.939756870269775391e-01	5.618209838867187500e-01	7.850609719753265381e-02	4.285484924912452698e-02	3.522039353847503662e-01	1.000000000000000000e+00	9.681794047355651855e-02	2.845743112266063690e-02	8.632721304893493652e-01
1.811156511306762695e+00	1.494301557540893555e-01	2.319564670324325562e-01	7.422729134559631348e-01	8.284714072942733765e-02	9.686358571052551270e-01	8.474186062812805176e-02	2.109244912862777710e-01	2.041178941726684570e-01	1.000000000000000000e+00	1.931218802928924561e-01	4.456309676170349121e-01	4.290469363331794739e-02
1.857596397399902344e+00	3.656268417835235596e-01	5.909513235092163086e-01	8.110776543617248535e-01	2.601879537105560303e-01	1.000000000000000000e+00	1.611002683639526367e-01	1.818695813417434692e-01	7.016467452049255371e-01	9.937954545021057129e-01	3.032406866550445557e-01	2.737646400928497314e-01	2.931429147720336914e-01
1.904036283493041992e+00	2.769500315189361572e-01	4.161168262362480164e-02	1.076550632715225220e-01	3.914801180362701416e-01	8.452714085578918457e-01	1.686589568853378296e-01	2.727331966161727905e-02	1.000000000000000000e+00	8.820757269859313965e-02	3.125429749488830566e-01	4.534702375531196594e-02	7.491531223058700562e-02
1.950476169586181641e+00	2.246652692556381226e-01	8.818113058805465698e-02	3.551334841176867485e-03	2.452894300222396851e-01	1.448947042226791382e-01	1.904421746730804443e-01	1.117928996682167053e-01	1.000000000000000000e+00	5.761224776506423950e-02	5.218661576509475708e-02	3.827794641256332397e-02	5.000841617584228516e-01
1.996916055679321289e+00	3.558673560619354248e-01	7.724999189376831055e-01	6.817690134048461914e-01	1.640451252460479736e-01	3.480417430400848389e-01	2.128440737724304199e-01	2.973436415195465088e-01	1.000000000000000000e+00	4.479598626494407654e-02	1.761214435100555420e-01	4.551279842853546143e-01	4.484559968113899231e-02
2.043355941772460938e+00	2.758693099021911621e-01	4.713531583547592163e-02	4.996138811111450195e-01	2.379990369081497192e-01	4.063292443752288818e-01	1.263621896505355835e-01	1.163324341177940369e-01	1.000000000000000000e+00	2.333282679319381714e-02	1.186324730515480042e-01	8.973705768585205078e-01	2.143887244164943695e-02
2.089795827865600586e+00	2.437328994274139404e-01	9.753195941448211670e-02	7.316026687622070312e-01	3.360181450843811035e-01	8.275273442268371582e-01	3.673359006643295288e-02	2.449659071862697601e-02	1.000000000000000000e+00	2.950677573680877686e-01	2.114955037832260132e-01	1.010281369090080261e-01	1.936221122741699219e-01
2.136235713958740234e+00	3.365941941738128662e-01	2.340917475521564484e-02	4.406806826591491699e-02	1.736086159944534302e-01	1.000000000000000000e+00	5.134938657283782959e-02	1.048205792903900146e-01	9.989286661148071289e-01	1.178228780627250671e-01	2.601442337036132812e-01	7.302346080541610718e-02	4.973869770765304565e-02
2.182675838470458984e+00	9.593852609395980835e-02	5.634348988533020020e-01	9.280525445938110352e-01	1.280528604984283447e-01	8.677653968334197998e-02	1.000000000000000000e+00	1.104647144675254822e-01	5.029526352882385254e-01	6.716855168342590332e-01	3.709185868501663208e-02	2.896136045455932617e-01	1.360577493906021118e-01
2.229115724563598633e+00	7.002666126936674118e-03	2.729572653770446777e-01	5.867775529623031616e-02	1.446220725774765015e-01	2.194685116410255432e-02	1.000000000000000000e+00	4.267835617065429688e-02	8.642651885747909546e-02	2.520244009792804718e-02	2.969368398189544678e-01	2.120859175920486450e-01	1.223027706146240234e-01
2.275555610656738281e+00	1.606982946395874023e-02	9.523071348667144775e-02	2.555799297988414764e-02	1.000000000000000000e+00	7.281217724084854126e-02	9.861358404159545898e-01	5.404809024184942245e-03	8.703330159187316895e-02	2.458399534225463867e-01	5.985241383314132690e-02	2.491801083087921143e-01	1.610194146633148193e-01
2.321995496749877930e+00	8.327746391296386719e-01	1.416280716657638550e-01	3.712936639785766602e-01	2.971924841403961182e-02	3.058676123619079590e-01	1.000000000000000000e+00	1.962504349648952484e-02	1.420594304800033569e-01	2.918160259723663330e-01	7.088904827833175659e-02	2.576220035552978516e-01	1.585498917847871780e-03
2.368435382843017578e+00	6.793950498104095459e-02	5.322115495800971985e-02	1.446106284856796265e-01	5.444158241152763367e-02	9.187200069427490234e-01	1.000000000000000000e+00	3.689304739236831665e-02	6.960953772068023682e-02	8.150376379489898682e-03	2.259347438812255859e-01	2.873664200305938721e-01	3.208794817328453064e-02
2.414875268936157227e+00	1.632454246282577515e-01	6.536164283752441406e-01	4.250328242778778076e-01	1.648050397634506226e-01	8.059928566217422485e-02	1.000000000000000000e+00	3.654359579086303711e-01	1.563055068254470825e-01	9.052441716194152832e-01	2.607552893459796906e-02	7.984009981155395508e-01	8.338648080825805664e-02
2.461315155029296875e+00	1.000000000000000000e+00	1.903050541877746582e-01	9.854564666748046875e-01	8.509568870067596436e-02	2.364296019077301025e-01	4.033049345016479492e-01	1.422842293977737427e-01	2.974198758602142334e-01	6.771327555179595947e-02	9.338157773017883301e-01	1.280592978000640869e-01	8.205367922782897949e-01
2.507755041122436523e+00	1.000000000000000000e+00	2.810659073293209076e-02	6.614518165588378906e-02	4.636669456958770752e-01	3.291466534137725830e-01	2.748141884803771973e-01	3.579815849661827087e-02	3.144121766090393066e-01	1.490500569343566895e-01	1.869487166404724121e-01	1.394657045602798462e-01	3.125716000795364380e-02
2.554194927215576172e+00	1.000000000000000000e+00	9.374100714921951294e-02	1.105974242091178894e-01	1.132739931344985962e-01	8.099895119667053223e-01	2.557994425296783447e-01	4.747211560606956482e-02	6.483368277549743652e-01	5.253452435135841370e-02	3.837081491947174072e-01	2.043170630931854248e-01	3.185424804687500000e-01
2.600634813308715820e+00	1.000000000000000000e+00	1.451296806335449219e-01	4.401546120643615723e-01	2.070929110050201416e-02	3.045217096805572510e-01	3.518074452877044678e-01	4.167284816503524780e-02	8.468095213174819946e-02	1.494673788547515869e-01	9.017638564109802246e-01	7.502897828817367554e-02	5.128759890794754028e-02
2.647074937820434570e+00	1.000000000000000000e+00	3.930762410163879395e-03	1.722948551177978516e-01	5.117061734199523926e-02	1.683793663978576660e-01	2.414353489875793457e-01	1.064337138086557388e-02	8.060783743858337402e-01	4.613993316888809204e-02	1.561128795146942139e-01	1.351566165685653687e-01	4.285346865653991699e-01
2.693514823913574219e+00	9.868496060371398926e-01	9.620773792266845703e-02	5.690756440162658691e-01	3.454399108886718750e-01	1.329589337110519409e-01	3.166146278381347656e-01	5.682641267776489258e-01	1.317653208971023560e-01	1.184862926602363586e-01	7.830324172973632812e-01	1.000000000000000000e+00	3.356132805347442627e-01
2.739954710006713867e+00	1.000000000000000000e+00	2.423876672983169556e-01	4.038413763046264648e-01	6.979729533195495605e-01	9.411539882421493530e-02	4.315161108970642090e-01	4.098675027489662170e-02	9.867242723703384399e-02	6.742913126945495605e-01	6.271047592163085938e-01	6.748226284980773926e-02	3.357509970664978027e-01
2.786394596099853516e+00	1.000000000000000000e+00	6.150624528527259827e-02	8.588849753141403198e-02	2.943651080131530762e-01	1.339608132839202881e-01	2.388331294059753418e-01	2.253300510346889496e-02	8.321106433868408203e-02	1.385662704706192017e-01	2.476604096591472626e-02	4.705338552594184875e-02	5.579021573066711426e-01
2.832834482192993164e+00	1.000000000000000000e+00	3.946645259857177734e-01	3.022873699665069580e-01	5.439294129610061646e-02	7.791832089424133301e-01	2.361892908811569214e-01	1.396867632865905762e-01	3.931059241294860840e-01	7.377284020185470581e-02	1.877291351556777954e-01	6.650596857070922852e-02	7.148188948631286621e-01
2.879274368286132812e+00	1.000000000000000000e+00	5.369470641016960144e-02	8.518858999013900757e-02	7.329331245273351669e-03	5.117797851562500000e-01	2.595427334308624268e-01	3.021124191582202911e-02	9.850654751062393188e-03	1.645282506942749023e-01	2.408426553010940552e-01	3.610960021615028381e-02	5.972861126065254211e-02
2.925714254379272461e+00	1.000000000000000000e+00	9.901987314224243164e-01	2.553836703300476074e-01	7.990665733814239502e-03	6.127432733774185181e-02	2.954359650611877441e-01	2.655426263809204102e-01	9.637347608804702759e-02	5.509862303733825684e-02	4.983574450016021729e-01	4.202623292803764343e-02	2.524113357067108154e-01
2.972154140472412109e+00	1.000000000000000000e+00	9.129793643951416016e-01	6.658102273941040039e-01	1.210648268461227417e-01	2.406514883041381836e-01	3.838443756103515625e-01	2.964507639408111572e-01	2.337615936994552612e-01	1.009434014558792114e-01	2.956976890563964844e-01	6.525374948978424072e-02	8.061256408691406250e-01
3.018594026565551758e+00	1.000000000000000000e+00	1.539209634065628052e-01	8.129432052373886108e-02	2.160860002040863037e-01	2.440640330314636230e-01	3.146077096462249756e-01	1.511007249355316162e-01	5.777725949883460999e-02	7.409653067588806152e-02	2.595375180244445801e-01	9.906024336814880371e-01	3.996392488479614258e-01
3.065033912658691406e+00	1.000000000000000000e+00	2.197753041982650757e-01	9.695324897766113281e-01	2.907720506191253662e-01	1.753610223531723022e-01	2.770875692367553711e-01	4.281459748744964600e-02	3.659288883209228516e-01	1.129120886325836182e-01	3.697362244129180908e-01	1.155437454581260681e-01	5.956392288208007812e-01
3.111474037170410156e+00	1.000000000000000000e+00	2.473210729658603668e-02	2.049576044082641602e-01	1.883604675531387329e-01	4.664611518383026123e-01	2.992935776710510254e-01	4.268916696310043335e-02	7.881937175989151001e-02	8.665212988853454590e-02	3.334566950798034668e-01	8.149057626724243164e-01	4.568734765052795410e-01
3.157913923263549805e+00	1.000000000000000000e+00	1.804366111755371094e-01	2.511713802814483643e-01	9.502562284469604492e-01	4.379981011152267456e-02	3.031377792358398438e-01	6.134089082479476929e-02	9.028711915016174316e-02	3.092257976531982422e-01	3.581544458866119385e-01	5.948050618171691895e-01	1.477973163127899170e-01
3.204353809356689453e+00	1.000000000000000000e+00	1.109013054519891739e-02	1.724755018949508667e-01	2.374614775180816650e-01	4.600638151168823242e-01	2.483383566141128540e-01	6.051478907465934753e-02	1.277892589569091797e-01	8.122354000806808472e-02	3.236744105815887451e-01	9.748204350471496582e-01	4.268742501735687256e-01
3.250793695449829102e+00	1.000000000000000000e+00	3.470309823751449585e-02	1.273331344127655029e-01	3.318117931485176086e-02	5.275154113769531250e-02	2.433920949697494507e-01	4.746048711240291595e-03	5.164814740419387817e-02	1.874392032623291016e-01	7.021752744913101196e-02	4.749212414026260376e-02	1.374545544385910034e-01
3.297233581542968750e+00	1.000000000000000000e+00	3.439562395215034485e-02	2.769793272018432617e-01	3.108767606317996979e-02	3.172066807746887207e-02	2.706075310707092285e-01	2.682317979633808136e-02	7.789672911167144775e-02	6.673425436019897461e-02	4.365558922290802002e-01	4.193628206849098206e-02	1.281451880931854248e-01
3.343673467636108398e+00	9.921107292175292969e-01	5.114998221397399902e-01	6.919058412313461304e-02	5.310640111565589905e-02	7.375195026397705078e-01	2.742377519607543945e-01	1.013036295771598816e-01	6.081017479300498962e-02	1.000000000000000000e+00	3.092701137065887451e-01	1.371475309133529663e-01	5.576917529106140137e-01
3.390113353729248047e+00	1.000000000000000000e+00	2.056327089667320251e-02	1.262316107749938965e-01	1.984265893697738647e-01	7.856299877166748047e-01	2.797480523586273193e-01	1.132032200694084167e-01	7.739265263080596924e-02	7.516018301248550415e-02	5.010640025138854980e-01	8.922209739685058594e-01	6.623664498329162598e-01
3.436553239822387695e+00	1.000000000000000000e+00	1.917857527732849121e-01	1.698323935270309448e-01	1.679167151451110840e-01	2.413903176784515381e-01	2.730063796043395996e-01	1.663841865956783295e-02	5.163688659667968750e-01	8.233439922332763672e-02	6.268714070320129395e-01	2.073033601045608521e-01	6.356053352355957031e-01
3.482993125915527344e+00	1.000000000000000000e+00	1.274342369288206100e-02	3.969754278659820557e-02	1.880632340908050537e-01	3.335928916931152344e-02	2.345363497734069824e-01	3.661292791366577148e-02	8.053826093673706055e-01	7.265748828649520874e-02	9.830159693956375122e-02	1.996195465326309204e-01	1.535459756851196289e-01
3.529433012008666992e+00	1.000000000000000000e+00	5.314600467681884766e-02	4.869514703750610352e-01	1.429887712001800537e-01	8.014460206031799316e-01	2.639466524124145508e-01	1.010950952768325806e-01	1.275525838136672974e-01	1.223678067326545715e-01	3.565741181373596191e-01	6.798833012580871582e-01	1.448363363742828369e-01
3.575872898101806641e+00	1.000000000000000000e+00	6.534326076507568359e-02	4.926726594567298889e-02	9.028589129447937012e-01	1.113255098462104797e-01	3.319304585456848145e-01	6.391448527574539185e-02	9.463832527399063110e-02	2.512698173522949219e-01	1.272852420806884766e-01	3.209836184978485107e-01	5.453045964241027832e-01
3.622313022613525391e+00	9.954297542572021484e-01	5.632677674293518066e-02	2.097470685839653015e-02	2.237889468669891357e-01	2.034350112080574036e-02	2.820337712764739990e-01	6.732688844203948975e-02	1.080777794122695923e-01	2.442202270030975342e-01	1.703565753996372223e-02	1.000000000000000000e+00	2.812487445771694183e-02
3.668752908706665039e+00	1.000000000000000000e+00	1.525515690445899963e-02	2.546494603157043457e-01	3.715306818485260010e-01	8.688435703516006470e-02	3.528771400451660156e-01	6.762803345918655396e-02	2.791396677494049072e-01	1.093377545475959778e-01	9.217465519905090332e-01	6.686182618141174316e-01	3.157396912574768066e-01
3.715192794799804688e+00	1.000000000000000000e+00	1.114574819803237915e-01	3.516701236367225647e-02	9.409247040748596191e-01	1.701969951391220093e-01	4.200098514556884766e-01	8.433566242456436157e-02	1.023575067520141602e-01	5.991591811180114746e-01	2.477364055812358856e-02	7.171734571456909180e-01	7.195777893066406250e-01
3.761632680892944336e+00	1.000000000000000000e+00	1.366003695875406265e-02	1.253065913915634155e-01	4.088290780782699585e-02	6.010677218437194824e-01	3.028424680233001709e-01	1.906272210180759430e-02	6.064903736114501953e-02	6.850760430097579956e-02	5.054969191551208496e-01	2.169169485569000244e-01	9.745700359344482422e-01
3.808072566986083984e+00	1.000000000000000000e+00	3.267928957939147949e-01	1.809215098619461060e-01	9.483994245529174805e-01	1.443175133317708969e-02	3.362386822700500488e-01	1.052700951695442200e-01	5.550819635391235352e-02	2.426375150680541992e-01	7.038424611091613770e-01	6.515707969665527344e-01	6.147852912545204163e-02
3.854512453079223633e+00	1.000000000000000000e+00	9.948737621307373047e-01	3.016236126422882080e-01	1.410723431035876274e-03	2.596472203731536865e-02	2.611885666847229004e-01	2.455822825431823730e-01	7.420395314693450928e-02	1.572247445583343506e-01	2.754700481891632080e-01	5.043999850749969482e-02	3.540295735001564026e-02
3.900952339172363281e+00	1.000000000000000000e+00	1.891809999942779541e-01	3.252416104078292847e-02	4.623121023178100586e-01	1.419461220502853394e-01	3.002370893955230713e-01	2.413870766758918762e-02	2.592354081571102142e-02	8.508022427558898926e-01	1.665941253304481506e-02	3.164169937372207642e-02	5.928980112075805664e-01
3.947392225265502930e+00	1.000000000000000000e+00	2.433679066598415375e-03	1.971886865794658661e-02	5.983917508274316788e-04	1.179284998215734959e-03	2.407106906175613403e-01	4.038122424390166998e-04	7.590004708617925644e-03	5.063632130622863770e-02	5.763408844359219074e-04	3.112778440117835999e-02	4.511289764195680618e-03
3.993832111358642578e+00	1.000000000000000000e+00	9.903147816658020020e-01	2.393450289964675903e-01	4.470259416848421097e-03	3.933917731046676636e-02	2.596237063407897949e-01	2.274014502763748169e-01	3.646897152066230774e-02	4.657118916511535645e-01	9.210991859436035156e-01	6.417594105005264282e-02	2.923399209976196289e-02
4.040272235870361328e+00	2.500449120998382568e-01	4.936420172452926636e-02	7.160660028457641602e-01	1.942745596170425415e-01	1.553951483219861984e-02	8.069902658462524414e-01	4.904497414827346802e-02	1.000000000000000000e+00	2.878299914300441742e-02	4.498541653156280518e-01	8.553820848464965820e-01	7.152767479419708252e-02
4.086711883544921875e+00	2.861123681068420410e-01	4.000125080347061157e-02	1.552654206752777100e-01	1.863472014665603638e-01	5.088434815406799316e-01	5.047566071152687073e-02	9.394893050193786621e-01	1.000000000000000000e+00	6.112620979547500610e-02	1.393449455499649048e-01	1.973574981093406677e-02	7.629268169403076172e-01
4.133152008056640625e+00	2.287124395370483398e-01	3.676314651966094971e-01	2.564613223075866699e-01	3.934254050254821777e-01	3.913061916828155518e-01	6.510913372039794922e-02	8.201118558645248413e-02	1.000000000000000000e+00	5.978197455406188965e-01	1.041672825813293457e-01	9.125648140907287598e-01	2.006367444992065430e-01
4.179591655731201172e+00	3.632333874702453613e-01	4.328605160117149353e-02	2.905255183577537537e-02	1.000000000000000000e+00	7.547699809074401855e-01	2.710238695144653320e-01	1.110280379652976990e-01	9.660218954086303711e-01	2.104161381721496582e-01	2.036985456943511963e-01	9.495282173156738281e-01	3.486750274896621704e-02
4.226031780242919922e+00	8.893640637397766113e-01	9.962076693773269653e-02	3.260481730103492737e-02	1.000000000000000000e+00	3.457888066768646240e-01	7.618288993835449219e-01	2.831349894404411316e-02	9.798415899276733398e-01	2.204800397157669067e-01	1.786426305770874023e-01	4.151401519775390625e-01	5.966363102197647095e-02
4.272471427917480469e+00	2.372097223997116089e-01	9.786189794540405273e-01	7.659024000167846680e-02	5.997615307569503784e-02	4.308839514851570129e-02	2.372550517320632935e-01	2.531801462173461914e-01	1.000000000000000000e+00	4.702706634998321533e-02	3.708515167236328125e-01	4.388557747006416321e-02	8.957112580537796021e-02
4.318911552429199219e+00	5.096656084060668945e-01	2.081968635320663452e-02	4.023946076631546021e-02	1.259562224149703979e-01	9.107154607772827148e-01	5.309036374092102051e-01	3.799235820770263672e-01	1.000000000000000000e+00	3.386130556464195251e-02	1.300822347402572632e-01	1.221658512949943542e-01	5.734191834926605225e-02
4.365351676940917969e+00	7.607074826955795288e-02	8.360989391803741455e-02	2.337188124656677246e-01	3.884691372513771057e-02	9.706910848617553711e-01	1.000000000000000000e+00	4.322250559926033020e-02	1.217660233378410339e-01	5.514536984264850616e-03	6.223040819168090820e-01	2.438417971134185791e-01	2.191638015210628510e-02
4.411791324615478516e+00	1.652567647397518158e-02	2.481603324413299561e-01	1.268598437309265137e-01	9.456068277359008789e-01	6.068083643913269043e-02	1.000000000000000000e+00	7.117252051830291748e-02	1.171052008867263794e-01	4.331803321838378906e-01	5.862709507346153259e-02	2.382952272891998291e-01	2.430846989154815674e-01
4.458231449127197266e+00	1.672690175473690033e-02	2.357804328203201294e-01	1.032022107392549515e-02	1.000000000000000000e+00	2.635124325752258301e-01	9.963141679763793945e-01	4.191030189394950867e-02	7.305571436882019043e-02	2.284642308950424194e-01	5.807689949870109558e-02	2.391722500324249268e-01	5.607243180274963379e-01
4.504671096801757812e+00	3.499622941017150879e-01	5.509571358561515808e-02	1.838028728961944580e-01	2.929461933672428131e-02	9.438487887382507324e-01	1.000000000000000000e+00	6.424790620803833008e-02	1.203687787055969238e-01	3.682403266429901123e-02	2.006255388259887695e-01	2.395888715982437134e-01	2.459905296564102173e-02
4.551111221313476562e+00	3.471533954143524170e-01	8.832552284002304077e-02	3.206737339496612549e-02	1.088512316346168518e-01	9.321802258491516113e-01	1.000000000000000000e+00	9.181684255599975586e-02	3.913506865501403809e-02	6.575221568346023560e-02	2.145663201808929443e-01	2.226419597864151001e-01	5.152940377593040466e-02
4.597550868988037109e+00	1.599253714084625244e-02	8.463384211063385010e-02	5.149232689291238785e-03	1.000000000000000000e+00	8.241227827966213226e-03	9.258464574813842773e-01	2.311341464519500732e-03	7.905152440071105957e-02	2.349320203065872192e-01	8.873078972101211548e-03	2.192029654979705811e-01	4.108480364084243774e-02
4.643990993499755859e+00	2.077548764646053314e-02	6.581297516822814941e-02	2.508021658286452293e-03	1.000000000000000000e+00	5.678086890839040279e-04	5.418781042098999023e-01	3.162288339808583260e-03	7.438253611326217651e-02	2.273739576339721680e-01	7.221615873277187347e-03	1.327027678489685059e-01	5.781894177198410034e-02
4.690430641174316406e+00	9.526884183287620544e-03	4.836814850568771362e-02	6.516583962365984917e-04	1.000000000000000000e+00	2.809153811540454626e-04	1.843810677528381348e-01	3.122112015262246132e-03	3.420937433838844299e-02	2.279656231403350830e-01	3.597253235056996346e-03	4.182957857847213745e-02	5.754419043660163879e-02
4.736870765686035156e+00	1.017441786825656891e-02	5.260734260082244873e-02	4.109657893422991037e-04	1.000000000000000000e+00	2.783223462756723166e-04	2.449630647897720337e-01	3.886398160830140114e-03	4.372260347008705139e-02	2.280896306037902832e-01	2.873892197385430336e-03	6.110716238617897034e-02	5.616462603211402893e-02
4.783310890197753906e+00	1.146136317402124405e-02	5.882410705089569092e-02	3.689650911837816238e-04	1.000000000000000000e+00	1.988422009162604809e-04	3.358171880245208740e-01	4.436886403709650040e-03	5.305662378668785095e-02	2.264192104339599609e-01	2.881338587030768394e-03	9.045730531215667725e-02	5.688669160008430481e-02
4.829750537872314453e+00	1.341249886900186539e-02	4.888504371047019958e-02	2.168030943721532822e-03	1.000000000000000000e+00	2.849593060091137886e-03	2.027496248483657837e-01	5.124314222484827042e-03	4.399647936224937439e-02	2.316207289695739746e-01	7.595322094857692719e-03	8.202932775020599365e-02	6.286650896072387695e-02
4.876190662384033203e+00	9.934608340263366699e-01	4.926549643278121948e-02	3.478392586112022400e-02	1.000000000000000000e+00	6.457449402660131454e-03	2.806876301765441895e-01	1.384326256811618805e-02	1.412237621843814850e-02	2.845624983310699463e-01	4.748883470892906189e-02	3.586006164550781250e-02	6.416427344083786011e-02
4.922630310058593750e+00	9.968916773796081543e-01	3.186276927590370178e-02	2.508530579507350922e-02	1.000000000000000000e+00	2.093991963192820549e-03	2.726056873798370361e-01	1.185514149256050587e-03	4.561452195048332214e-03	2.823257446289062500e-01	3.034079913049936295e-03	3.367225825786590576e-02	5.657359212636947632e-02
4.969070434570312500e+00	1.000000000000000000e+00	3.144350647926330566e-02	2.543132752180099487e-02	9.997069835662841797e-01	1.249503111466765404e-03	2.634725272655487061e-01	9.535265271551907063e-04	2.908416092395782471e-03	2.824626266956329346e-01	3.475682344287633896e-03	3.009324893355369568e-02	5.758984014391899109e-02
5.015510082244873047e+00	9.970692396163940430e-01	2.957159839570522308e-02	2.188087999820709229e-02	1.000000000000000000e+00	5.255628493614494801e-04	2.677870988845825195e-01	4.038074112031608820e-04	4.097856581211090088e-03	2.815948724746704102e-01	8.798784110695123672e-04	3.330249339342117310e-02	5.497319996356964111e-02
5.061950206756591797e+00	9.954805374145507812e-01	3.274300321936607361e-02	2.366692572832107544e-02	1.000000000000000000e+00	8.441114332526922226e-04	2.668412923812866211e-01	1.132358214817941189e-03	7.243791595101356506e-03	2.825533747673034668e-01	1.916939625516533852e-03	3.157513216137886047e-02	5.686216428875923157e-02
5.108389854431152344e+00	9.849233031272888184e-01	3.386653587222099304e-02	3.025805205106735229e-02	1.000000000000000000e+00	5.000223405659198761e-03	2.657996118068695068e-01	3.605632344260811806e-03	1.083338074386119843e-02	2.886735498905181885e-01	1.577587239444255829e-02	5.431383475661277771e-02	6.793873757123947144e-02
5.154829978942871094e+00	1.000000000000000000e+00	4.547457396984100342e-02	1.166293397545814514e-01	9.626088738441467285e-01	2.417965047061443329e-02	2.628426849842071533e-01	2.004056796431541443e-02	3.173365443944931030e-02	3.285917937755584717e-01	6.623139977455139160e-02	5.053155124187469482e-02	1.248952820897102356e-01
5.201269626617431641e+00	1.000000000000000000e+00	3.171364590525627136e-02	3.278595209121704102e-02	9.000722765922546387e-01	1.738689374178647995e-03	2.479736804962158203e-01	3.746349364519119263e-03	8.961202949285507202e-02	2.600963711738586426e-01	4.056534916162490845e-02	8.439856022596359253e-02	4.716484248638153076e-02
5.247709751129150391e+00	1.000000000000000000e+00	3.883488848805427551e-02	3.340415284037590027e-02	9.584576487541198730e-01	6.063762307167053223e-02	2.654871642589569092e-01	1.650057500228285789e-03	1.761984378099441528e-01	2.645628452301025391e-01	5.669657513499259949e-02	2.883071266114711761e-02	2.557206749916076660e-01
5.294149875640869141e+00	1.000000000000000000e+00	4.684445634484291077e-02	9.054964035749435425e-02	9.925154447555541992e-01	8.250742219388484955e-03	2.577645182609558105e-01	1.039959304034709930e-02	1.869840733706951141e-02	3.323318064212799072e-01	6.329065561294555664e-02	3.326091170310974121e-02	5.228223651647567749e-02
5.340589523315429688e+00	1.000000000000000000e+00	3.344434127211570740e-02	2.833441831171512604e-02	9.929708242416381836e-01	6.221145391464233398e-03	2.575741112232208252e-01	3.062448231503367424e-03	3.783289715647697449e-02	2.853863537311553955e-01	1.760799624025821686e-02	3.314213454723358154e-02	6.868992000818252563e-02
5.387029647827148438e+00	9.994574189186096191e-01	1.031352952122688293e-01	9.529557824134826660e-02	1.000000000000000000e+00	5.467672944068908691e-01	3.545319437980651855e-01	4.706221818923950195e-02	1.286123227328062057e-02	2.843008935451507568e-01	3.422661125659942627e-01	1.948764473199844360e-01	1.701251417398452759e-01
5.433469295501708984e+00	7.213409245014190674e-02	5.385724455118179321e-02	7.125298380851745605e-01	9.772227406501770020e-01	6.714752316474914551e-02	2.275036424398422241e-01	5.883096903562545776e-02	1.305408477783203125e-01	2.133840322494506836e-01	9.122239947319030762e-01	1.000000000000000000e+00	1.255678236484527588e-01
5.479909420013427734e+00	7.009505480527877808e-02	2.246332466602325439e-01	1.424518227577209473e-02	1.000000000000000000e+00	6.681984290480613708e-03	1.130437105894088745e-01	9.395023435354232788e-02	6.897033005952835083e-02	2.141624838113784790e-01	5.739667639136314392e-02	8.515905737876892090e-01	6.587058305740356445e-02
5.526349067687988281e+00	4.985886067152023315e-02	2.700046300888061523e-01	1.323545817285776138e-02	1.000000000000000000e+00	5.528550222516059875e-02	3.308926820755004883e-01	1.161028295755386353e-01	2.198296785354614258e-02	2.104867100715637207e-01	4.277447611093521118e-02	8.807341456413269043e-01	7.350824028253555298e-02
5.572789192199707031e+00	5.057382956147193909e-02	5.899848416447639465e-02	3.378552198410034180e-02	1.000000000000000000e+00	1.949139535427093506e-01	3.218598663806915283e-02	1.604934036731719971e-01	8.887812495231628418e-03	3.157089650630950928e-01	3.858186304569244385e-02	8.447561264038085938e-01	1.567114591598510742e-01
5.619228839874267578e+00	3.600997850298881531e-02	2.908979170024394989e-02	1.558391191065311432e-02	1.000000000000000000e+00	9.293574094772338867e-02	3.050966747105121613e-02	5.373467504978179932e-02	2.984270686283707619e-03	2.099060267210006714e-01	4.174807667732238770e-02	8.318613767623901367e-01	6.968370825052261353e-02
5.665668964385986328e+00	6.683235615491867065e-02	1.369916498661041260e-01	1.408923044800758362e-02	1.000000000000000000e+00	4.226065054535865784e-02	4.492627829313278198e-02	9.291628003120422363e-02	2.327699679881334305e-03	6.835769414901733398e-01	4.117170721292495728e-02	8.399960994720458984e-01	6.029684096574783325e-02
5.712108612060546875e+00	9.512430429458618164e-01	2.582311034202575684e-01	5.220678076148033142e-02	5.524371936917304993e-02	1.446731835603713989e-01	1.956328898668289185e-01	4.743187874555587769e-02	7.517434358596801758e-01	1.000000000000000000e+00	4.458188265562057495e-02	1.146373301744461060e-01	4.022659733891487122e-02
5.758548736572265625e+00	4.120587557554244995e-02	2.554337680339813232e-01	7.091859579086303711e-01	7.729995250701904297e-01	2.006450444459915161e-01	3.396320343017578125e-01	2.711963839828968048e-02	2.123000025749206543e-01	1.000000000000000000e+00	5.591202378273010254e-01	1.269006133079528809e-01	6.970152258872985840e-01
5.804988861083984375e+00	3.751577064394950867e-02	2.758221328258514404e-01	7.078437507152557373e-02	8.204116225242614746e-01	1.260699182748794556e-01	7.167434692382812500e-02	3.647144138813018799e-02	1.729831844568252563e-01	1.000000000000000000e+00	1.606982015073299408e-02	4.350777342915534973e-02	3.386057019233703613e-01
5.851428508758544922e+00	5.280660465359687805e-03	2.391171604394912720e-01	1.500721275806427002e-01	7.727440595626831055e-01	1.646524071693420410e-01	1.479159295558929443e-01	3.054951876401901245e-02	5.835547670722007751e-02	1.000000000000000000e+00	1.964632272720336914e-01	7.314838469028472900e-02	4.842303395271301270e-01
5.897868633270263672e+00	8.917442709207534790e-02	2.211717367172241211e-01	9.396574646234512329e-02	8.019754290580749512e-01	6.444719433784484863e-02	1.544169932603836060e-01	2.798879519104957581e-02	4.894722253084182739e-02	1.000000000000000000e+00	2.541329944506287575e-03	1.063769757747650146e-01	6.637524813413619995e-02
5.944308280944824219e+00	2.439023405313491821e-01	1.638876348733901978e-01	5.436391830444335938e-01	5.029723420739173889e-02	1.245325133204460144e-01	3.498235344886779785e-01	6.872166693210601807e-02	1.000000000000000000e+00	6.291997432708740234e-01	7.331227660179138184e-01	1.838338971138000488e-01	2.621466480195522308e-02
5.990748405456542969e+00	2.686405479907989502e-01	5.093862488865852356e-02	7.131852954626083374e-02	2.091779708862304688e-01	4.234959185123443604e-01	4.836736246943473816e-02	7.412878870964050293e-01	1.000000000000000000e+00	9.226620197296142578e-02	1.171065121889114380e-01	8.112922310829162598e-03	9.426152110099792480e-01
6.037188053131103516e+00	3.862215876579284668e-01	2.846731804311275482e-02	8.260749578475952148e-01	5.913821458816528320e-01	5.594871640205383301e-01	9.747073054313659668e-02	1.427337229251861572e-01	1.000000000000000000e+00	1.127657666802406311e-01	1.359273940324783325e-01	6.486380100250244141e-01	1.015995889902114868e-01
6.083628177642822266e+00	3.043336272239685059e-01	2.195200696587562561e-02	7.668851017951965332e-01	6.193647980690002441e-01	4.003765583038330078e-01	1.540212184190750122e-01	4.784419387578964233e-02	1.000000000000000000e+00	1.216236725449562073e-01	9.417412430047988892e-02	6.447694897651672363e-01	2.272144891321659088e-02
6.130067825317382812e+00	7.178312540054321289e-01	4.604895785450935364e-02	5.363576486706733704e-02	4.072386324405670166e-01	3.022745624184608459e-02	1.572304964065551758e-01	5.480487365275621414e-03	1.000000000000000000e+00	1.061778515577316284e-01	3.435714170336723328e-02	1.886999607086181641e-02	1.431460678577423096e-01
6.176507949829101562e+00	3.064806461334228516e-01	1.052132248878479004e-01	1.255031824111938477e-01	8.068075776100158691e-01	9.833740592002868652e-01	9.006614238023757935e-02	2.895616888999938965e-01	1.000000000000000000e+00	1.781853735446929932e-01	5.837824344635009766e-01	1.042597144842147827e-01	1.877459287643432617e-01
6.222948074340820312e+00	1.835128813982009888e-01	1.422676742076873779e-01	3.030989132821559906e-02	7.694173604249954224e-02	9.742189049720764160e-01	1.000000000000000000e+00	8.203702419996261597e-02	4.397636651992797852e-01	5.985825508832931519e-02	2.301345467567443848e-01	2.418062537908554077e-01	3.671850264072418213e-02
6.269387722015380859e+00	6.589784473180770874e-02	2.611227333545684814e-01	4.044023454189300537e-01	4.463924840092658997e-02	8.044139742851257324e-01	1.000000000000000000e+00	6.537863612174987793e-02	1.907228231430053711e-01	4.167138133198022842e-03	9.350755214691162109e-01	2.255404591560363770e-01	2.278692871332168579e-01
6.315827846527099609e+00	1.405564099550247192e-01	1.734424978494644165e-01	6.291005015373229980e-02	9.835917353630065918e-01	2.306703291833400726e-02	1.000000000000000000e+00	3.215731680393218994e-02	9.425421804189682007e-02	3.307287395000457764e-01	1.776455529034137726e-02	2.321109920740127563e-01	1.177258342504501343e-01
6.362267494201660156e+00	8.510454893112182617e-01	2.424547225236892700e-01	2.149191796779632568e-01	3.951079770922660828e-02	5.087106823921203613e-01	1.000000000000000000e+00	1.235873624682426453e-01	8.554762601852416992e-02	2.471739649772644043e-01	1.142271310091018677e-01	2.905759215354919434e-01	5.066108889877796173e-03
6.408707618713378906e+00	9.285460412502288818e-02	1.914974898099899292e-01	1.023477315902709961e-01	4.809441789984703064e-02	9.909709692001342773e-01	1.000000000000000000e+00	1.247856840491294861e-01	7.286160439252853394e-02	2.977150306105613708e-02	2.491128295660018921e-01	2.939559221267700195e-01	5.058284476399421692e-02
6.455147266387939453e+00	1.435363292694091797e-02	9.558188915252685547e-02	9.964684396982192993e-02	1.000000000000000000e+00	3.518018871545791626e-02	9.899715781211853027e-01	1.263471096754074097e-01	8.133680373430252075e-02	2.791861891746520996e-01	7.641687244176864624e-02	2.876701653003692627e-01	1.074218302965164185e-01
6.501587390899658203e+00	9.036412835121154785e-02	4.538932740688323975e-01	7.849581241607666016e-01	3.265755474567413330e-01	9.406574070453643799e-02	1.000000000000000000e+00	8.753185719251632690e-02	4.702436327934265137e-01	6.910220533609390259e-02	5.669272318482398987e-02	2.723426222801208496e-01	3.577074110507965088e-01
6.548027038574218750e+00	2.231345977634191513e-03	2.727663516998291016e-01	1.595971882343292236e-01	1.398548781871795654e-01	4.762629419565200806e-02	1.000000000000000000e+00	4.581632837653160095e-02	8.731410652399063110e-02	2.724431268870830536e-02	4.026828110218048096e-01	2.199176847934722900e-01	1.790611147880554199e-01
6.594467163085937500e+00	7.453734427690505981e-02	1.685859709978103638e-01	6.140134483575820923e-02	9.839875102043151855e-01	5.480554327368736267e-02	1.000000000000000000e+00	1.454758048057556152e-01	3.673281148076057434e-02	3.313760757446289062e-01	7.555381860584020615e-03	2.448048591613769531e-01	2.169708013534545898e-01
6.640906810760498047e+00	8.221915960311889648e-01	1.800702959299087524e-01	2.586293816566467285e-01	2.542722597718238831e-02	2.928489148616790771e-01	1.000000000000000000e+00	2.525088004767894745e-02	7.173631340265274048e-02	4.119525551795959473e-01	6.662404537200927734e-02	2.301459461450576782e-01	4.181266948580741882e-02
6.687346935272216797e+00	6.897448003292083740e-02	5.476894229650497437e-02	1.163205057382583618e-01	3.456822037696838379e-02	8.817642331123352051e-01	1.000000000000000000e+00	3.561777248978614807e-02	4.953037947416305542e-02	3.132393117994070053e-03	2.252683639526367188e-01	2.587235271930694580e-01	4.129870235919952393e-02
6.733787059783935547e+00	1.142961904406547546e-01	8.773373067378997803e-02	2.780282199382781982e-01	4.077051952481269836e-02	9.680141210556030273e-01	1.000000000000000000e+00	1.044839099049568176e-01	9.682817757129669189e-02	1.050240322947502136e-01	1.902337968349456787e-01	3.054274618625640869e-01	1.646945178508758545e-01
6.780226707458496094e+00	2.744693756103515625e-01	2.615966647863388062e-02	1.908915638923645020e-01	5.018308162689208984e-01	3.794068098068237305e-02	1.301322281360626221e-01	3.370611667633056641e-01	1.000000000000000000e+00	1.201316863298416138e-01	1.436296477913856506e-02	7.053571343421936035e-01	1.487192511558532715e-01
6.826666831970214844e+00	2.385920435190200806e-01	9.305679798126220703e-02	6.984974443912506104e-02	1.429823040962219238e-01	1.551012042909860611e-02	8.898386359214782715e-02	1.748669333755970001e-02	1.000000000000000000e+00	2.192827686667442322e-02	2.101936936378479004e-02	1.456284243613481522e-02	8.540517091751098633e-02
6.873106479644775391e+00	3.650962412357330322e-01	3.512441813945770264e-01	2.823182009160518646e-02	1.195837110280990601e-01	9.987202286720275879e-01	7.523848116397857666e-02	3.354723751544952393e-01	1.000000000000000000e+00	3.958648070693016052e-02	2.278182655572891235e-01	4.113451763987541199e-02	3.647035360336303711e-01
6.919546604156494141e+00	2.468250244855880737e-01	4.119297862052917480e-01	9.676697254180908203e-01	2.983354628086090088e-01	1.487402245402336121e-02	1.000000000000000000e+00	1.006671637296676636e-01	6.361879706382751465e-01	3.822845816612243652e-01	3.337150067090988159e-02	5.065498352050781250e-01	2.786814607679843903e-02
6.965986251831054688e+00	1.273420602083206177e-01	2.335819900035858154e-01	8.545625209808349609e-02	9.729227423667907715e-02	7.960622906684875488e-01	1.000000000000000000e+00	1.421148329973220825e-01	1.591892838478088379e-01	9.681529365479946136e-03	5.185321569442749023e-01	2.052918821573257446e-01	2.873552143573760986e-01
7.012426376342773438e+00	1.904746703803539276e-02	1.471269577741622925e-01	6.201326847076416016e-03	1.000000000000000000e+00	3.009741008281707764e-02	9.888641238212585449e-01	2.011708170175552368e-02	1.051263138651847839e-01	2.254569083452224731e-01	7.739192806184291840e-03	2.359749227762222290e-01	1.206303909420967102e-01
7.058866024017333984e+00	1.874866150319576263e-02	7.683075964450836182e-02	1.876726746559143066e-03	1.000000000000000000e+00	8.508327882736921310e-04	8.672140836715698242e-01	1.115959137678146362e-03	9.633725881576538086e-02	2.240598946809768677e-01	5.999220535159111023e-03	1.984422206878662109e-01	5.652440711855888367e-02
7.105306148529052734e+00	4.366638511419296265e-02	6.396016478538513184e-02	8.764987578615546227e-04	1.000000000000000000e+00	2.560232067480683327e-03	5.554971694946289062e-01	2.596875652670860291e-03	1.920436769723892212e-01	2.227339446544647217e-01	7.533896248787641525e-03	1.274675875902175903e-01	5.765511840581893921e-02
7.151745796203613281e+00	3.679610416293144226e-02	6.739191710948944092e-02	4.029315337538719177e-02	1.000000000000000000e+00	2.730809152126312256e-03	3.175283074378967285e-01	1.394187472760677338e-02	1.575391888618469238e-01	2.330337911844253540e-01	9.704267606139183044e-03	7.866068184375762939e-02	5.784709751605987549e-02
7.198185920715332031e+00	6.378639489412307739e-02	1.710193604230880737e-02	1.000000000000000000e+00	3.267969787120819092e-01	2.102737873792648315e-02	3.917043656110763550e-02	4.445521906018257141e-02	3.218492269515991211e-01	7.721421122550964355e-02	2.530683018267154694e-02	6.398630142211914062e-02	3.008819371461868286e-02
7.244626045227050781e+00	4.746255278587341309e-02	1.021189615130424500e-02	1.000000000000000000e+00	2.388786375522613525e-01	2.160363271832466125e-02	3.170678764581680298e-02	2.260931022465229034e-02	2.518989443778991699e-01	5.722383409738540649e-02	8.717439137399196625e-03	5.723558366298675537e-02	1.964941620826721191e-02
7.291065692901611328e+00	6.025834754109382629e-02	1.565453782677650452e-02	1.000000000000000000e+00	2.119494974613189697e-01	2.817396819591522217e-02	1.168547943234443665e-01	8.587052673101425171e-02	3.019392490386962891e-01	5.252690613269805908e-02	1.194719038903713226e-02	8.623945713043212891e-02	3.402722254395484924e-02
7.337505817413330078e+00	3.010340407490730286e-02	5.282732099294662476e-02	1.841940879821777344e-01	1.000000000000000000e+00	7.621557451784610748e-03	3.404757976531982422e-01	1.052134670317173004e-02	1.212287992238998413e-01	2.289278656244277954e-01	7.486148737370967865e-03	1.044557914137840271e-01	6.167605146765708923e-02
7.383945465087890625e+00	9.893232956528663635e-03	4.374945908784866333e-02	6.039132550358772278e-02	1.000000000000000000e+00	2.185366814956068993e-03	1.023102104663848877e-01	7.010681554675102234e-03	4.548100754618644714e-02	2.278696894645690918e-01	5.474750418215990067e-03	2.786865457892417908e-02	5.947775021195411682e-02
7.430385589599609375e+00	8.583327755331993103e-03	4.668133705854415894e-02	6.068114191293716431e-02	1.000000000000000000e+00	1.900887000374495983e-03	1.416804343461990356e-01	3.724148496985435486e-03	4.079568758606910706e-02	2.290940582752227783e-01	3.054472384974360466e-03	3.715689480304718018e-02	5.646615847945213318e-02
7.476825237274169922e+00	9.293019771575927734e-03	4.600900039076805115e-02	5.970967933535575867e-02	1.000000000000000000e+00	1.507953857071697712e-03	1.227933019399642944e-01	4.977475851774215698e-03	4.550746083259582520e-02	2.276838123798370361e-01	3.083813702687621117e-03	4.004728049039840698e-02	5.811582878232002258e-02
7.523265361785888672e+00	1.296992134302854538e-02	3.816527873277664185e-02	2.160533703863620758e-02	1.000000000000000000e+00	7.503050146624445915e-04	5.765546858310699463e-02	3.875496797263622284e-03	5.606416985392570496e-02	2.279945611953735352e-01	3.027620026841759682e-03	3.441775962710380554e-02	5.732598155736923218e-02
7.569705009460449219e+00	1.349781267344951630e-02	3.495777398347854614e-02	5.021870136260986328e-03	1.000000000000000000e+00	2.835038176272064447e-04	8.619791269302368164e-02	3.009515115991234779e-03	5.503965914249420166e-02	2.277292758226394653e-01	2.338198479264974594e-03	4.004671424627304077e-02	5.716432631015777588e-02
7.616145133972167969e+00	5.449735559523105621e-03	3.196889534592628479e-02	2.304770750924944878e-03	1.000000000000000000e+00	1.164600034826435149e-04	7.881312817335128784e-02	3.041349817067384720e-03	1.930612511932849884e-02	2.279653549194335938e-01	1.347727840766310692e-03	5.476606264710426331e-02	5.636137723922729492e-02
7.662585258483886719e+00	5.916366819292306900e-03	3.075616434216499329e-02	1.742379181087017059e-02	1.000000000000000000e+00	5.722846835851669312e-04	6.537884473800659180e-02	4.439006559550762177e-03	2.073836326599121094e-02	2.281071990728378296e-01	1.049271435476839542e-03	6.616085022687911987e-02	5.592276155948638916e-02
7.709024906158447266e+00	6.269815843552350998e-03	3.041860647499561310e-02	1.629717648029327393e-02	1.000000000000000000e+00	3.793840878643095493e-04	5.194001644849777222e-02	3.731985343620181084e-03	2.204473875463008881e-02	2.289546132087707520e-01	9.424012969247996807e-04	6.326995790004730225e-02	5.531884729862213135e-02
7.755465030670166016e+00	6.578239146620035172e-03	3.215895593166351318e-02	1.358036603778600693e-02	1.000000000000000000e+00	3.965340147260576487e-04	9.359998255968093872e-02	2.838798332959413528e-03	2.670293860137462616e-02	2.287230938673019409e-01	9.531221003271639347e-04	5.688212066888809204e-02	5.551173910498619080e-02
7.801904678344726562e+00	4.393336828798055649e-03	3.100816532969474792e-02	5.877478513866662979e-03	1.000000000000000000e+00	3.042042953893542290e-04	6.220375746488571167e-02	2.435985719785094261e-03	1.656002365052700043e-02	2.293984591960906982e-01	6.406967877410352230e-04	3.394563868641853333e-02	5.626908689737319946e-02
7.848344802856445312e+00	1.386609487235546112e-02	3.750179708003997803e-02	6.037127692252397537e-03	1.000000000000000000e+00	3.684066759888082743e-04	1.710208505392074585e-01	2.489939797669649124e-03	5.943761020898818970e-02	2.276006042957305908e-01	1.842016354203224182e-03	5.438383668661117554e-02	5.667530745267868042e-02
7.894784450531005859e+00	1.548886764794588089e-02	4.124020040035247803e-02	1.371388789266347885e-02	1.000000000000000000e+00	7.553487084805965424e-04	1.378480195999145508e-01	3.421834437176585197e-03	6.641114503145217896e-02	2.268268465995788574e-01	2.209972357377409935e-03	4.724362120032310486e-02	5.881344527006149292e-02
7.941224575042724609e+00	2.088041231036186218e-02	4.664813354611396790e-02	1.294910628348588943e-02	1.000000000000000000e+00	5.464821588248014450e-04	8.388386666774749756e-02	6.218757014721632004e-03	8.339726924896240234e-02	2.272920906543731689e-01	2.943443367257714272e-03	4.541026800870895386e-02	5.842664837837219238e-02
7.987664222717285156e+00	3.905473649501800537e-02	7.049984484910964966e-02	1.159779634326696396e-02	1.000000000000000000e+00	2.514415653422474861e-03	7.822309434413909912e-02	1.387283112853765488e-02	1.541970074176788330e-01	2.277763187885284424e-01	7.171670440584421158e-03	8.299284428358078003e-02	5.887650698423385620e-02
8.034104347229003906e+00	9.427219629287719727e-02	5.708649754524230957e-02	5.952652078121900558e-03	1.000000000000000000e+00	2.679964061826467514e-03	1.621131449937820435e-01	1.437851134687662125e-02	3.748199045658111572e-01	2.222506701946258545e-01	1.381582487374544144e-02	1.500327289104461670e-01	5.544511601328849792e-02
8.080544471740722656e+00	3.702581673860549927e-02	1.030811965465545654e-01	2.018922939896583557e-02	1.000000000000000000e+00	6.549948826432228088e-03	1.656186282634735107e-01	6.761238723993301392e-02	1.366483122110366821e-01	2.907406687736511230e-01	6.943559739738702774e-03	7.489286661148071289e-01	6.262618303298950195e-02
8.126984596252441406e+00	5.288765579462051392e-02	1.850386261940002441e-01	3.003325546160340309e-03	1.000000000000000000e+00	4.020137246698141098e-03	3.491530194878578186e-02	9.260649979114532471e-02	1.331809791736304760e-03	3.127796649932861328e-01	2.498357091099023819e-03	8.804119825363159180e-01	5.828303843736648560e-02
8.173423767089843750e+00	2.467262372374534607e-02	4.183464124798774719e-02	1.084742834791541100e-03	1.000000000000000000e+00	3.073035273700952530e-03	5.152121186256408691e-02	5.054323002696037292e-02	4.670009948313236237e-03	2.108151614665985107e-01	3.211314033251255751e-04	8.500013351440429688e-01	4.777969792485237122e-02
8.219863891601562500e+00	3.017980232834815979e-02	9.233552962541580200e-02	4.273071419447660446e-03	1.000000000000000000e+00	7.361672469414770603e-04	5.636732652783393860e-02	7.109286636114120483e-02	5.124431569129228592e-03	2.099938094615936279e-01	1.191373914480209351e-02	8.198164105415344238e-01	5.286929011344909668e-02
8.266304016113281250e+00	2.780883014202117920e-02	3.604830056428909302e-02	1.490313112735748291e-01	1.000000000000000000e+00	7.277487777173519135e-03	2.323565445840358734e-02	9.303937107324600220e-02	3.649215027689933777e-02	2.278699576854705811e-01	2.171497035305947065e-04	8.213279843330383301e-01	6.166960671544075012e-02
8.312744140625000000e+00	3.689578920602798462e-02	2.437821775674819946e-02	2.818236947059631348e-01	1.000000000000000000e+00	7.635288871824741364e-03	3.079829551279544830e-02	4.908940196037292480e-02	6.980490684509277344e-02	2.107914686203002930e-01	6.248843390494585037e-03	8.242099285125732422e-01	7.344483584165573120e-02
8.359183311462402344e+00	7.565396279096603394e-02	3.101637214422225952e-02	6.668583303689956665e-02	1.000000000000000000e+00	3.481933474540710449e-02	3.680614754557609558e-02	5.086174607276916504e-02	5.560431256890296936e-02	2.254033684730529785e-01	8.109625428915023804e-02	8.176264762878417969e-01	1.157950386404991150e-01
8.405623435974121094e+00	1.000000000000000000e+00	1.150132343173027039e-02	8.716676235198974609e-01	1.859090477228164673e-01	1.959925293922424316e-01	2.719920873641967773e-01	1.052104830741882324e-01	2.080805450677871704e-01	1.234999001026153564e-01	7.581353783607482910e-01	2.496545761823654175e-01	7.056158781051635742e-01
8.452063560485839844e+00	1.000000000000000000e+00	2.349079959094524384e-02	1.297064572572708130e-01	5.709387660026550293e-01	1.167537458240985870e-02	2.354612648487091064e-01	2.852511405944824219e-02	3.012150526046752930e-01	1.788986176252365112e-01	6.708446145057678223e-02	2.827821671962738037e-01	7.029485702514648438e-02
8.498503684997558594e+00	1.000000000000000000e+00	2.819282412528991699e-01	6.723410636186599731e-02	3.055245876312255859e-01	4.258109927177429199e-01	2.385452538728713989e-01	6.484209001064300537e-02	1.510912030935287476e-01	1.053047701716423035e-01	2.755663096904754639e-01	2.744846940040588379e-01	9.695838689804077148e-01
8.544942855834960938e+00	1.000000000000000000e+00	4.949207231402397156e-02	5.231229066848754883e-01	2.938698232173919678e-01	1.271747704595327377e-02	2.337123155593872070e-01	2.392856590449810028e-02	1.264643073081970215e-01	1.983168274164199829e-01	7.290012836456298828e-01	6.397730857133865356e-02	2.111037634313106537e-02
8.591382980346679688e+00	1.000000000000000000e+00	3.577974438667297363e-02	1.720571219921112061e-01	7.048076391220092773e-01	7.989411056041717529e-02	2.365795224905014038e-01	4.542664811015129089e-02	8.010519742965698242e-01	2.032112181186676025e-01	1.227041557431221008e-01	1.272931545972824097e-01	2.130601257085800171e-01
8.637823104858398438e+00	9.799079895019531250e-01	3.610795438289642334e-01	8.625752329826354980e-01	4.222944676876068115e-01	5.214375853538513184e-01	2.581669986248016357e-01	9.960784763097763062e-02	5.134010910987854004e-01	4.539727270603179932e-01	2.517690062522888184e-01	1.549330353736877441e-01	1.000000000000000000e+00
8.684263229370117188e+00	8.478758484125137329e-02	5.090843439102172852e-01	1.000000000000000000e+00	8.107263445854187012e-01	4.393496215343475342e-01	7.556466013193130493e-02	1.718913614749908447e-01	2.488965392112731934e-01	2.650044262409210205e-01	5.873123407363891602e-01	5.198949947953224182e-02	8.853294849395751953e-01
8.730703353881835938e+00	2.728167474269866943e-01	4.059266299009323120e-02	1.000000000000000000e+00	2.901905775070190430e-01	2.054112777113914490e-02	4.333423376083374023e-01	4.204310476779937744e-02	3.012019693851470947e-01	1.140506416559219360e-01	3.048593401908874512e-01	4.995325207710266113e-01	1.114645972847938538e-02
8.777142524719238281e+00	6.184104681015014648e-01	2.353816293179988861e-02	1.000000000000000000e+00	3.816819190979003906e-01	1.459140330553054810e-01	4.472887516021728516e-01	6.146015366539359093e-04	3.197965025901794434e-01	1.205074340105056763e-01	2.022621408104896545e-02	1.303963363170623779e-01	5.253880023956298828e-01
8.823582649230957031e+00	9.635511785745620728e-02	8.206919580698013306e-02	1.000000000000000000e+00	5.108742117881774902e-01	9.072066098451614380e-02	6.634461879730224609e-02	1.624841243028640747e-02	2.461841404438018799e-01	2.005150467157363892e-01	1.417441386729478836e-02	7.941673696041107178e-02	3.355971574783325195e-01
8.870022773742675781e+00	9.104822278022766113e-01	1.373348236083984375e-01	1.000000000000000000e+00	4.438425600528717041e-01	1.433670520782470703e-01	2.603882849216461182e-01	1.208756417036056519e-01	2.345309555530548096e-01	1.885759085416793823e-01	1.683483272790908813e-01	8.329003304243087769e-02	4.010261595249176025e-01
8.916462898254394531e+00	4.778294861316680908e-01	4.897161722183227539e-01	1.000000000000000000e+00	4.548672735691070557e-01	3.402192592620849609e-01	1.323011368513107300e-01	3.909949064254760742e-01	2.359703183174133301e-01	1.294462084770202637e-01	2.796306312084197998e-01	7.879991829395294189e-02	1.650175154209136963e-01
8.962902069091796875e+00	6.700254678726196289e-01	1.486656814813613892e-01	1.670074313879013062e-01	1.000000000000000000e+00	8.182274103164672852e-01	1.687149703502655029e-01	8.229719102382659912e-02	1.049349755048751831e-01	2.497845441102981567e-01	2.428698837757110596e-01	1.964148133993148804e-01	5.220868811011314392e-02
9.009342193603515625e+00	3.561038374900817871e-01	2.710426598787307739e-02	3.827452659606933594e-02	1.000000000000000000e+00	3.745041415095329285e-02	1.130330339074134827e-01	6.256449967622756958e-02	8.125097490847110748e-03	2.388024330139160156e-01	2.385359071195125580e-02	2.907752096652984619e-01	6.409932672977447510e-02
9.055782318115234375e+00	5.705857872962951660e-01	3.495770692825317383e-02	6.083318218588829041e-02	1.000000000000000000e+00	2.692518057301640511e-03	2.809617817401885986e-01	3.879411378875374794e-03	1.571124792098999023e-02	2.502786219120025635e-01	1.405801594955846667e-04	6.164182722568511963e-02	5.587282404303550720e-02
9.102222442626953125e+00	1.611684821546077728e-02	4.137041047215461731e-02	2.276896685361862183e-01	1.000000000000000000e+00	2.866807021200656891e-02	3.252174705266952515e-02	3.132425190415233374e-04	7.463113963603973389e-02	2.321490943431854248e-01	4.522335529327392578e-02	1.837927661836147308e-02	1.665502190589904785e-01
9.148662567138671875e+00	9.719157963991165161e-02	5.284155011177062988e-01	9.302895516157150269e-02	1.000000000000000000e+00	2.293243855237960815e-01	1.870681792497634888e-01	1.216019839048385620e-01	1.243115514516830444e-01	2.258156538009643555e-01	3.273207545280456543e-01	3.379245847463607788e-02	1.549620330333709717e-01
9.195101737976074219e+00	1.167036518454551697e-01	3.048839271068572998e-01	1.738945990800857544e-01	1.000000000000000000e+00	3.310705721378326416e-02	5.382052436470985413e-02	1.895447820425033569e-01	5.731930583715438843e-02	2.367228269577026367e-01	4.542201012372970581e-02	1.454689353704452515e-02	2.215898633003234863e-01
9.241541862487792969e+00	2.943850755691528320e-01	5.117014423012733459e-02	2.334415167570114136e-02	1.000000000000000000e+00	4.209831822663545609e-03	2.495083063840866089e-01	1.169029064476490021e-02	5.387964658439159393e-03	2.338152527809143066e-01	3.753572003915905952e-03	8.265318721532821655e-02	5.824564397335052490e-02
9.287981986999511719e+00	4.139372706413269043e-01	4.972137510776519775e-02	2.330463379621505737e-01	1.000000000000000000e+00	7.604127526283264160e-01	1.314752101898193359e-01	5.334400385618209839e-02	6.321130692958831787e-02	3.223927021026611328e-01	1.803874671459197998e-01	1.837961077690124512e-01	5.510317534208297729e-02
9.334422111511230469e+00	7.240856289863586426e-01	3.649834170937538147e-02	5.285292267799377441e-01	1.000000000000000000e+00	1.951183676719665527e-01	2.966474294662475586e-01	2.900550961494445801e-01	1.422805786132812500e-01	2.574691474437713623e-01	2.382309436798095703e-01	6.693976372480392456e-02	1.234708577394485474e-01
9.380861282348632812e+00	9.952348470687866211e-01	5.149877071380615234e-02	1.308587342500686646e-01	1.000000000000000000e+00	5.970880389213562012e-01	3.465591669082641602e-01	1.937411352992057800e-02	2.288457378745079041e-02	3.487963974475860596e-01	1.922966986894607544e-01	6.047220528125762939e-02	5.783244967460632324e-02
9.427301406860351562e+00	4.503542780876159668e-01	9.990789890289306641e-01	3.406654298305511475e-01	1.000000000000000000e+00	1.513196527957916260e-01	1.377782821655273438e-01	3.036718964576721191e-01	8.184802532196044922e-02	2.279188632965087891e-01	1.012593358755111694e-01	5.025508627295494080e-02	9.684830158948898315e-02
9.473741531372070312e+00	8.371116518974304199e-01	2.959509789943695068e-01	2.072005867958068848e-01	1.000000000000000000e+00	2.363325655460357666e-01	2.246241271495819092e-01	1.834244430065155029e-01	4.627824574708938599e-02	2.314098775386810303e-01	1.059776023030281067e-01	5.096669197082519531e-01	1.676923185586929321e-01
9.520181655883789062e+00	5.157179236412048340e-01	8.819396495819091797e-01	9.396106600761413574e-01	1.000000000000000000e+00	6.704370975494384766e-01	1.358527690172195435e-01	7.847374677658081055e-01	1.770633906126022339e-01	5.388099551200866699e-01	1.491141468286514282e-01	9.992133080959320068e-02	5.417348742485046387e-01
9.566621780395507812e+00	2.670165896415710449e-01	4.635133445262908936e-01	3.998256847262382507e-02	1.000000000000000000e+00	3.943074867129325867e-02	9.667175263166427612e-02	6.690294742584228516e-01	3.312088083475828171e-03	2.600379288196563721e-01	3.484627604484558105e-02	3.031751886010169983e-02	2.829521000385284424e-01
9.613060951232910156e+00	5.826185941696166992e-01	7.110573649406433105e-01	2.030939906835556030e-01	1.000000000000000000e+00	7.001584768295288086e-02	1.668412834405899048e-01	2.400760948657989502e-01	5.141828581690788269e-02	2.332907617092132568e-01	1.258723735809326172e-01	6.006377339363098145e-01	8.659704774618148804e-02
9.659501075744628906e+00	1.899641901254653931e-01	2.613653540611267090e-01	3.512941673398017883e-02	1.000000000000000000e+00	1.621969938278198242e-01	7.030015438795089722e-02	8.486600965261459351e-02	9.414647705852985382e-03	2.384163141250610352e-01	1.182997301220893860e-01	4.531159251928329468e-02	1.565594077110290527e-01
9.705941200256347656e+00	9.402310252189636230e-01	9.341466426849365234e-01	9.992872476577758789e-01	1.000000000000000000e+00	7.124089002609252930e-01	2.591642141342163086e-01	2.941640317440032959e-01	2.149796634912490845e-01	2.957741022109985352e-01	5.966682434082031250e-01	1.084952726960182190e-01	1.034531146287918091e-01
9.752381324768066406e+00	2.659447863698005676e-02	9.362555742263793945e-01	3.382870554924011230e-02	2.812806963920593262e-01	2.992130219936370850e-01	4.139353334903717041e-02	6.116111874580383301e-01	4.002395272254943848e-02	6.484923511743545532e-02	1.563667953014373779e-01	2.065927386283874512e-01	1.000000000000000000e+00
