0.000000000000000000e+00	4.192739129066467285e-01	8.024906367063522339e-02	6.855924725532531738e-01	5.305617302656173706e-02	7.032768130302429199e-01	8.158498257398605347e-02	2.796287275850772858e-02	6.903102993965148926e-01	4.406950175762176514e-01	1.680223345756530762e-01	3.998005762696266174e-02	1.000000000000000000e+00
4.643990844488143921e-02	1.000000000000000000e+00	1.480870228260755539e-02	4.180420562624931335e-02	3.916803747415542603e-02	1.199869066476821899e-01	2.122878581285476685e-01	1.058501563966274261e-02	6.097784042358398438e-01	5.190431699156761169e-02	4.514878243207931519e-02	4.984227567911148071e-02	3.151077404618263245e-02
9.287981688976287842e-02	1.000000000000000000e+00	5.967107717879116535e-04	4.124798625707626343e-02	3.933328017592430115e-02	1.294804960489273071e-01	2.115500271320343018e-01	6.869754754006862640e-03	6.663641333580017090e-01	4.823782667517662048e-02	4.499446228146553040e-02	4.533275589346885681e-02	4.318990977481007576e-04
1.393197327852249146e-01	1.000000000000000000e+00	3.541921032592654228e-04	4.503655433654785156e-02	3.949426487088203430e-02	1.644875556230545044e-01	2.114301621913909912e-01	8.679933845996856689e-03	6.291094422340393066e-01	4.977914690971374512e-02	5.177673324942588806e-02	5.582657456398010254e-02	3.626279765740036964e-03
1.857596337795257568e-01	1.000000000000000000e+00	3.409230848774313927e-04	4.506247118115425110e-02	3.787694498896598816e-02	2.173928618431091309e-01	2.129684388637542725e-01	1.122062839567661285e-02	5.589790940284729004e-01	4.916551709175109863e-02	6.223006546497344971e-02	6.440665572881698608e-02	6.225111428648233414e-04
2.321995496749877930e-01	1.000000000000000000e+00	2.925425360444933176e-04	4.645557701587677002e-02	4.133093357086181641e-02	2.453387230634689331e-01	2.114793807268142700e-01	1.249669212847948074e-02	5.806143283843994141e-01	4.994832351803779602e-02	6.915287673473358154e-02	7.432439923286437988e-02	4.992214031517505646e-03
2.786394655704498291e-01	1.000000000000000000e+00	3.705515700858086348e-04	4.705136641860008240e-02	4.142954200506210327e-02	2.361500710248947144e-01	2.131160646677017212e-01	1.299084536731243134e-02	5.173246264457702637e-01	5.090643092989921570e-02	6.584120541810989380e-02	8.923524618148803711e-02	4.424562677741050720e-03
3.250793516635894775e-01	1.000000000000000000e+00	7.582415128126740456e-05	4.258750379085540771e-02	3.396257385611534119e-02	1.995530575513839722e-01	2.172709107398986816e-01	1.185706816613674164e-02	3.804609775543212891e-01	5.205272883176803589e-02	5.389246344566345215e-02	9.128067642450332642e-02	3.496709396131336689e-04
3.715192675590515137e-01	1.000000000000000000e+00	1.526950800325721502e-04	3.772116079926490784e-02	2.375821955502033234e-02	1.522114574909210205e-01	2.209362983703613281e-01	8.848999626934528351e-03	2.564349472522735596e-01	5.360924452543258667e-02	4.041626304388046265e-02	7.482570409774780273e-02	5.301958881318569183e-03
4.179591834545135498e-01	1.000000000000000000e+00	3.358279354870319366e-04	3.768585622310638428e-02	1.964966021478176117e-02	1.586864739656448364e-01	2.225790023803710938e-01	9.015230461955070496e-03	1.757735162973403931e-01	5.503369867801666260e-02	3.985949978232383728e-02	7.556933164596557617e-02	2.213964471593499184e-03
4.643990993499755859e-01	1.000000000000000000e+00	3.602088545449078083e-04	3.511878848075866699e-02	1.259153056889772415e-02	1.123442202806472778e-01	2.256925553083419800e-01	6.944034248590469360e-03	7.439014315605163574e-02	5.644577369093894958e-02	2.684665098786354065e-02	6.832490116357803345e-02	5.096805281937122345e-03
5.108389854431152344e-01	1.000000000000000000e+00	5.303713987814262509e-05	3.212676942348480225e-02	1.078649330884218216e-02	9.260220080614089966e-02	2.271581292152404785e-01	6.122615654021501541e-03	4.998722299933433533e-02	5.584754049777984619e-02	2.219711430370807648e-02	6.563533842563629150e-02	4.568482399918138981e-04
5.572789311408996582e-01	1.000000000000000000e+00	2.701358124613761902e-02	2.522503025829792023e-02	3.920874372124671936e-02	1.963322758674621582e-01	2.285320013761520386e-01	1.021527405828237534e-02	5.399410724639892578e-01	3.733650594949722290e-02	7.603030651807785034e-02	4.819863289594650269e-02	1.928174197673797607e-01
6.037188172340393066e-01	1.000000000000000000e+00	2.023737644776701927e-03	4.690983518958091736e-02	3.907046467065811157e-02	1.433177441358566284e-01	2.112369537353515625e-01	8.331236429512500763e-03	6.100061535835266113e-01	5.138245597481727600e-02	4.841505736112594604e-02	5.542396754026412964e-02	4.180936142802238464e-03
6.501587033271789551e-01	1.000000000000000000e+00	3.054954577237367630e-04	4.752602800726890564e-02	3.977632522583007812e-02	1.751354336738586426e-01	2.113468647003173828e-01	9.293838404119014740e-03	6.377183198928833008e-01	4.906545951962471008e-02	5.427207052707672119e-02	5.607552081346511841e-02	5.584130412898957729e-04
6.965986490249633789e-01	1.000000000000000000e+00	7.923803641460835934e-04	5.046575143933296204e-02	3.904197737574577332e-02	2.173571586608886719e-01	2.122395783662796021e-01	1.146417856216430664e-02	5.832670331001281738e-01	4.992185533046722412e-02	6.278500705957412720e-02	6.592249870300292969e-02	4.443769808858633041e-03
7.430385351181030273e-01	1.000000000000000000e+00	6.299259257502853870e-04	5.191019177436828613e-02	3.899436444044113159e-02	2.826870083808898926e-01	2.118845880031585693e-01	1.387298200279474258e-02	5.650692582130432129e-01	4.904328286647796631e-02	7.709352672100067139e-02	7.073360681533813477e-02	1.788012916222214699e-03
7.894784808158874512e-01	1.000000000000000000e+00	5.246212240308523178e-04	4.981790855526924133e-02	4.402901977300643921e-02	2.567931711673736572e-01	2.112127244472503662e-01	1.379255764186382294e-02	6.023579835891723633e-01	4.945646226406097412e-02	7.255136221647262573e-02	8.279025554656982422e-02	4.705852828919887543e-03
8.359183669090270996e-01	1.000000000000000000e+00	2.349695004522800446e-02	4.462667182087898254e-02	4.147738590836524963e-02	1.919557750225067139e-01	2.109399735927581787e-01	2.128251641988754272e-02	5.812107324600219727e-01	5.493991076946258545e-02	6.017936766147613525e-02	5.485948920249938965e-02	1.293329149484634399e-01
8.823582530021667480e-01	1.000000000000000000e+00	2.404567931080237031e-04	4.228391870856285095e-02	3.948983550071716309e-02	1.600327938795089722e-01	2.116738706827163696e-01	8.271176367998123169e-03	6.307655572891235352e-01	4.929066821932792664e-02	5.146181210875511169e-02	5.389591678977012634e-02	4.349065013229846954e-03
9.287981986999511719e-01	1.000000000000000000e+00	2.440194075461477041e-04	4.647178202867507935e-02	4.025666788220405579e-02	2.330140471458435059e-01	2.100592702627182007e-01	1.130699645727872849e-02	6.368262767791748047e-01	4.930838569998741150e-02	6.731542199850082397e-02	5.808078497648239136e-02	2.318390412256121635e-03
9.752380847930908203e-01	1.000000000000000000e+00	5.676847649738192558e-04	4.686555266380310059e-02	3.747595846652984619e-02	2.811128795146942139e-01	2.124799340963363647e-01	1.373382657766342163e-02	5.391126871109008789e-01	4.938444867730140686e-02	7.599986344575881958e-02	6.904681771993637085e-02	4.249651916325092316e-03
1.021677970886230469e+00	1.000000000000000000e+00	8.380708459299057722e-05	4.924045875668525696e-02	3.536058962345123291e-02	3.084205389022827148e-01	2.133193463087081909e-01	1.472715660929679871e-02	4.802512824535369873e-01	5.035004019737243652e-02	8.076760917901992798e-02	7.443305104970932007e-02	2.277457388117909431e-04
1.068117856979370117e+00	1.000000000000000000e+00	7.924240198917686939e-04	4.935019090771675110e-02	4.040897637605667114e-02	2.644402980804443359e-01	2.214118391275405884e-01	1.434897538274526596e-02	5.126795768737792969e-01	5.162699893116950989e-02	7.458568364381790161e-02	9.230012446641921997e-02	8.904174901545047760e-03
1.114557862281799316e+00	1.000000000000000000e+00	2.628767397254705429e-03	2.737437188625335693e-02	4.916263371706008911e-02	2.290026843547821045e-02	2.103078365325927734e-01	1.695079961791634560e-03	8.054587244987487793e-01	5.460295453667640686e-02	1.679654046893119812e-02	3.568002209067344666e-02	2.451121341437101364e-03
1.160997748374938965e+00	1.000000000000000000e+00	9.823390282690525055e-04	3.152879700064659119e-02	5.201882869005203247e-02	3.517294302582740784e-03	2.112440913915634155e-01	4.996304778615012765e-05	8.368934392929077148e-01	4.960007965564727783e-02	2.361489646136760712e-02	2.370324544608592987e-02	1.256975810974836349e-02
1.207437634468078613e+00	1.000000000000000000e+00	8.197302930057048798e-03	2.788553945720195770e-02	4.956727474927902222e-02	6.348814815282821655e-03	2.110058665275573730e-01	2.453829394653439522e-03	8.108773231506347656e-01	4.753264784812927246e-02	2.214317023754119873e-02	3.011920303106307983e-02	1.881568459793925285e-03
1.253877520561218262e+00	1.000000000000000000e+00	3.876176197081804276e-04	6.524771451950073242e-02	4.570441320538520813e-02	1.354451011866331100e-02	2.114093899726867676e-01	6.366963498294353485e-03	8.169552683830261230e-01	5.339619517326354980e-02	2.005038969218730927e-02	4.657428339123725891e-02	2.171897096559405327e-03
1.300317406654357910e+00	1.000000000000000000e+00	1.471882220357656479e-03	4.058622941374778748e-02	4.461260139942169189e-02	4.071941133588552475e-03	2.110342830419540405e-01	6.462956662289798260e-04	8.148532509803771973e-01	4.827639460563659668e-02	2.032863348722457886e-02	2.479743957519531250e-02	3.452459815889596939e-03
1.346757411956787109e+00	1.000000000000000000e+00	5.157659179531037807e-04	2.816019393503665924e-02	4.320584982633590698e-02	6.417650729417800903e-04	2.108046710491180420e-01	1.211187918670475483e-04	8.113775253295898438e-01	4.547589272260665894e-02	1.859897933900356293e-02	2.446017041802406311e-02	1.344720716588199139e-03
1.393197298049926758e+00	1.000000000000000000e+00	2.863715030252933502e-02	3.167285397648811340e-02	4.542715847492218018e-02	4.046221263706684113e-03	2.096684426069259644e-01	9.679864160716533661e-03	8.121676445007324219e-01	4.898163676261901855e-02	2.155971527099609375e-02	2.436415851116180420e-02	1.584949158132076263e-02
1.439637184143066406e+00	1.000000000000000000e+00	9.808509610593318939e-03	2.098455280065536499e-02	4.617981985211372375e-02	1.254416909068822861e-02	2.149000614881515503e-01	3.175645135343074799e-03	8.175627589225769043e-01	4.377690330147743225e-02	2.288789115846157074e-02	3.639252483844757080e-02	7.950805593281984329e-04
1.486077070236206055e+00	1.000000000000000000e+00	2.213910920545458794e-03	2.770476602017879486e-02	4.812875390052795410e-02	1.302776858210563660e-02	2.144549638032913208e-01	4.631189221981912851e-04	8.140946030616760254e-01	5.330795049667358398e-02	2.979541197419166565e-02	2.448538504540920258e-02	4.488575505092740059e-04
1.532516956329345703e+00	1.000000000000000000e+00	3.379344046115875244e-01	2.762774936854839325e-02	1.180574595928192139e-01	6.632709410041570663e-04	2.296416461467742920e-01	8.207553625106811523e-02	8.136474490165710449e-01	5.275657027959823608e-02	1.326002031564712524e-01	3.116590902209281921e-02	1.499946136027574539e-02
1.578956961631774902e+00	1.000000000000000000e+00	2.396021038293838501e-03	1.803597062826156616e-02	4.217576608061790466e-02	6.913327146321535110e-03	2.253729254007339478e-01	9.196353494189679623e-04	8.132613301277160645e-01	3.983587771654129028e-02	1.963763125240802765e-02	2.780143544077873230e-02	1.941634155809879303e-02
1.625396847724914551e+00	1.000000000000000000e+00	1.752670854330062866e-03	2.501907013356685638e-02	4.004015401005744934e-02	1.785470289178192616e-03	2.124632000923156738e-01	2.795364242047071457e-03	8.101661205291748047e-01	4.577479511499404907e-02	1.575331203639507294e-02	2.415500394999980927e-02	3.464552108198404312e-03
1.671836733818054199e+00	1.000000000000000000e+00	8.183768950402736664e-04	2.243858017027378082e-02	4.508851468563079834e-02	2.523002913221716881e-03	2.130402475595474243e-01	1.824792241677641869e-03	8.118475675582885742e-01	4.519916325807571411e-02	1.980740204453468323e-02	2.460868284106254578e-02	7.076035719364881516e-03
1.718276619911193848e+00	1.000000000000000000e+00	1.288774656131863594e-03	3.214481100440025330e-02	4.571676254272460938e-02	1.118363696150481701e-03	2.105087041854858398e-01	1.112974830903112888e-03	8.116525411605834961e-01	4.981215298175811768e-02	2.165991254150867462e-02	2.727752178907394409e-02	2.181942574679851532e-03
1.764716506004333496e+00	1.000000000000000000e+00	2.230444515589624643e-04	3.411608934402465820e-02	4.213625192642211914e-02	1.212368253618478775e-03	2.116915136575698853e-01	8.959555416367948055e-04	8.110772371292114258e-01	4.498701170086860657e-02	1.974808983504772186e-02	2.421522326767444611e-02	3.013930749148130417e-03
1.811156511306762695e+00	1.000000000000000000e+00	1.945914234966039658e-03	3.569481894373893738e-02	4.354352504014968872e-02	1.322864834219217300e-02	2.095488011837005615e-01	8.004133589565753937e-03	8.100908994674682617e-01	5.122857540845870972e-02	2.379102446138858795e-02	2.429836615920066833e-02	2.668907865881919861e-03
1.857596397399902344e+00	1.000000000000000000e+00	2.079764090012758970e-04	1.599890552461147308e-02	4.715811461210250854e-02	1.009419094771146774e-02	2.190610617399215698e-01	1.137830549851059914e-03	8.181931376457214355e-01	3.447841852903366089e-02	3.375909477472305298e-02	2.660465799272060394e-02	2.101964317262172699e-03
1.904036283493041992e+00	1.000000000000000000e+00	4.809964895248413086e-01	7.134278118610382080e-02	5.764057114720344543e-02	2.730464749038219452e-02	2.196321636438369751e-01	1.174571737647056580e-01	8.684306144714355469e-01	5.806019902229309082e-02	7.849957048892974854e-02	2.548344433307647705e-02	1.211445480585098267e-01
1.950476169586181641e+00	1.000000000000000000e+00	5.462002474814653397e-03	3.105426020920276642e-02	4.451449215412139893e-02	2.843316644430160522e-02	2.141851186752319336e-01	2.504603471606969833e-03	8.160163164138793945e-01	4.982386901974678040e-02	2.574537694454193115e-02	3.121890127658843994e-02	1.200872939079999924e-03
1.996916055679321289e+00	1.000000000000000000e+00	4.732195753604173660e-03	4.000988975167274475e-02	4.318686202168464661e-02	1.531989034265279770e-02	2.102637290954589844e-01	2.593304961919784546e-03	8.107053041458129883e-01	5.063007026910781860e-02	2.398642152547836304e-02	2.387156337499618530e-02	1.696659252047538757e-03
2.043355941772460938e+00	1.000000000000000000e+00	4.322497406974434853e-04	3.504792228341102600e-02	4.552685841917991638e-02	8.933252538554370403e-04	2.144752442836761475e-01	2.135170943802222610e-04	8.127891421318054199e-01	4.713010787963867188e-02	2.598913386464118958e-02	2.612019143998622894e-02	1.370695652440190315e-03
2.089795827865600586e+00	1.000000000000000000e+00	4.320025036577135324e-04	3.212689980864524841e-02	4.316584765911102295e-02	4.431313369423151016e-03	2.102086991071701050e-01	1.308749779127538204e-03	8.124684095382690430e-01	4.859926551580429077e-02	2.124781347811222076e-02	2.365764603018760681e-02	2.727879676967859268e-03
2.136235713958740234e+00	1.000000000000000000e+00	1.053949003107845783e-03	3.085060231387615204e-02	4.361528158187866211e-02	2.554978942498564720e-03	2.150940001010894775e-01	4.848371900152415037e-04	8.145544528961181641e-01	4.861591011285781860e-02	2.095157839357852936e-02	2.476727217435836792e-02	8.669061935506761074e-04
2.182675838470458984e+00	1.000000000000000000e+00	3.041408490389585495e-04	3.610715642571449280e-02	4.300443455576896667e-02	3.862972836941480637e-03	2.114064544439315796e-01	3.356702800374478102e-04	8.116501569747924805e-01	4.928065836429595947e-02	2.099200524389743805e-02	2.451921626925468445e-02	9.542562183924019337e-04
2.229115724563598633e+00	1.000000000000000000e+00	1.327477162703871727e-03	3.317652270197868347e-02	4.961309954524040222e-02	2.551651326939463615e-03	2.104054689407348633e-01	3.504608292132616043e-03	8.120431303977966309e-01	5.060806125402450562e-02	2.113962359726428986e-02	2.348974719643592834e-02	6.171659100800752640e-03
2.275555610656738281e+00	1.000000000000000000e+00	1.970129960682243109e-04	3.552674874663352966e-02	4.606959223747253418e-02	2.438373863697052002e-02	2.163421958684921265e-01	2.660735917743295431e-04	8.364397287368774414e-01	4.164793714880943298e-02	5.599914491176605225e-02	2.436404302716255188e-02	2.736120484769344330e-03
2.321995496749877930e+00	8.960730433464050293e-01	9.213808178901672363e-01	6.468778848648071289e-02	1.665399223566055298e-01	2.282570116221904755e-02	3.975165486335754395e-01	2.128843814134597778e-01	1.000000000000000000e+00	6.221465766429901123e-02	1.551711261272430420e-01	1.653384119272232056e-01	1.121848970651626587e-01
2.368435382843017578e+00	1.000000000000000000e+00	8.484093123115599155e-04	2.311098016798496246e-02	5.748064443469047546e-02	7.966299890540540218e-04	2.224728763103485107e-01	7.260574493557214737e-04	8.142564296722412109e-01	4.081542789936065674e-02	2.082182653248310089e-02	3.308756276965141296e-02	2.222121460363268852e-03
2.414875268936157227e+00	6.240803599357604980e-01	3.680855780839920044e-02	8.107877373695373535e-01	8.856842666864395142e-02	1.825070381164550781e-01	1.546941697597503662e-01	7.115315645933151245e-03	1.000000000000000000e+00	2.816400490701198578e-03	4.742536693811416626e-02	8.556687086820602417e-02	5.677176713943481445e-01
2.461315155029296875e+00	6.003542989492416382e-02	4.346996545791625977e-02	1.000000000000000000e+00	3.181934729218482971e-02	1.502170599997043610e-02	1.166387498378753662e-01	7.644063979387283325e-02	3.085300326347351074e-01	1.054075080901384354e-02	3.442143276333808899e-02	9.401246160268783569e-02	1.893658190965652466e-02
2.507755041122436523e+00	4.453149810433387756e-02	9.803508874028921127e-04	1.000000000000000000e+00	8.631859673187136650e-04	2.092114835977554321e-02	7.427373435348272324e-03	3.001348488032817841e-02	2.401544749736785889e-01	1.767533132806420326e-03	1.533894799649715424e-02	5.140519514679908752e-02	7.834534160792827606e-03
2.554194927215576172e+00	4.751732945442199707e-02	1.827489322749897838e-04	1.000000000000000000e+00	7.527082925662398338e-04	2.149765565991401672e-02	4.364834167063236237e-03	2.473399229347705841e-02	2.423611581325531006e-01	1.622161944396793842e-03	6.334525533020496368e-03	5.025667324662208557e-02	6.048516370356082916e-03
2.600634813308715820e+00	4.743045940995216370e-02	1.084511677618138492e-04	1.000000000000000000e+00	2.920930564869195223e-04	1.961142942309379578e-02	4.401932004839181900e-03	3.114443644881248474e-02	2.369448542594909668e-01	1.664982410147786140e-03	3.902654862031340599e-03	4.894107207655906677e-02	7.473104167729616165e-03
2.647074937820434570e+00	4.791478812694549561e-02	1.001290365820750594e-04	1.000000000000000000e+00	4.274197854101657867e-04	2.036672458052635193e-02	5.325472913682460785e-03	4.113961756229400635e-02	2.351405471563339233e-01	1.884832512587308884e-03	7.665311452001333237e-03	4.938676208257675171e-02	9.919001720845699310e-03
2.693514823913574219e+00	4.599308595061302185e-02	1.053036103257909417e-04	1.000000000000000000e+00	1.806531363399699330e-04	2.070973441004753113e-02	4.782569129019975662e-03	4.131864011287689209e-02	2.343381047248840332e-01	1.739652478136122227e-03	1.955063827335834503e-02	4.910047352313995361e-02	9.963328018784523010e-03
2.739954710006713867e+00	4.270888119935989380e-02	1.246459869435057044e-04	1.000000000000000000e+00	1.137270155595615506e-04	2.000845223665237427e-02	4.934313241392374039e-03	3.560143709182739258e-02	2.335809469223022461e-01	1.615761546418070793e-03	3.886494785547256470e-02	4.875801503658294678e-02	8.927530609071254730e-03
2.786394596099853516e+00	3.724518045783042908e-02	5.796731784357689321e-05	1.000000000000000000e+00	1.667423639446496964e-04	1.939463987946510315e-02	4.830354824662208557e-03	3.013666532933712006e-02	2.331484258174896240e-01	1.137352664954960346e-03	6.416088342666625977e-02	4.802309721708297729e-02	7.951051928102970123e-03
2.832834482192993164e+00	3.419943153858184814e-02	1.147945440607145429e-04	1.000000000000000000e+00	6.213723099790513515e-05	2.053349837660789490e-02	5.337483249604701996e-03	2.714681252837181091e-02	2.318466305732727051e-01	1.000583171844482422e-03	8.206189423799514771e-02	4.877971857786178589e-02	7.515625562518835068e-03
2.879274368286132812e+00	3.194416314363479614e-02	1.290745276492089033e-04	1.000000000000000000e+00	2.143605379387736320e-04	1.860290206968784332e-02	6.211818195879459381e-03	1.864620856940746307e-02	2.321859449148178101e-01	7.787285139784216881e-04	1.032369956374168396e-01	4.739313200116157532e-02	5.886023398488759995e-03
2.925714254379272461e+00	3.060630708932876587e-02	3.989566903328523040e-05	1.000000000000000000e+00	3.105194991803728044e-05	1.866146922111511230e-02	5.453100893646478653e-03	1.188336219638586044e-02	2.318060845136642456e-01	3.896158887073397636e-04	1.105271130800247192e-01	4.730089381337165833e-02	4.368538502603769302e-03
2.972154140472412109e+00	3.414120525121688843e-02	2.052798308432102203e-02	1.000000000000000000e+00	1.105780005455017090e-01	1.701177097856998444e-02	8.736195042729377747e-03	1.030316054821014404e-01	2.460103780031204224e-01	3.189537674188613892e-02	1.139119863510131836e-01	5.359493941068649292e-02	3.417108952999114990e-02
3.018594026565551758e+00	1.479455363005399704e-02	3.902554512023925781e-02	1.738693006336688995e-02	1.000000000000000000e+00	4.989966750144958496e-03	3.431164845824241638e-02	2.533276006579399109e-02	4.768603667616844177e-02	2.322150915861129761e-01	5.600923672318458557e-03	2.368181198835372925e-02	6.985782086849212646e-02
3.065033912658691406e+00	5.431446712464094162e-03	3.843450546264648438e-02	9.307221509516239166e-03	1.000000000000000000e+00	1.488338573835790157e-03	3.404668718576431274e-02	3.922943025827407837e-03	2.260424569249153137e-02	2.281395196914672852e-01	2.289162483066320419e-03	9.226975962519645691e-03	5.939119309186935425e-02
3.111474037170410156e+00	4.988536238670349121e-03	4.166376218199729919e-02	2.909711748361587524e-02	1.000000000000000000e+00	7.901718490757048130e-04	3.192955255508422852e-02	3.882821416482329369e-03	2.361891418695449829e-02	2.293532341718673706e-01	3.541182726621627808e-03	9.654894471168518066e-03	5.685012787580490112e-02
3.157913923263549805e+00	7.726820651441812515e-03	4.444480314850807190e-02	3.294996544718742371e-02	1.000000000000000000e+00	7.317833369597792625e-04	3.143713995814323425e-02	4.904349800199270248e-03	3.501454368233680725e-02	2.288251817226409912e-01	3.894699737429618835e-03	1.680195890367031097e-02	5.735140293836593628e-02
3.204353809356689453e+00	9.470992721617221832e-03	3.970339521765708923e-02	2.119507268071174622e-02	1.000000000000000000e+00	6.645547691732645035e-04	3.145857900381088257e-02	4.670238588005304337e-03	4.036545753479003906e-02	2.284190058708190918e-01	2.518583089113235474e-03	2.841724827885627747e-02	5.711690708994865417e-02
3.250793695449829102e+00	1.390667632222175598e-02	3.926737979054450989e-02	1.671103537082672119e-01	1.000000000000000000e+00	5.637197755277156830e-03	1.113857775926589966e-01	2.338883467018604279e-02	6.082036346197128296e-02	2.323139607906341553e-01	1.142000313848257065e-02	6.902209669351577759e-02	5.765830725431442261e-02
3.297233581542968750e+00	4.396695271134376526e-02	7.048721425235271454e-03	1.000000000000000000e+00	1.501194685697555542e-01	2.126814797520637512e-02	2.382097952067852020e-02	4.575303941965103149e-02	2.386942803859710693e-01	3.594393283128738403e-02	1.853140816092491150e-02	6.436236202716827393e-02	2.109750732779502869e-02
3.343673467636108398e+00	4.497105255722999573e-02	4.994366317987442017e-03	1.000000000000000000e+00	1.477456837892532349e-01	2.367705479264259338e-02	8.548840880393981934e-03	2.605023421347141266e-02	2.331756055355072021e-01	3.563922643661499023e-02	8.086866699159145355e-03	5.670209974050521851e-02	1.393424533307552338e-02
3.390113353729248047e+00	4.936769977211952209e-02	1.817850745283067226e-03	1.000000000000000000e+00	4.534967616200447083e-02	2.014626748859882355e-02	6.213442422449588776e-03	3.061161562800407410e-02	2.346649467945098877e-01	1.218563038855791092e-02	4.705065395683050156e-03	5.061076581478118896e-02	9.584608487784862518e-03
3.436553239822387695e+00	4.953148961067199707e-02	1.331675797700881958e-03	1.000000000000000000e+00	3.437423706054687500e-02	1.901449076831340790e-02	6.444596219807863235e-03	4.303800687193870544e-02	2.347156405448913574e-01	9.985678829252719879e-03	5.192123353481292725e-03	4.922161251306533813e-02	1.196302287280559540e-02
3.482993125915527344e+00	4.830427840352058411e-02	6.996830925345420837e-04	1.000000000000000000e+00	1.324734836816787720e-02	1.938115432858467102e-02	5.559351760894060135e-03	4.312133044004440308e-02	2.344543039798736572e-01	4.881412722170352936e-03	1.283053867518901825e-02	4.924298822879791260e-02	1.109497342258691788e-02
3.529433012008666992e+00	8.937395215034484863e-01	5.466594174504280090e-02	1.000000000000000000e+00	4.933053255081176758e-02	2.136936634778976440e-01	1.861443668603897095e-01	4.089250415563583374e-02	9.346695542335510254e-01	3.864196315407752991e-02	6.770093739032745361e-02	9.918928891420364380e-02	2.666867077350616455e-01
3.575872898101806641e+00	1.000000000000000000e+00	2.230064244940876961e-03	2.565770149230957031e-01	3.903115540742874146e-02	1.235205605626106262e-01	2.098281979560852051e-01	8.755140937864780426e-03	6.730008721351623535e-01	5.101370438933372498e-02	4.519895836710929871e-02	6.283035874366760254e-02	2.669330220669507980e-03
3.622313022613525391e+00	1.000000000000000000e+00	5.076478119008243084e-04	1.491711437702178955e-01	4.606531932950019836e-02	1.524040848016738892e-01	2.109168171882629395e-01	8.468274027109146118e-03	6.743142604827880859e-01	5.018618330359458923e-02	5.045234784483909607e-02	5.894966423511505127e-02	7.115764892660081387e-04
3.668752908706665039e+00	1.000000000000000000e+00	6.974490243010222912e-04	1.062930375337600708e-01	4.071794822812080383e-02	1.897065490484237671e-01	2.123090326786041260e-01	1.037492044270038605e-02	5.956007242202758789e-01	5.028637871146202087e-02	5.657990276813507080e-02	6.916469335556030273e-02	4.558646120131015778e-03
3.715192794799804688e+00	1.000000000000000000e+00	6.105627398937940598e-04	1.053732708096504211e-01	4.083440452814102173e-02	2.473901063203811646e-01	2.123106718063354492e-01	1.287517603486776352e-02	5.610089898109436035e-01	4.990797489881515503e-02	6.866753101348876953e-02	7.591135054826736450e-02	1.813787966966629028e-03
3.761632680892944336e+00	1.000000000000000000e+00	5.298296455293893814e-04	1.133750006556510925e-01	4.834636300802230835e-02	2.613661885261535645e-01	2.111547291278839111e-01	1.467985846102237701e-02	5.843998789787292480e-01	5.117800459265708923e-02	7.272525876760482788e-02	9.414734691381454468e-02	8.554300293326377869e-03
3.808072566986083984e+00	5.726587176322937012e-01	5.626143515110015869e-02	1.260836273431777954e-01	1.346994191408157349e-01	2.406156212091445923e-01	1.402776390314102173e-01	6.149545907974243164e-01	2.200828939676284790e-01	1.041845828294754028e-01	5.346450582146644592e-02	1.431728005409240723e-01	1.000000000000000000e+00
3.854512453079223633e+00	1.418715864419937134e-01	6.462927162647247314e-02	6.161027774214744568e-02	9.821911156177520752e-02	2.119110077619552612e-01	3.668388351798057556e-02	6.484466195106506348e-01	1.184427663683891296e-01	5.674121156334877014e-02	4.311472550034523010e-02	1.090703718364238739e-02	1.000000000000000000e+00
3.900952339172363281e+00	5.531348753720521927e-03	6.084994971752166748e-02	5.372458323836326599e-02	1.288366913795471191e-01	2.085283994674682617e-01	1.043957751244306564e-02	6.517174839973449707e-01	6.587933748960494995e-02	5.276305601000785828e-02	4.324701800942420959e-02	1.156229758635163307e-03	1.000000000000000000e+00
3.947392225265502930e+00	1.482605934143066406e-02	6.140464916825294495e-02	5.276978015899658203e-02	1.561510711908340454e-01	2.141485065221786499e-01	1.453071273863315582e-02	5.866314768791198730e-01	8.644696325063705444e-02	5.638946592807769775e-02	5.140944197773933411e-02	6.792262196540832520e-03	1.000000000000000000e+00
3.993832111358642578e+00	1.936251856386661530e-02	5.951778963208198547e-02	5.148767307400703430e-02	1.406735926866531372e-01	2.133160978555679321e-01	1.551365945488214493e-02	5.472418069839477539e-01	7.408586889505386353e-02	5.215522274374961853e-02	5.776211246848106384e-02	3.985096234828233719e-03	1.000000000000000000e+00
4.040272235870361328e+00	2.307630702853202820e-02	5.805781483650207520e-02	5.387065187096595764e-02	1.212087422609329224e-01	2.119813710451126099e-01	1.589383371174335480e-02	5.376033782958984375e-01	8.584034442901611328e-02	4.749358817934989929e-02	6.188109144568443298e-02	4.580342210829257965e-03	1.000000000000000000e+00
4.086711883544921875e+00	1.000000000000000000e+00	2.941921539604663849e-02	4.910361021757125854e-02	5.438033863902091980e-02	1.671677529811859131e-01	2.151448577642440796e-01	1.005947217345237732e-01	5.800539851188659668e-01	5.740321055054664612e-02	6.650306284427642822e-02	5.785355716943740845e-02	2.358055561780929565e-01
4.133152008056640625e+00	1.000000000000000000e+00	2.114909468218684196e-03	4.790491610765457153e-02	4.467405751347541809e-02	1.390964984893798828e-01	2.122661173343658447e-01	3.157781064510345459e-02	6.390554904937744141e-01	5.095604807138442993e-02	4.882096126675605774e-02	5.090882256627082825e-02	2.733718603849411011e-02
4.179591655731201172e+00	1.000000000000000000e+00	2.905414905399084091e-03	4.851584136486053467e-02	4.520042240619659424e-02	1.815571188926696777e-01	2.121727466583251953e-01	1.746434159576892853e-02	6.235153675079345703e-01	5.030108615756034851e-02	5.526793748140335083e-02	5.929454416036605835e-02	4.893426597118377686e-02
4.226031780242919922e+00	1.000000000000000000e+00	1.040812116116285324e-03	4.906738176941871643e-02	3.954081982374191284e-02	2.081376463174819946e-01	2.137817889451980591e-01	2.138336002826690674e-02	5.494347214698791504e-01	4.978704825043678284e-02	6.043428182601928711e-02	6.812928617000579834e-02	1.262644771486520767e-02
4.272471427917480469e+00	1.000000000000000000e+00	8.761937497183680534e-04	5.152151361107826233e-02	4.237404093146324158e-02	2.617578208446502686e-01	2.116562873125076294e-01	3.033109009265899658e-02	5.882579088211059570e-01	4.989537596702575684e-02	7.310777902603149414e-02	7.439654320478439331e-02	2.172881178557872772e-02
4.318911552429199219e+00	1.000000000000000000e+00	8.487486047670245171e-04	4.922915995121002197e-02	4.658464714884757996e-02	2.294677793979644775e-01	2.117968648672103882e-01	1.569812186062335968e-02	5.796677470207214355e-01	5.111602321267127991e-02	6.628044694662094116e-02	8.631110936403274536e-02	2.291566878557205200e-02
4.365351676940917969e+00	1.000000000000000000e+00	8.953582728281617165e-04	4.902847111225128174e-02	4.860803857445716858e-02	2.465346753597259521e-01	2.132944762706756592e-01	2.026587165892124176e-02	5.136783719062805176e-01	5.329394713044166565e-02	6.802699714899063110e-02	9.244770556688308716e-02	9.329790249466896057e-03
4.411791324615478516e+00	1.000000000000000000e+00	1.358296955004334450e-03	4.167608171701431274e-02	3.947665169835090637e-02	1.786754280328750610e-01	2.184348106384277344e-01	2.247771248221397400e-02	3.668563663959503174e-01	5.506081879138946533e-02	4.899295046925544739e-02	7.386331260204315186e-02	1.637250930070877075e-02
4.458231449127197266e+00	1.000000000000000000e+00	9.674119646660983562e-04	4.119553789496421814e-02	3.669082745909690857e-02	1.721616983413696289e-01	2.212718874216079712e-01	1.414901949465274811e-02	2.373782992362976074e-01	5.828192830085754395e-02	4.528502002358436584e-02	7.319561392068862915e-02	6.079874932765960693e-03
4.504671096801757812e+00	1.000000000000000000e+00	1.393307698890566826e-03	3.795616328716278076e-02	2.888399921357631683e-02	1.436190009117126465e-01	2.242704331874847412e-01	1.050878129899501801e-02	1.436100900173187256e-01	5.806009098887443542e-02	3.596126660704612732e-02	7.436833530664443970e-02	1.645318418741226196e-02
4.551111221313476562e+00	1.000000000000000000e+00	7.529085269197821617e-04	3.451225534081459045e-02	1.899807900190353394e-02	1.022678241133689880e-01	2.265637814998626709e-01	8.472868241369724274e-03	7.672248035669326782e-02	5.712237954139709473e-02	2.498522587120532990e-02	6.967686116695404053e-02	9.520340710878372192e-03
4.597550868988037109e+00	1.000000000000000000e+00	5.825755652040243149e-04	3.315614908933639526e-02	1.644280366599559784e-02	7.872483879327774048e-02	2.273868918418884277e-01	8.772362954914569855e-03	4.694213718175888062e-02	5.789572745561599731e-02	1.884920150041580200e-02	6.486311554908752441e-02	2.705544233322143555e-03
4.643990993499755859e+00	1.000000000000000000e+00	5.144244059920310974e-04	3.241889923810958862e-02	1.589037291705608368e-02	4.349800944328308105e-02	2.271835952997207642e-01	1.098889205604791641e-02	7.094005495309829712e-02	5.781037360429763794e-02	1.191836595535278320e-02	5.976175516843795776e-02	2.768635051324963570e-03
4.690430641174316406e+00	1.000000000000000000e+00	2.550185599830001593e-04	3.000695630908012390e-02	1.148851681500673294e-02	1.945441961288452148e-02	2.279342114925384521e-01	4.739074502140283585e-03	7.062941044569015503e-02	5.601272359490394592e-02	5.979985464364290237e-03	5.358695238828659058e-02	1.870807260274887085e-03
4.736870765686035156e+00	1.000000000000000000e+00	1.018394759739749134e-04	3.103807754814624786e-02	8.690651506185531616e-03	1.412605773657560349e-02	2.275354117155075073e-01	2.900891471654176712e-03	7.014271616935729980e-02	5.639086663722991943e-02	4.792535677552223206e-03	4.511476680636405945e-02	1.032060361467301846e-03
4.783310890197753906e+00	1.000000000000000000e+00	1.359042507829144597e-04	2.427423000335693359e-02	4.947855137288570404e-03	2.287531271576881409e-02	2.304924428462982178e-01	4.414271563291549683e-03	7.596389204263687134e-02	5.111430585384368896e-02	7.203726097941398621e-03	3.175951540470123291e-02	1.104477094486355782e-03
4.829750537872314453e+00	1.000000000000000000e+00	1.952655584318563342e-04	2.502543106675148010e-02	4.875566344708204269e-03	3.335578739643096924e-02	2.303677499294281006e-01	2.430162625387310982e-03	6.404752284288406372e-02	5.164193361997604370e-02	9.417174383997917175e-03	3.292511403560638428e-02	8.371729054488241673e-04
4.876190662384033203e+00	1.000000000000000000e+00	5.727573111653327942e-02	5.223131179809570312e-02	4.091449454426765442e-02	1.444339603185653687e-01	2.069691419601440430e-01	1.869150623679161072e-02	5.881769061088562012e-01	6.290087103843688965e-02	4.704939574003219604e-02	4.544688016176223755e-02	2.361610978841781616e-01
4.922630310058593750e+00	1.000000000000000000e+00	8.533357642590999603e-03	4.269612580537796021e-02	3.890476375818252563e-02	1.173612773418426514e-01	2.111745923757553101e-01	8.510624989867210388e-03	6.259799003601074219e-01	5.126040801405906677e-02	4.368163272738456726e-02	4.881335794925689697e-02	1.052700635045766830e-02
4.969070434570312500e+00	1.000000000000000000e+00	3.691260935738682747e-04	4.231666401028633118e-02	3.935570642352104187e-02	1.403647661209106445e-01	2.114496827125549316e-01	7.394876796752214432e-03	6.595895886421203613e-01	4.837101697921752930e-02	4.704543575644493103e-02	4.789398238062858582e-02	4.690588975790888071e-04
5.015510082244873047e+00	1.000000000000000000e+00	1.509169023483991623e-02	8.300464600324630737e-02	1.115626841783523560e-01	1.942915916442871094e-01	2.099404335021972656e-01	3.929050564765930176e-01	5.995454788208007812e-01	9.281262010335922241e-02	6.625793874263763428e-02	1.215142905712127686e-01	2.377531081438064575e-01
5.061950206756591797e+00	3.203518390655517578e-01	6.438200920820236206e-02	6.150928884744644165e-02	9.914086759090423584e-02	2.268321812152862549e-01	7.511604577302932739e-02	6.238983869552612305e-01	1.664093285799026489e-01	6.876472383737564087e-02	4.934319853782653809e-02	2.827855758368968964e-02	1.000000000000000000e+00
5.108389854431152344e+00	2.691088616847991943e-02	5.855682492256164551e-02	4.722080752253532410e-02	1.246487647294998169e-01	2.175408303737640381e-01	1.408599503338336945e-02	6.664377450942993164e-01	8.623978495597839355e-02	5.316317453980445862e-02	4.364923015236854553e-02	2.033700700849294662e-03	1.000000000000000000e+00
5.154829978942871094e+00	2.355769276618957520e-01	5.423393845558166504e-02	3.971043229103088379e-02	1.115763559937477112e-01	3.302135467529296875e-01	5.436452850699424744e-02	5.001999139785766602e-01	3.571981787681579590e-01	4.056547209620475769e-02	7.524985074996948242e-02	5.006052553653717041e-02	1.000000000000000000e+00
5.201269626617431641e+00	1.000000000000000000e+00	6.865917704999446869e-03	5.734941735863685608e-02	7.289199531078338623e-02	1.786097288131713867e-01	2.103665769100189209e-01	1.275625228881835938e-01	6.251731514930725098e-01	6.568533182144165039e-02	5.993933603167533875e-02	5.657744780182838440e-02	9.251288324594497681e-02
5.247709751129150391e+00	1.000000000000000000e+00	3.644412383437156677e-03	4.995601251721382141e-02	5.507149174809455872e-02	1.861505508422851562e-01	2.109846174716949463e-01	2.782818302512168884e-02	6.329726576805114746e-01	5.515883117914199829e-02	5.868738144636154175e-02	5.742421373724937439e-02	2.802780456840991974e-02
5.294149875640869141e+00	1.000000000000000000e+00	1.866888604126870632e-03	4.846701398491859436e-02	4.831228032708168030e-02	2.013126462697982788e-01	2.131851911544799805e-01	2.013382688164710999e-02	5.569377541542053223e-01	5.336450785398483276e-02	6.099444255232810974e-02	6.987904012203216553e-02	1.889223605394363403e-02
5.340589523315429688e+00	1.000000000000000000e+00	1.386764459311962128e-03	4.951568320393562317e-02	4.222238808870315552e-02	2.759964168071746826e-01	2.135494649410247803e-01	2.802595496177673340e-02	5.208386182785034180e-01	5.125437304377555847e-02	7.591309398412704468e-02	7.781446725130081177e-02	2.339578978717327118e-02
5.387029647827148438e+00	1.000000000000000000e+00	1.178179983980953693e-03	5.652611330151557922e-02	4.749500751495361328e-02	3.348990380764007568e-01	2.107736021280288696e-01	2.406249754130840302e-02	5.352890491485595703e-01	5.302746966481208801e-02	9.019691497087478638e-02	1.098206266760826111e-01	3.287419676780700684e-02
5.433469295501708984e+00	4.478107094764709473e-01	1.061920728534460068e-02	1.000000000000000000e+00	4.675880819559097290e-02	1.535069048404693604e-01	2.134484350681304932e-01	9.303022921085357666e-02	3.655351698398590088e-01	3.167868405580520630e-02	6.369205564260482788e-02	1.506446301937103271e-01	3.331910818815231323e-02
5.479909420013427734e+00	1.142465174198150635e-01	1.396288396790623665e-03	1.000000000000000000e+00	2.487740246579051018e-03	3.673351556062698364e-02	2.343457005918025970e-02	3.863563388586044312e-02	2.521345019340515137e-01	5.561641417443752289e-03	1.890407688915729523e-02	5.538007244467735291e-02	1.469189021736383438e-02
5.526349067687988281e+00	8.975537121295928955e-02	1.824109000153839588e-03	1.000000000000000000e+00	6.012156605720520020e-03	2.570703998208045959e-02	1.317972131073474884e-02	2.665652893483638763e-02	2.825919389724731445e-01	4.742552526295185089e-03	8.470641449093818665e-03	5.474946647882461548e-02	1.638309843838214874e-02
5.572789192199707031e+00	1.000000000000000000e+00	2.789700590074062347e-02	9.193342924118041992e-01	5.001434311270713806e-02	2.005685120820999146e-01	2.051337659358978271e-01	2.735118195414543152e-02	9.292830228805541992e-01	4.615109413862228394e-02	6.349308788776397705e-02	1.090876087546348572e-01	1.086615175008773804e-01
5.619228839874267578e+00	1.000000000000000000e+00	2.389650762779638171e-04	3.492757081985473633e-01	4.043290391564369202e-02	1.640041619539260864e-01	2.095091044902801514e-01	1.011075545102357864e-02	7.170280218124389648e-01	4.862704128026962280e-02	5.209759995341300964e-02	6.632851064205169678e-02	2.318551298230886459e-03
5.665668964385986328e+00	1.000000000000000000e+00	3.040701849386096001e-04	2.117519229650497437e-01	4.200350865721702576e-02	1.923221349716186523e-01	2.117685079574584961e-01	1.204991526901721954e-02	6.554827094078063965e-01	4.821715876460075378e-02	5.848879739642143250e-02	7.296577095985412598e-02	3.478255122900009155e-03
5.712108612060546875e+00	4.909624159336090088e-01	3.216843120753765106e-03	1.000000000000000000e+00	3.999185189604759216e-02	1.490703225135803223e-01	1.348351836204528809e-01	4.778435081243515015e-02	6.258439421653747559e-01	2.524244599044322968e-02	5.911529064178466797e-02	1.078875735402107239e-01	1.213911082595586777e-02
5.758548736572265625e+00	1.360706984996795654e-01	1.227784669026732445e-03	1.000000000000000000e+00	4.574580118060112000e-03	3.620840609073638916e-02	2.580556645989418030e-02	2.284144423902034760e-02	2.808337211608886719e-01	5.819188896566629410e-03	1.430034823715686798e-02	5.998692661523818970e-02	7.222762331366539001e-03
5.804988861083984375e+00	8.751872181892395020e-02	3.815005475189536810e-04	1.000000000000000000e+00	2.946052234619855881e-03	2.375783026218414307e-02	1.358351763337850571e-02	2.148493379354476929e-02	2.459979057312011719e-01	3.888776991516351700e-03	6.724803242832422256e-03	5.774915218353271484e-02	8.303825743496417999e-03
5.851428508758544922e+00	6.852450966835021973e-02	6.876900442875921726e-04	1.000000000000000000e+00	4.967087879776954651e-03	2.208042517304420471e-02	8.840391412377357483e-03	3.468068316578865051e-02	2.955043613910675049e-01	2.719577634707093239e-03	6.332163233309984207e-03	5.369175225496292114e-02	8.320125751197338104e-03
5.897868633270263672e+00	7.711247354745864868e-02	2.116438990924507380e-04	1.000000000000000000e+00	4.246459342539310455e-03	3.744014725089073181e-02	1.002696901559829712e-02	4.575351998209953308e-02	2.982829213142395020e-01	2.799257170408964157e-03	1.653074473142623901e-02	5.222786590456962585e-02	1.379509083926677704e-02
5.944308280944824219e+00	8.826011419296264648e-02	2.702513476833701134e-03	1.000000000000000000e+00	1.677232794463634491e-02	3.777924925088882446e-02	1.372126303613185883e-02	8.458192646503448486e-02	3.080527782440185547e-01	9.493537247180938721e-03	3.516520559787750244e-02	5.564704537391662598e-02	3.194335103034973145e-02
5.990748405456542969e+00	2.866850048303604126e-02	3.914632275700569153e-02	6.888969242572784424e-02	1.000000000000000000e+00	1.149132195860147476e-02	3.895273804664611816e-02	3.396197035908699036e-02	6.829419732093811035e-02	2.322739660739898682e-01	1.241628173738718033e-02	2.960854768753051758e-02	7.771847397089004517e-02
6.037188053131103516e+00	1.029354240745306015e-02	3.830691799521446228e-02	2.684695832431316376e-02	1.000000000000000000e+00	5.490719340741634369e-03	3.640583902597427368e-02	7.878499105572700500e-03	3.212957829236984253e-02	2.276033461093902588e-01	4.842366091907024384e-03	1.183861121535301208e-02	6.188143417239189148e-02
6.083628177642822266e+00	1.505628880113363266e-02	4.560881108045578003e-02	1.538112759590148926e-01	1.000000000000000000e+00	1.314753107726573944e-02	6.957940757274627686e-02	1.541704591363668442e-02	5.949614569544792175e-02	2.315913587808609009e-01	1.195761281996965408e-02	3.065500967204570770e-02	6.019029766321182251e-02
6.130067825317382812e+00	4.479765146970748901e-02	1.873163506388664246e-02	1.000000000000000000e+00	3.690446019172668457e-01	2.371901087462902069e-02	2.610148862004280090e-02	4.458509758114814758e-02	2.565031051635742188e-01	8.840643614530563354e-02	2.315264940261840820e-02	6.429242342710494995e-02	3.030985221266746521e-02
6.176507949829101562e+00	4.599304869771003723e-02	1.015029847621917725e-02	1.000000000000000000e+00	2.749391794204711914e-01	2.384973317384719849e-02	1.268087513744831085e-02	2.652978710830211639e-02	2.440249472856521606e-01	6.481841206550598145e-02	1.018688827753067017e-02	5.412233620882034302e-02	2.139092981815338135e-02
6.222948074340820312e+00	5.074903741478919983e-02	1.061236672103404999e-02	1.000000000000000000e+00	2.441270351409912109e-01	3.037921339273452759e-02	9.296607226133346558e-03	8.854327350854873657e-02	2.534912228584289551e-01	6.217443943023681641e-02	1.286445558071136475e-02	6.061846017837524414e-02	3.363750129938125610e-02
6.269387722015380859e+00	2.502961456775665283e-02	4.000627994537353516e-02	1.957569122314453125e-01	1.000000000000000000e+00	1.072086673229932785e-02	3.322336077690124512e-02	2.514284662902355194e-02	9.382134675979614258e-02	2.325158715248107910e-01	9.664779528975486755e-03	3.500570729374885559e-02	6.655355542898178101e-02
6.315827846527099609e+00	1.032678037881851196e-02	3.881362080574035645e-02	8.430214971303939819e-02	1.000000000000000000e+00	3.142897039651870728e-03	3.352263942360877991e-02	9.892586618661880493e-03	4.237070307135581970e-02	2.288181781768798828e-01	6.971602793782949448e-03	1.480005588382482529e-02	5.987304449081420898e-02
6.362267494201660156e+00	9.257375262677669525e-03	4.005094990134239197e-02	9.302945435047149658e-02	1.000000000000000000e+00	2.982895588502287865e-03	3.047565743327140808e-02	4.828224889934062958e-03	4.157159477472305298e-02	2.298068404197692871e-01	3.350694896653294563e-03	1.309008430689573288e-02	5.777086317539215088e-02
6.408707618713378906e+00	1.184218935668468475e-02	4.177436977624893188e-02	8.545853942632675171e-02	1.000000000000000000e+00	2.601076615974307060e-03	3.322672843933105469e-02	6.301021203398704529e-03	5.321084335446357727e-02	2.283848524093627930e-01	3.785047680139541626e-03	2.028497867286205292e-02	5.893079936504364014e-02
6.455147266387939453e+00	1.228660624474287033e-02	3.680777177214622498e-02	2.607145160436630249e-02	1.000000000000000000e+00	1.337242894805967808e-03	3.251093626022338867e-02	3.976706415414810181e-03	4.491382092237472534e-02	2.283956557512283325e-01	2.983217127621173859e-03	2.856767550110816956e-02	5.721231549978256226e-02
6.501587390899658203e+00	4.471036139875650406e-03	6.645353883504867554e-02	2.496362663805484772e-03	1.000000000000000000e+00	1.740151201374828815e-03	9.466749429702758789e-01	3.165036207064986229e-03	5.626838188618421555e-03	2.381966114044189453e-01	5.488040857017040253e-03	2.270121425390243530e-01	5.878350511193275452e-02
6.548027038574218750e+00	1.059184782207012177e-03	8.198253810405731201e-02	1.421839930117130280e-03	1.000000000000000000e+00	5.348925013095140457e-03	9.975754618644714355e-01	1.081372145563364029e-03	2.771504409611225128e-02	2.241779267787933350e-01	6.364375352859497070e-03	2.236372083425521851e-01	5.432805791497230530e-02
6.594467163085937500e+00	2.512981416657567024e-03	8.108154684305191040e-02	1.350929727777838707e-03	1.000000000000000000e+00	2.771419822238385677e-04	9.971379637718200684e-01	6.871286313980817795e-04	2.692476846277713776e-02	2.247628122568130493e-01	1.386575750075280666e-03	2.243799269199371338e-01	5.373056605458259583e-02
6.640906810760498047e+00	2.275356790050864220e-03	8.026120811700820923e-02	8.184000616893172264e-04	1.000000000000000000e+00	5.133214290253818035e-04	9.983990192413330078e-01	2.786271506920456886e-04	2.533928118646144867e-02	2.241303920745849609e-01	1.809114939533174038e-03	2.251292318105697632e-01	5.363754183053970337e-02
6.687346935272216797e+00	4.221621900796890259e-03	7.997785508632659912e-02	1.057752757333219051e-03	1.000000000000000000e+00	5.600939621217548847e-04	9.986798763275146484e-01	1.689664059085771441e-04	2.463778480887413025e-02	2.254759818315505981e-01	2.423338592052459717e-03	2.251041233539581299e-01	5.389022454619407654e-02
6.733787059783935547e+00	9.218016639351844788e-03	8.169335126876831055e-02	1.120552071370184422e-03	9.978443980216979980e-01	1.323540054727345705e-04	1.000000000000000000e+00	1.133100944571197033e-03	2.797660417854785919e-02	2.231358289718627930e-01	3.008391009643673897e-03	2.231356799602508545e-01	5.581743642687797546e-02
6.780226707458496094e+00	7.476378232240676880e-03	8.320383727550506592e-02	3.455274738371372223e-03	1.000000000000000000e+00	5.735192447900772095e-03	9.341968894004821777e-01	1.574314665049314499e-03	3.884753212332725525e-02	2.294591516256332397e-01	7.753715384751558304e-03	2.182579338550567627e-01	5.390709638595581055e-02
6.826666831970214844e+00	1.427954901009798050e-02	6.610690057277679443e-02	3.086492884904146194e-03	1.000000000000000000e+00	3.838059201370924711e-04	5.826321244239807129e-01	2.945175860077142715e-03	4.089130088686943054e-02	2.264710813760757446e-01	6.408398970961570740e-03	1.433954387903213501e-01	5.742192268371582031e-02
6.873106479644775391e+00	7.646793965250253677e-03	4.879248887300491333e-02	1.013762084767222404e-03	1.000000000000000000e+00	4.034903831779956818e-04	2.012758404016494751e-01	4.459579940885305405e-03	2.304419316351413727e-02	2.279638946056365967e-01	3.251875750720500946e-03	4.619697481393814087e-02	5.789537727832794189e-02
6.919546604156494141e+00	4.902697168290615082e-03	5.240382626652717590e-02	7.635551737621426582e-04	1.000000000000000000e+00	3.036952402908354998e-04	2.711929678916931152e-01	3.729843068867921829e-03	2.115762606263160706e-02	2.277863621711730957e-01	2.421979326754808426e-03	6.932426989078521729e-02	5.625637993216514587e-02
6.965986251831054688e+00	7.273449562489986420e-03	5.201852694153785706e-02	3.949644742533564568e-04	1.000000000000000000e+00	1.441069034626707435e-04	2.458415180444717407e-01	3.907423932105302811e-03	3.401369228959083557e-02	2.270239889621734619e-01	2.115784678608179092e-03	6.879661232233047485e-02	5.709803104400634766e-02
7.012426376342773438e+00	7.496037054806947708e-03	4.843096435070037842e-02	2.029101597145199776e-03	1.000000000000000000e+00	1.146122696809470654e-03	2.451252192258834839e-01	2.723240666091442108e-02	3.221084550023078918e-02	2.303003519773483276e-01	3.171233925968408585e-03	7.422008365392684937e-02	6.267012655735015869e-02
7.058866024017333984e+00	1.927479868754744530e-03	7.461672276258468628e-02	2.792713232338428497e-03	1.000000000000000000e+00	7.233609794639050961e-04	9.857596158981323242e-01	1.076122629456222057e-03	1.627962850034236908e-02	2.285044491291046143e-01	3.064006101340055466e-03	2.290881276130676270e-01	5.234260857105255127e-02
7.105306148529052734e+00	7.806483190506696701e-04	8.454108983278274536e-02	1.488944282755255699e-03	9.987918138504028320e-01	1.688558259047567844e-03	1.000000000000000000e+00	2.052159397862851620e-04	3.062781691551208496e-02	2.235179692506790161e-01	5.132947117090225220e-03	2.227001935243606567e-01	5.483939871191978455e-02
7.151745796203613281e+00	6.060083978809416294e-04	7.874175161123275757e-02	5.803168751299381256e-04	1.000000000000000000e+00	2.121647557942196727e-04	9.981281757354736328e-01	3.895593399647623301e-04	2.375777624547481537e-02	2.239284366369247437e-01	1.503395498730242252e-03	2.255993485450744629e-01	5.456808581948280334e-02
7.198185920715332031e+00	5.490027368068695068e-03	8.178383111953735352e-02	6.241459050215780735e-04	1.000000000000000000e+00	1.243808539584279060e-03	9.974579215049743652e-01	1.304307807004079223e-04	2.662164159119129181e-02	2.264836132526397705e-01	2.136565977707505226e-03	2.243638336658477783e-01	5.235278606414794922e-02
7.244626045227050781e+00	2.383137354627251625e-03	7.906639575958251953e-02	2.988543128594756126e-03	1.000000000000000000e+00	1.252829970326274633e-04	9.995334744453430176e-01	4.834037390537559986e-04	2.441006340086460114e-02	2.243514209985733032e-01	3.026528283953666687e-03	2.261027395725250244e-01	5.388824269175529480e-02
7.291065692901611328e+00	6.321057677268981934e-03	8.283354341983795166e-02	9.494755067862570286e-04	1.000000000000000000e+00	4.441728349775075912e-03	9.896827340126037598e-01	6.881296285428106785e-04	3.707771748304367065e-02	2.316824793815612793e-01	3.007501130923628807e-03	2.281198650598526001e-01	5.264319106936454773e-02
7.337505817413330078e+00	2.345951646566390991e-01	3.174653276801109314e-02	4.526362754404544830e-03	1.000000000000000000e+00	2.808454446494579315e-03	1.255590021610260010e-01	3.699147701263427734e-02	9.795403480529785156e-01	2.198066115379333496e-01	1.639989204704761505e-02	8.656867593526840210e-02	6.537293642759323120e-02
7.383945465087890625e+00	2.311964035034179688e-01	5.962841212749481201e-02	1.513819210231304169e-03	9.593300819396972656e-01	5.529355723410844803e-03	7.443524897098541260e-02	6.811834406107664108e-03	1.000000000000000000e+00	2.161344289779663086e-01	2.715719118714332581e-02	1.320588681846857071e-02	6.771013885736465454e-02
7.430385589599609375e+00	2.238695770502090454e-01	8.904533088207244873e-02	3.225633176043629646e-03	1.000000000000000000e+00	2.779074944555759430e-03	8.187268674373626709e-02	1.812128536403179169e-02	9.519172310829162598e-01	2.166080325841903687e-01	3.833747282624244690e-02	5.208232626318931580e-02	5.994534865021705627e-02
7.476825237274169922e+00	2.460764348506927490e-01	3.663609921932220459e-02	1.255148202180862427e-01	1.000000000000000000e+00	5.767268128693103790e-03	1.316439658403396606e-01	2.548279939219355583e-03	9.800503253936767578e-01	2.229378968477249146e-01	2.928251028060913086e-02	1.184639558196067810e-01	4.544917494058609009e-02
7.523265361785888672e+00	2.215894609689712524e-01	3.375663235783576965e-02	4.711501672863960266e-02	1.000000000000000000e+00	1.305890642106533051e-02	6.318137049674987793e-02	7.772317039780318737e-04	9.587355256080627441e-01	2.419310808181762695e-01	3.166936337947845459e-02	7.239273283630609512e-03	5.914216116070747375e-02
7.569705009460449219e+00	2.352652996778488159e-01	8.269511163234710693e-02	6.658663973212242126e-03	1.000000000000000000e+00	2.316494705155491829e-03	7.228206843137741089e-02	1.375360507518053055e-02	9.613980054855346680e-01	2.196240276098251343e-01	2.589634433388710022e-02	4.422617144882678986e-03	5.749659612774848938e-02
7.616145133972167969e+00	2.720026671886444092e-01	4.849948361515998840e-02	1.073373947292566299e-02	1.000000000000000000e+00	1.736330613493919373e-02	9.404884278774261475e-02	9.168050251901149750e-03	9.726242423057556152e-01	2.199149876832962036e-01	2.647216431796550751e-02	7.224077824503183365e-03	1.309882849454879761e-01
7.662585258483886719e+00	2.221166938543319702e-01	3.733085095882415771e-02	5.443402100354433060e-03	1.000000000000000000e+00	6.980966427363455296e-04	6.032511964440345764e-02	2.450040075927972794e-03	9.537705183029174805e-01	2.203830182552337646e-01	2.327710203826427460e-02	3.335525048896670341e-03	5.174904689192771912e-02
7.709024906158447266e+00	2.280760258436203003e-01	3.316660597920417786e-02	5.892600398510694504e-03	1.000000000000000000e+00	1.781081547960639000e-03	6.889636069536209106e-02	1.799988793209195137e-03	9.518909454345703125e-01	2.185437530279159546e-01	3.149856626987457275e-02	3.642769530415534973e-03	5.748550221323966980e-02
7.755465030670166016e+00	2.331901490688323975e-01	3.930220752954483032e-02	3.596916096284985542e-03	1.000000000000000000e+00	3.669765545055270195e-03	7.628682255744934082e-02	3.134398488327860832e-03	9.523796439170837402e-01	2.316062748432159424e-01	1.975967921316623688e-02	4.899469204246997833e-03	5.628250166773796082e-02
7.801904678344726562e+00	2.210155874490737915e-01	3.056484274566173553e-02	3.571465145796537399e-03	1.000000000000000000e+00	2.476777881383895874e-03	7.978421449661254883e-02	9.630794520489871502e-04	9.508610963821411133e-01	2.187535464763641357e-01	2.251737751066684723e-02	6.572471000254154205e-03	6.212279200553894043e-02
7.848344802856445312e+00	2.296547293663024902e-01	3.126759454607963562e-02	3.648460842669010162e-03	1.000000000000000000e+00	2.193260472267866135e-03	6.389478594064712524e-02	1.931434147991240025e-03	9.570523500442504883e-01	2.214003056287765503e-01	1.933878660202026367e-02	2.976078307256102562e-03	5.601753666996955872e-02
7.894784450531005859e+00	2.368494272232055664e-01	2.854108065366744995e-02	1.394009869545698166e-02	1.000000000000000000e+00	5.992088466882705688e-03	9.791990369558334351e-02	6.088447407819330692e-04	9.517644047737121582e-01	2.180836349725723267e-01	2.734856866300106049e-02	9.511061944067478180e-03	6.103229522705078125e-02
7.941224575042724609e+00	2.246870100498199463e-01	2.933355979621410370e-02	8.673840202391147614e-03	1.000000000000000000e+00	1.959867775440216064e-03	9.146537631750106812e-02	2.457271330058574677e-04	9.489500522613525391e-01	2.183919101953506470e-01	2.559770829975605011e-02	8.522482588887214661e-03	5.852919444441795349e-02
7.987664222717285156e+00	2.225475907325744629e-01	2.911596931517124176e-02	1.255713496357202530e-02	1.000000000000000000e+00	1.630801009014248848e-03	9.146111458539962769e-02	1.886756508611142635e-04	9.515237808227539062e-01	2.186465710401535034e-01	2.195788547396659851e-02	9.801284410059452057e-03	5.899800732731819153e-02
8.034104347229003906e+00	2.237897217273712158e-01	3.215002641081809998e-02	1.409155316650867462e-02	1.000000000000000000e+00	1.339934649877250195e-03	9.526077657938003540e-02	2.426797058433294296e-03	9.498281478881835938e-01	2.184916734695434570e-01	2.600656822323799133e-02	1.258504204452037811e-02	5.625271424651145935e-02
8.080544471740722656e+00	2.202706038951873779e-01	2.929817698895931244e-02	5.372476764023303986e-03	1.000000000000000000e+00	1.050809281878173351e-03	7.173481583595275879e-02	4.309926647692918777e-03	9.476888775825500488e-01	2.174986451864242554e-01	2.844994515180587769e-02	6.964922882616519928e-03	5.741080641746520996e-02
8.126984596252441406e+00	3.848318159580230713e-01	4.331509768962860107e-01	1.821382492780685425e-01	2.497925311326980591e-01	1.660555303096771240e-01	8.684612810611724854e-02	1.358771771192550659e-01	4.406709969043731689e-02	5.445744395256042480e-01	7.556934654712677002e-02	1.000000000000000000e+00	9.379570372402667999e-03
8.173423767089843750e+00	5.669508129358291626e-02	7.113483548164367676e-02	5.625467300415039062e-01	4.490986466407775879e-01	7.378027588129043579e-02	1.459379494190216064e-02	7.727177441120147705e-02	1.177243366837501526e-01	3.416200578212738037e-01	2.198869287967681885e-01	1.000000000000000000e+00	1.486510783433914185e-02
8.219863891601562500e+00	1.123612001538276672e-01	6.570042371749877930e-01	5.380262061953544617e-02	1.000000000000000000e+00	5.082167387008666992e-01	4.502943530678749084e-02	4.078767001628875732e-01	2.184961885213851929e-01	2.055333405733108521e-01	2.625705599784851074e-01	8.143168091773986816e-01	1.732687503099441528e-01
8.266304016113281250e+00	2.147915959358215332e-01	2.280107438564300537e-01	2.629384994506835938e-01	3.340420722961425781e-01	4.533292353153228760e-01	7.009998708963394165e-02	4.878320395946502686e-01	9.115595370531082153e-02	1.000000000000000000e+00	7.989703863859176636e-02	8.961029052734375000e-01	1.081863120198249817e-01
8.312744140625000000e+00	9.309738278388977051e-01	2.501587271690368652e-01	2.102641314268112183e-01	3.192078694701194763e-02	3.116701245307922363e-01	1.939076483249664307e-01	2.320805788040161133e-01	3.486920297145843506e-01	1.000000000000000000e+00	5.194272100925445557e-02	1.773255318403244019e-01	1.032141596078872681e-01
8.359183311462402344e+00	1.564525961875915527e-01	3.668110668659210205e-01	4.694850742816925049e-01	2.408110648393630981e-01	1.000000000000000000e+00	6.688665598630905151e-02	7.704976946115493774e-02	2.791587412357330322e-01	9.880517125129699707e-01	4.819653034210205078e-01	1.173571422696113586e-01	2.901288866996765137e-01
8.405623435974121094e+00	2.676122784614562988e-01	1.876350492238998413e-01	9.990952163934707642e-02	7.334119677543640137e-01	7.270871996879577637e-01	3.013429939746856689e-01	3.095518425107002258e-02	1.000000000000000000e+00	6.612737774848937988e-01	3.475037813186645508e-01	1.245521456003189087e-01	9.122122079133987427e-02
8.452063560485839844e+00	2.539384961128234863e-01	1.455803960561752319e-01	6.069217342883348465e-03	2.269018590450286865e-01	2.058703154325485229e-01	1.919634491205215454e-01	1.209456026554107666e-01	1.000000000000000000e+00	1.008726060390472412e-01	6.463298201560974121e-02	4.428005591034889221e-02	3.371364176273345947e-01
8.498503684997558594e+00	2.274919599294662476e-01	2.117715030908584595e-01	3.056244552135467529e-01	9.642129540443420410e-01	3.182944282889366150e-02	6.240615993738174438e-02	4.206202924251556396e-02	1.000000000000000000e+00	2.363677918910980225e-01	6.415895372629165649e-02	8.115749806165695190e-02	1.029839441180229187e-01
8.544942855834960938e+00	1.950632780790328979e-01	4.120891988277435303e-01	9.114800095558166504e-01	2.767250537872314453e-01	6.435967981815338135e-02	1.000000000000000000e+00	7.883267849683761597e-02	9.372532367706298828e-01	6.992228329181671143e-02	1.118494719266891479e-01	2.765245735645294189e-01	2.171769440174102783e-01
8.591382980346679688e+00	1.014925539493560791e-01	3.620036840438842773e-01	1.331886053085327148e-01	4.133515059947967529e-02	4.407614096999168396e-02	1.000000000000000000e+00	9.767547994852066040e-02	1.436936706304550171e-01	8.894187398254871368e-03	6.327797770500183105e-01	2.001771479845046997e-01	1.659510135650634766e-01
8.637823104858398438e+00	8.470419049263000488e-02	7.891627401113510132e-02	1.413503438234329224e-01	9.843173027038574219e-01	3.325324356555938721e-01	1.000000000000000000e+00	3.037022054195404053e-02	1.253938674926757812e-01	2.317451983690261841e-01	9.371719509363174438e-02	3.104866445064544678e-01	2.263251245021820068e-01
8.684263229370117188e+00	1.507334504276514053e-02	9.259195625782012939e-02	1.174171338789165020e-03	1.000000000000000000e+00	4.108902066946029663e-03	9.368338584899902344e-01	2.024704357609152794e-03	7.784360647201538086e-02	2.723762691020965576e-01	4.621838219463825226e-03	2.170990556478500366e-01	5.066281929612159729e-02
8.730703353881835938e+00	3.478652983903884888e-02	7.519673556089401245e-02	1.414267229847609997e-03	1.000000000000000000e+00	2.604384673759341240e-03	6.951386332511901855e-01	3.238461678847670555e-03	1.574993729591369629e-01	2.592857182025909424e-01	7.684466894716024399e-03	1.618472784757614136e-01	5.776187404990196228e-02
8.777142524719238281e+00	4.133771732449531555e-02	1.170134320855140686e-01	3.584493184462189674e-03	1.000000000000000000e+00	1.284271292388439178e-02	5.405320525169372559e-01	1.119863428175449371e-02	1.862604916095733643e-01	4.116217195987701416e-01	6.854909006506204605e-03	1.543379426002502441e-01	5.680611729621887207e-02
8.823582649230957031e+00	6.349137425422668457e-02	4.822521656751632690e-02	1.000000000000000000e+00	5.252203941345214844e-01	2.657726034522056580e-02	1.485976278781890869e-01	5.989731103181838989e-02	3.190813660621643066e-01	2.003034353256225586e-01	3.197009116411209106e-02	1.369305998086929321e-01	4.177273809909820557e-02
8.870022773742675781e+00	4.890371859073638916e-02	1.689384132623672485e-02	1.000000000000000000e+00	2.578301131725311279e-01	2.499327436089515686e-02	4.108767211437225342e-02	2.601568773388862610e-02	2.606025636196136475e-01	8.502379059791564941e-02	1.117264665663242340e-02	6.519166380167007446e-02	1.989459805190563202e-02
8.916462898254394531e+00	8.299475163221359253e-02	2.243142388761043549e-02	1.000000000000000000e+00	2.301797568798065186e-01	3.827208653092384338e-02	5.429356172680854797e-02	3.016944415867328644e-02	3.011602163314819336e-01	7.398495823144912720e-02	1.180551480501890182e-02	1.085893660783767700e-01	4.782224074006080627e-02
8.962902069091796875e+00	1.000000000000000000e+00	1.942129805684089661e-02	7.088550329208374023e-01	1.896581202745437622e-01	1.400666385889053345e-01	2.935143411159515381e-01	1.434048824012279510e-02	7.502596974372863770e-01	8.261317759752273560e-02	4.766622185707092285e-02	1.050210669636726379e-01	5.742528662085533142e-02
9.009342193603515625e+00	1.000000000000000000e+00	2.718747593462467194e-03	3.231676220893859863e-01	5.043575540184974670e-02	1.416211724281311035e-01	2.337718307971954346e-01	8.724407292902469635e-03	7.146052122116088867e-01	5.183113366365432739e-02	4.720355570316314697e-02	7.023065537214279175e-02	1.280353520996868610e-03
9.055782318115234375e+00	1.000000000000000000e+00	4.627333488315343857e-03	1.663143485784530640e-01	9.299287945032119751e-02	1.770945787429809570e-01	2.513216435909271240e-01	9.771025739610195160e-03	6.445066928863525391e-01	6.430947035551071167e-02	5.465317517518997192e-02	7.746053487062454224e-02	7.232760079205036163e-03
9.102222442626953125e+00	1.000000000000000000e+00	5.712649319320917130e-03	1.314803808927536011e-01	8.642315864562988281e-02	2.241564393043518066e-01	2.729762196540832520e-01	1.223318837583065033e-02	5.640311837196350098e-01	6.251535564661026001e-02	6.313411891460418701e-02	9.323436021804809570e-02	3.675390034914016724e-03
9.148662567138671875e+00	1.000000000000000000e+00	2.639283193275332451e-03	1.178803220391273499e-01	6.383155286312103271e-02	2.525093257427215576e-01	2.369283288717269897e-01	1.401242986321449280e-02	5.981764197349548340e-01	5.524791404604911804e-02	7.113351672887802124e-02	9.300681203603744507e-02	6.298736669123172760e-03
9.195101737976074219e+00	1.000000000000000000e+00	2.777768764644861221e-03	8.388987183570861816e-02	6.984478980302810669e-02	2.302217334508895874e-01	2.452630251646041870e-01	1.358420774340629578e-02	5.589422583580017090e-01	5.730970948934555054e-02	6.558080017566680908e-02	1.030352190136909485e-01	6.592890247702598572e-03
9.241541862487792969e+00	1.000000000000000000e+00	4.559591412544250488e-03	7.850506156682968140e-02	6.328751891851425171e-02	2.320738434791564941e-01	2.541906237602233887e-01	1.436001062393188477e-02	4.631506502628326416e-01	6.453768908977508545e-02	6.365747749805450439e-02	1.150561869144439697e-01	1.714325277134776115e-03
9.287981986999511719e+00	1.000000000000000000e+00	5.462625995278358459e-03	7.092188298702239990e-02	4.686065018177032471e-02	1.728378832340240479e-01	2.334369719028472900e-01	1.082676835358142853e-02	3.114635944366455078e-01	7.470887899398803711e-02	4.628745466470718384e-02	8.813686668872833252e-02	5.840038415044546127e-03
9.334422111511230469e+00	1.000000000000000000e+00	3.214157652109861374e-03	7.348948717117309570e-02	2.521457336843013763e-02	1.772010177373886108e-01	2.314735054969787598e-01	1.083658076822757721e-02	2.204920649528503418e-01	6.504863500595092773e-02	4.500237107276916504e-02	8.998503535985946655e-02	1.875609043054282665e-03
9.380861282348632812e+00	1.000000000000000000e+00	7.982821203768253326e-03	6.320704519748687744e-02	3.372055292129516602e-02	1.386650204658508301e-01	2.718819975852966309e-01	9.675092995166778564e-03	1.055398210883140564e-01	8.107470721006393433e-02	3.328049555420875549e-02	9.112332016229629517e-02	5.394634790718555450e-03
9.427301406860351562e+00	1.000000000000000000e+00	4.975818097591400146e-03	5.538785085082054138e-02	3.747506812214851379e-02	1.120927855372428894e-01	2.474353164434432983e-01	9.128028526902198792e-03	6.383766233921051025e-02	7.349692285060882568e-02	2.651646174490451813e-02	8.573833107948303223e-02	2.007488161325454712e-03
9.473741531372070312e+00	1.000000000000000000e+00	3.484819084405899048e-03	5.879342555999755859e-02	3.054613806307315826e-02	8.559107035398483276e-02	2.759834527969360352e-01	6.726721767336130142e-03	6.967693567276000977e-02	6.290093809366226196e-02	2.057348005473613739e-02	8.129561692476272583e-02	1.381878857500851154e-03
9.520181655883789062e+00	1.000000000000000000e+00	4.092754796147346497e-03	5.567119270563125610e-02	1.879926770925521851e-02	4.740082472562789917e-02	2.600128948688507080e-01	5.185453686863183975e-03	1.013892740011215210e-01	6.443829834461212158e-02	1.265245862305164337e-02	7.448525726795196533e-02	5.057814996689558029e-04
9.566621780395507812e+00	1.000000000000000000e+00	1.252217800356447697e-03	5.648668110370635986e-02	1.160537078976631165e-02	2.066260389983654022e-02	2.344993054866790771e-01	3.022450022399425507e-03	9.171045571565628052e-02	5.881832540035247803e-02	6.408595480024814606e-03	5.837880447506904602e-02	2.554529637563973665e-04
9.613060951232910156e+00	1.000000000000000000e+00	5.129079800099134445e-04	6.515808403491973877e-02	8.363195694983005524e-03	1.673904992640018463e-02	2.308891266584396362e-01	1.903039403259754181e-03	9.230094403028488159e-02	5.597286671400070190e-02	5.621531512588262558e-03	4.731667041778564453e-02	1.456121681258082390e-04
9.659501075744628906e+00	1.000000000000000000e+00	1.053452608175575733e-03	4.263017326593399048e-02	6.215646397322416306e-03	3.092203103005886078e-02	2.330996245145797729e-01	1.716396189294755459e-03	8.727575093507766724e-02	5.382590740919113159e-02	9.386906400322914124e-03	3.502625226974487305e-02	2.428271109238266945e-04
9.705941200256347656e+00	1.000000000000000000e+00	1.964786555618047714e-03	3.228730708360671997e-02	9.358391165733337402e-03	3.515914827585220337e-02	2.374744117259979248e-01	2.036309801042079926e-03	6.689290702342987061e-02	5.525003373622894287e-02	1.011734269559383392e-02	3.649966046214103699e-02	1.649301731958985329e-03
9.752381324768066406e+00	1.000000000000000000e+00	9.464409085921943188e-04	2.730463817715644836e-02	3.029534593224525452e-02	2.750473283231258392e-02	2.334915846586227417e-01	2.611590549349784851e-03	4.728994145989418030e-02	5.873655527830123901e-02	1.187931653112173080e-02	4.470842331647872925e-02	3.735450562089681625e-03
