0.000000000000000000e+00	1.000000000000000000e+00	7.701499015092849731e-02	1.870574429631233215e-02	6.350154876708984375e-01	1.378038376569747925e-01	2.711407244205474854e-01	2.931413426995277405e-02	6.345441937446594238e-02	2.193268686532974243e-01	3.641070798039436340e-02	5.709030851721763611e-02	2.055198699235916138e-01
4.643990844488143921e-02	1.000000000000000000e+00	4.938255529850721359e-03	1.986295357346534729e-02	2.369790896773338318e-02	4.735891148447990417e-02	2.362454533576965332e-01	2.834798069670796394e-03	2.081528306007385254e-02	5.956317111849784851e-02	1.387723255902528763e-02	4.174089431762695312e-02	2.087581902742385864e-03
9.287981688976287842e-02	1.000000000000000000e+00	4.108831344638019800e-04	2.258173748850822449e-02	4.855340346693992615e-03	2.350770868360996246e-02	2.329920530319213867e-01	1.422992907464504242e-03	8.313676342368125916e-03	5.186277627944946289e-02	5.740195512771606445e-03	4.266704618930816650e-02	2.981080324389040470e-04
1.393197327852249146e-01	1.000000000000000000e+00	1.530559093225747347e-04	2.027604170143604279e-02	4.728368017822504044e-03	2.699507400393486023e-02	2.338919937610626221e-01	1.572237233631312847e-03	4.762815777212381363e-03	4.957950860261917114e-02	6.536602508276700974e-03	4.688847064971923828e-02	1.585633144713938236e-04
1.857596337795257568e-01	1.000000000000000000e+00	1.750647788867354393e-04	1.980849355459213257e-02	5.015356466174125671e-03	3.746927902102470398e-02	2.340718209743499756e-01	1.821097219362854958e-03	4.588404670357704163e-03	4.922096431255340576e-02	8.836675435304641724e-03	4.747737571597099304e-02	1.211711205542087555e-04
2.321995496749877930e-01	1.000000000000000000e+00	7.668420585105195642e-05	2.000330388545989990e-02	4.823486786335706711e-03	3.940467163920402527e-02	2.338684499263763428e-01	1.750867813825607300e-03	1.304715592414140701e-02	4.888901114463806152e-02	9.515416808426380157e-03	4.690039530396461487e-02	6.887208292027935386e-05
2.786394655704498291e-01	1.000000000000000000e+00	1.536581548862159252e-04	2.078427001833915710e-02	4.672849085181951523e-03	4.046323150396347046e-02	2.331565320491790771e-01	1.651758328080177307e-03	2.370327897369861603e-02	4.948880523443222046e-02	9.884453378617763519e-03	4.440018534660339355e-02	8.651177631691098213e-05
3.250793516635894775e-01	1.000000000000000000e+00	1.847783278208225965e-04	1.980015635490417480e-02	4.732101224362850189e-03	2.999423630535602570e-02	2.328956425189971924e-01	1.209263573400676250e-03	4.920303076505661011e-02	4.854012280702590942e-02	7.709610275924205780e-03	3.979175537824630737e-02	5.457970473798923194e-05
3.715192675590515137e-01	1.000000000000000000e+00	5.113278893986716866e-05	1.964399777352809906e-02	4.691932350397109985e-03	2.942489646375179291e-02	2.323893606662750244e-01	9.849851485341787338e-04	6.916531175374984741e-02	4.815682023763656616e-02	7.848707027733325958e-03	3.554097190499305725e-02	4.749721119878813624e-05
4.179591834545135498e-01	1.000000000000000000e+00	9.985080396290868521e-05	1.965706981718540192e-02	6.031763274222612381e-03	2.224317938089370728e-02	2.318606376647949219e-01	6.999440374784171581e-04	8.841778337955474854e-02	4.830404371023178101e-02	6.544324103742837906e-03	3.311257809400558472e-02	1.046402612701058388e-04
4.643990993499755859e-01	1.000000000000000000e+00	4.832887861994095147e-05	1.886674016714096069e-02	5.618048831820487976e-03	1.557812560349702835e-02	2.316910624504089355e-01	4.704434541054069996e-04	1.075899079442024231e-01	4.743561893701553345e-02	5.258224904537200928e-03	3.116071969270706177e-02	4.666309905587695539e-05
5.108389854431152344e-01	1.000000000000000000e+00	7.197701052064076066e-05	1.851411536335945129e-02	5.123191047459840775e-03	9.908467531204223633e-03	2.320297509431838989e-01	3.161519707646220922e-04	1.018754765391349792e-01	4.732916504144668579e-02	3.802448976784944534e-03	3.049596399068832397e-02	3.966916119679808617e-05
5.572789311408996582e-01	1.000000000000000000e+00	1.008826584438793361e-04	1.787246018648147583e-02	5.038028582930564880e-03	7.357967551797628403e-03	2.325598299503326416e-01	2.882641565520316362e-04	9.222883731126785278e-02	4.709791019558906555e-02	3.099979599937796593e-03	3.114573657512664795e-02	3.746134825632907450e-05
6.037188172340393066e-01	1.000000000000000000e+00	4.380528480396606028e-05	1.812548376619815826e-02	5.708206444978713989e-03	6.139550823718309402e-03	2.320737242698669434e-01	3.773867210838943720e-04	1.042757406830787659e-01	4.716350510716438293e-02	2.961601829156279564e-03	3.301419690251350403e-02	4.028765397379174829e-05
6.501587033271789551e-01	1.000000000000000000e+00	8.305462688440456986e-05	1.816866174340248108e-02	7.116564549505710602e-03	8.725878782570362091e-03	2.317375242710113525e-01	5.586375482380390167e-04	1.153037101030349731e-01	4.725706949830055237e-02	3.749148454517126083e-03	3.572764247655868530e-02	4.481633732211776078e-05
6.965986490249633789e-01	1.000000000000000000e+00	1.048981575877405703e-04	1.763059943914413452e-02	8.739355020225048065e-03	1.337852701544761658e-02	2.314689308404922485e-01	8.717263117432594299e-04	1.342710852622985840e-01	4.655833914875984192e-02	5.133021622896194458e-03	3.999060019850730896e-02	1.185108339996077120e-05
7.430385351181030273e-01	1.000000000000000000e+00	1.433243014616891742e-04	1.754512637853622437e-02	1.080633513629436493e-02	1.387598924338817596e-02	2.309659719467163086e-01	1.122036250308156013e-03	1.551939845085144043e-01	4.650099575519561768e-02	5.506224930286407471e-03	4.374286159873008728e-02	3.441362423473037779e-05
7.894784808158874512e-01	1.000000000000000000e+00	4.056074249092489481e-04	1.867556571960449219e-02	9.459529072046279907e-03	1.029061898589134216e-02	2.306692898273468018e-01	1.076866174116730690e-03	1.523738354444503784e-01	4.736647009849548340e-02	5.563087295740842819e-03	3.698570653796195984e-02	4.812797124031931162e-04
8.359183669090270996e-01	1.000000000000000000e+00	9.979644091799855232e-04	1.976603269577026367e-02	1.289838738739490509e-02	2.487914264202117920e-02	2.308038473129272461e-01	2.344392705708742142e-03	1.419897675514221191e-01	4.866536706686019897e-02	9.920317679643630981e-03	4.339688643813133240e-02	1.437445171177387238e-03
8.823582530021667480e-01	1.000000000000000000e+00	4.271440673619508743e-03	2.175003662705421448e-02	2.295080199837684631e-02	3.992520645260810852e-02	2.542489767074584961e-01	4.163844045251607895e-03	3.222355991601943970e-02	5.548822134733200073e-02	1.503880973905324936e-02	5.233533307909965515e-02	3.190301591530442238e-03
9.287981986999511719e-01	7.810101509094238281e-01	2.188206166028976440e-01	2.630098909139633179e-02	7.895381003618240356e-02	4.312889650464057922e-02	1.000000000000000000e+00	4.469754919409751892e-02	4.939424246549606323e-02	6.721246242523193359e-02	2.712821774184703827e-02	2.216844260692596436e-01	2.128416858613491058e-02
9.752380847930908203e-01	7.865349650382995605e-01	4.883521795272827148e-02	1.042701229453086853e-01	2.531870640814304352e-02	1.189049556851387024e-01	1.000000000000000000e+00	8.874217979609966278e-03	4.476442188024520874e-02	3.542497381567955017e-02	2.475675493478775024e-01	2.169791609048843384e-01	3.918625786900520325e-02
1.021677970886230469e+00	8.026927113533020020e-01	5.316070467233657837e-02	5.418727174401283264e-02	2.863115258514881134e-02	1.754161342978477478e-02	1.000000000000000000e+00	3.057066351175308228e-03	3.035129606723785400e-02	8.004726469516754150e-02	4.340836778283119202e-03	2.295242547988891602e-01	1.619151607155799866e-02
1.068117856979370117e+00	8.128147721290588379e-01	8.927204459905624390e-02	8.348721265792846680e-02	4.096341878175735474e-02	1.835995167493820190e-02	1.000000000000000000e+00	7.166633848100900650e-03	3.458124026656150818e-02	2.105886638164520264e-01	3.720735665410757065e-03	2.271054387092590332e-01	1.617655041627585888e-03
1.114557862281799316e+00	7.973856329917907715e-01	9.677824378013610840e-02	3.950095549225807190e-02	3.011867217719554901e-02	6.105229724198579788e-03	1.000000000000000000e+00	1.256868056952953339e-02	2.730686031281948090e-02	3.749661520123481750e-02	2.171375602483749390e-02	2.279514670372009277e-01	2.556435996666550636e-03
1.160997748374938965e+00	8.051792383193969727e-01	4.824129864573478699e-02	1.500230189412832260e-02	2.694657631218433380e-02	2.414124086499214172e-02	1.000000000000000000e+00	2.073033945634961128e-03	3.962415829300880432e-02	4.252625629305839539e-02	1.687896065413951874e-02	2.140013277530670166e-01	3.450341289862990379e-03
1.207437634468078613e+00	7.887682318687438965e-01	4.756809398531913757e-02	2.551608532667160034e-02	3.007248230278491974e-02	4.681931436061859131e-02	1.000000000000000000e+00	1.714504207484424114e-03	2.782050520181655884e-02	4.581694677472114563e-02	4.196614772081375122e-02	2.160719186067581177e-01	1.879369467496871948e-01
1.253877520561218262e+00	8.121085762977600098e-01	5.820002034306526184e-02	6.431285291910171509e-02	2.412644028663635254e-02	2.285626344382762909e-02	1.000000000000000000e+00	2.970024012029170990e-03	3.235533460974693298e-02	7.620345801115036011e-02	6.697888486087322235e-03	2.151122987270355225e-01	8.611599355936050415e-02
1.300317406654357910e+00	8.004884719848632812e-01	4.313125088810920715e-02	5.166650563478469849e-02	4.556148126721382141e-02	4.539046436548233032e-02	1.000000000000000000e+00	2.019186038523912430e-03	2.882146276533603668e-02	3.982996195554733276e-02	1.003431715071201324e-02	2.215295881032943726e-01	1.326048281043767929e-03
1.346757411956787109e+00	8.247054815292358398e-01	8.055043220520019531e-02	5.351261422038078308e-02	1.179668456315994263e-01	1.379366964101791382e-01	1.000000000000000000e+00	2.865985222160816193e-02	6.991381198167800903e-02	9.558318555355072021e-02	2.439889870584011078e-02	4.088737666606903076e-01	3.427911996841430664e-01
1.393197298049926758e+00	8.805350065231323242e-01	2.066090106964111328e-01	7.044886052608489990e-02	1.000000000000000000e+00	7.126888632774353027e-02	3.786903619766235352e-01	1.021187603473663330e-01	3.345623984932899475e-02	2.762838602066040039e-01	2.413055449724197388e-01	6.355822086334228516e-02	3.760710954666137695e-01
1.439637184143066406e+00	1.316072642803192139e-01	3.778818994760513306e-02	1.554933935403823853e-01	1.000000000000000000e+00	4.805839434266090393e-02	7.607523351907730103e-02	8.391814481001347303e-05	4.973426759243011475e-01	2.132968902587890625e-01	1.894372701644897461e-01	1.377303246408700943e-02	2.489779889583587646e-01
1.486077070236206055e+00	2.785428427159786224e-02	1.000000000000000000e+00	2.428525499999523163e-02	9.827263355255126953e-01	1.181232370436191559e-02	4.040003567934036255e-02	2.994665205478668213e-01	6.282012443989515305e-03	2.391593754291534424e-01	5.388228967785835266e-02	3.049931116402149200e-02	1.282316297292709351e-01
1.532516956329345703e+00	1.394595801830291748e-01	3.103388100862503052e-02	8.800435662269592285e-01	1.000000000000000000e+00	8.814715594053268433e-02	4.228803515434265137e-02	3.629284799098968506e-01	1.811701804399490356e-01	2.568752467632293701e-01	1.794556388631463051e-03	6.615020036697387695e-01	1.716566532850265503e-01
1.578956961631774902e+00	9.163646399974822998e-02	3.536702319979667664e-02	8.827545046806335449e-01	1.000000000000000000e+00	4.172972217202186584e-02	4.386761412024497986e-02	5.562569480389356613e-03	2.375374585390090942e-01	2.612874209880828857e-01	2.687552198767662048e-02	7.332725822925567627e-02	5.368664115667343140e-02
1.625396847724914551e+00	2.498399466276168823e-01	1.566597074270248413e-01	2.074977904558181763e-01	1.000000000000000000e+00	4.139051772654056549e-03	1.277460455894470215e-01	3.198158368468284607e-02	5.483667925000190735e-02	2.506865561008453369e-01	8.517655134201049805e-01	1.370770204812288284e-02	6.844250112771987915e-02
1.671836733818054199e+00	1.050329878926277161e-01	8.001489639282226562e-01	1.499028950929641724e-01	1.000000000000000000e+00	2.689408138394355774e-02	7.475028932094573975e-02	2.124749422073364258e-01	2.366713583469390869e-01	2.263754308223724365e-01	5.467850565910339355e-01	1.550394203513860703e-02	8.014307171106338501e-02
1.718276619911193848e+00	1.271333992481231689e-01	3.072898462414741516e-02	9.930909276008605957e-01	1.000000000000000000e+00	1.521410346031188965e-01	7.786979526281356812e-02	4.251304548233747482e-03	2.317188233137130737e-01	2.289361357688903809e-01	4.896343871951103210e-02	9.268040955066680908e-02	6.991248577833175659e-02
1.764716506004333496e+00	1.194438934326171875e-01	3.053516335785388947e-02	9.977483749389648438e-01	1.000000000000000000e+00	4.140151664614677429e-02	5.921944230794906616e-02	2.270977199077606201e-02	2.210604995489120483e-01	2.363102883100509644e-01	1.621158123016357422e-01	8.271364867687225342e-02	6.127126142382621765e-02
1.811156511306762695e+00	2.424323186278343201e-02	9.788058400154113770e-01	3.911970928311347961e-02	1.000000000000000000e+00	1.499782949686050415e-01	8.229753375053405762e-02	2.106104046106338501e-01	1.058581322431564331e-01	2.660665214061737061e-01	9.111190587282180786e-02	2.474159374833106995e-02	6.558493971824645996e-01
1.857596397399902344e+00	2.047059535980224609e-01	4.635531604290008545e-01	6.796187758445739746e-01	8.676089346408843994e-02	5.302616357803344727e-01	1.000000000000000000e+00	1.148010790348052979e-01	2.987498939037322998e-01	3.230498731136322021e-01	2.009991854429244995e-01	3.126148283481597900e-01	3.347938135266304016e-02
1.904036283493041992e+00	1.031474247574806213e-01	1.966609656810760498e-01	5.834905803203582764e-02	8.294045925140380859e-02	3.812977671623229980e-02	1.000000000000000000e+00	3.841267153620719910e-02	2.395590394735336304e-02	2.060480788350105286e-02	2.659379243850708008e-01	2.364786267280578613e-01	1.696247011423110962e-01
1.950476169586181641e+00	1.252749264240264893e-01	6.180194020271301270e-01	4.598086774349212646e-01	7.223442196846008301e-02	2.598412632942199707e-01	1.000000000000000000e+00	1.218678951263427734e-01	2.092501223087310791e-01	5.230398774147033691e-01	4.019874334335327148e-02	4.009051024913787842e-01	9.486822485923767090e-01
1.996916055679321289e+00	6.508032679557800293e-01	2.314097434282302856e-01	1.789120137691497803e-01	1.259470731019973755e-01	6.817384809255599976e-02	1.000000000000000000e+00	3.265840560197830200e-02	9.156495332717895508e-02	8.518478870391845703e-01	3.041991032660007477e-03	3.141734898090362549e-01	2.948546316474676132e-04
2.043355941772460938e+00	1.880527287721633911e-02	5.701207742094993591e-02	2.068492472171783447e-01	3.788127750158309937e-02	2.500623762607574463e-01	1.000000000000000000e+00	1.905456185340881348e-01	1.113794520497322083e-01	1.056192815303802490e-02	2.388654500246047974e-01	2.279109805822372437e-01	9.661992788314819336e-01
2.089795827865600586e+00	4.520384594798088074e-02	6.849462538957595825e-02	2.093949355185031891e-02	8.233764022588729858e-02	5.868238210678100586e-01	1.000000000000000000e+00	1.840553991496562958e-02	9.854616969823837280e-02	2.713719755411148071e-02	1.585485935211181641e-01	4.134215116500854492e-01	9.924943447113037109e-01
2.136235713958740234e+00	2.980205602943897247e-02	1.346461176872253418e-01	8.851895481348037720e-02	6.897214055061340332e-02	2.560617029666900635e-01	1.000000000000000000e+00	2.399424277245998383e-02	8.918701857328414917e-02	2.668223157525062561e-02	4.037275910377502441e-01	2.295977026224136353e-01	9.571877717971801758e-01
2.182675838470458984e+00	2.418731153011322021e-02	2.370733916759490967e-01	7.502889633178710938e-01	1.693326383829116821e-01	1.866456419229507446e-01	1.000000000000000000e+00	3.311146423220634460e-02	2.239506393671035767e-01	3.096928447484970093e-02	1.280861198902130127e-01	2.730001211166381836e-01	6.850879788398742676e-01
2.229115724563598633e+00	1.745873130857944489e-02	6.536365747451782227e-01	1.253843307495117188e-01	1.260157823562622070e-01	1.402448415756225586e-01	1.000000000000000000e+00	4.776713252067565918e-01	8.537929505109786987e-02	2.365332096815109253e-02	6.891991943120956421e-02	5.361748933792114258e-01	6.014954447746276855e-01
2.275555610656738281e+00	2.377407252788543701e-01	1.967579722404479980e-01	8.516537547111511230e-01	1.301965862512588501e-01	2.844967544078826904e-01	9.803596138954162598e-01	4.164131358265876770e-02	1.000000000000000000e+00	6.611277461051940918e-01	8.540077209472656250e-01	6.169183254241943359e-01	4.109834730625152588e-01
2.321995496749877930e+00	2.505566179752349854e-01	4.476241022348403931e-02	1.587434411048889160e-01	6.172328069806098938e-02	1.947960704565048218e-01	4.669360071420669556e-02	6.080013513565063477e-01	1.000000000000000000e+00	4.566780850291252136e-02	7.797475904226303101e-02	1.146497111767530441e-02	9.197291731834411621e-01
2.368435382843017578e+00	2.525427043437957764e-01	8.641676902770996094e-01	1.976153850555419922e-01	2.131962776184082031e-01	4.844369888305664062e-01	4.323589429259300232e-02	2.171048820018768311e-01	1.000000000000000000e+00	6.668587327003479004e-01	1.239799708127975464e-01	6.920857429504394531e-01	2.676079049706459045e-02
2.414875268936157227e+00	2.479860633611679077e-01	1.913026422262191772e-01	5.758020877838134766e-01	2.504583001136779785e-01	6.985199451446533203e-02	4.454325884580612183e-02	2.687951326370239258e-01	1.000000000000000000e+00	3.083186224102973938e-02	7.459731400012969971e-02	8.968710899353027344e-01	4.883028194308280945e-02
2.461315155029296875e+00	2.142595201730728149e-01	1.475534141063690186e-01	8.115653395652770996e-01	5.118937790393829346e-02	8.594740927219390869e-02	4.515914991497993469e-02	1.976712346076965332e-01	1.000000000000000000e+00	4.661811292171478271e-01	3.733892738819122314e-02	5.107671394944190979e-02	6.667549163103103638e-02
2.507755041122436523e+00	2.361168563365936279e-01	5.854366421699523926e-01	2.357267588376998901e-02	6.055191159248352051e-02	2.223043516278266907e-02	5.161971226334571838e-02	1.700133830308914185e-01	1.000000000000000000e+00	6.235879263840615749e-04	1.024306342005729675e-01	4.998048767447471619e-03	1.159552484750747681e-01
2.554194927215576172e+00	3.156145513057708740e-01	9.487364292144775391e-01	7.542491704225540161e-02	1.103406101465225220e-01	2.024238705635070801e-01	9.906152635812759399e-02	2.269192337989807129e-01	1.000000000000000000e+00	2.264847233891487122e-02	1.521954536437988281e-01	4.232755675911903381e-02	3.649819493293762207e-01
2.600634813308715820e+00	2.897683680057525635e-01	9.400970935821533203e-01	2.153880149126052856e-01	1.372035890817642212e-01	2.704859524965286255e-02	2.647485136985778809e-01	2.737570106983184814e-01	1.000000000000000000e+00	8.539687842130661011e-02	8.473584800958633423e-02	2.134290188550949097e-01	8.959665149450302124e-02
2.647074937820434570e+00	1.000000000000000000e+00	1.124480888247489929e-01	2.545297145843505859e-01	2.875335514545440674e-01	6.846508383750915527e-02	5.851082205772399902e-01	9.169706106185913086e-01	9.861739277839660645e-01	7.538106292486190796e-02	2.463192641735076904e-01	9.515421986579895020e-01	3.297491073608398438e-01
2.693514823913574219e+00	2.368903011083602905e-01	2.486853748559951782e-01	7.035627961158752441e-01	1.919682025909423828e-01	1.372668892145156860e-01	3.179842531681060791e-01	5.689181387424468994e-02	1.000000000000000000e+00	3.765433654189109802e-02	3.524214625358581543e-01	1.161527484655380249e-01	5.230353474617004395e-01
2.739954710006713867e+00	2.313220649957656860e-01	7.222069501876831055e-01	3.252429142594337463e-02	2.081023752689361572e-01	3.093326687812805176e-01	8.889876306056976318e-02	1.594927459955215454e-01	1.000000000000000000e+00	2.711175754666328430e-02	1.800870895385742188e-01	1.975451596081256866e-02	6.470212340354919434e-01
2.786394596099853516e+00	3.434017896652221680e-01	7.829176783561706543e-01	4.678914323449134827e-02	1.109886690974235535e-01	1.306222230195999146e-01	1.036702245473861694e-01	1.927105784416198730e-01	1.000000000000000000e+00	7.008901983499526978e-02	2.307332009077072144e-01	2.330197207629680634e-02	1.587424427270889282e-01
2.832834482192993164e+00	1.000000000000000000e+00	8.177460432052612305e-01	2.553619742393493652e-01	5.665152147412300110e-02	2.010007947683334351e-01	2.953465878963470459e-01	2.202609628438949585e-01	8.836717605590820312e-01	6.149384379386901855e-02	3.115726113319396973e-01	5.672396346926689148e-02	1.663710027933120728e-01
2.879274368286132812e+00	3.519055545330047607e-01	5.683892965316772461e-01	4.775775969028472900e-02	9.472867846488952637e-02	3.079043235629796982e-03	9.271993488073348999e-02	1.740867495536804199e-01	1.000000000000000000e+00	1.561499293893575668e-02	4.745411500334739685e-02	1.481155958026647568e-02	3.151036426424980164e-02
2.925714254379272461e+00	7.954511046409606934e-01	1.521035134792327881e-01	1.197115033864974976e-01	1.166574209928512573e-01	2.132407389581203461e-02	4.405427277088165283e-01	3.007768988609313965e-01	1.000000000000000000e+00	3.720805794000625610e-02	7.846106588840484619e-02	1.642390489578247070e-01	7.133930921554565430e-02
2.972154140472412109e+00	6.833443641662597656e-01	3.877672255039215088e-01	3.728639334440231323e-02	3.003103137016296387e-01	2.579404599964618683e-02	9.437739253044128418e-01	5.205075740814208984e-01	1.000000000000000000e+00	6.976411491632461548e-02	1.822831481695175171e-02	6.786327362060546875e-01	1.253125220537185669e-01
3.018594026565551758e+00	1.000000000000000000e+00	9.669864177703857422e-02	1.245852336287498474e-01	7.172109186649322510e-02	1.052551418542861938e-01	2.574826180934906006e-01	1.949946135282516479e-01	9.494587182998657227e-01	5.576056614518165588e-02	1.235876232385635376e-01	1.466736197471618652e-01	5.515097379684448242e-01
3.065033912658691406e+00	8.265404701232910156e-01	1.707164943218231201e-01	4.807918071746826172e-01	1.578033268451690674e-01	6.309538334608078003e-02	7.050422430038452148e-01	3.790525496006011963e-01	1.000000000000000000e+00	3.102955035865306854e-02	2.496426105499267578e-01	5.610674023628234863e-01	2.724215686321258545e-01
3.111474037170410156e+00	4.841473400592803955e-01	2.440635673701763153e-02	3.007919155061244965e-02	2.759225368499755859e-01	4.381154198199510574e-03	2.155809253454208374e-01	4.938738793134689331e-02	1.000000000000000000e+00	6.988620012998580933e-02	4.799812659621238708e-02	9.712722301483154297e-01	7.072401698678731918e-03
3.157913923263549805e+00	1.000000000000000000e+00	7.475945353507995605e-02	3.989655077457427979e-01	1.309845596551895142e-01	2.672235667705535889e-02	3.064719140529632568e-01	3.648915886878967285e-01	8.774935603141784668e-01	4.903093352913856506e-02	2.009798139333724976e-01	4.110335409641265869e-01	1.009343862533569336e-01
3.204353809356689453e+00	5.930503010749816895e-01	2.946164831519126892e-02	2.236594259738922119e-01	9.873431175947189331e-02	1.591122448444366455e-01	2.172269076108932495e-01	3.321780264377593994e-01	1.000000000000000000e+00	3.610341250896453857e-02	7.458258420228958130e-02	4.315558448433876038e-02	7.225419878959655762e-01
3.250793695449829102e+00	1.000000000000000000e+00	1.931428676471114159e-03	5.715478584170341492e-02	6.588935852050781250e-02	3.391212597489356995e-02	4.414906799793243408e-01	7.423126138746738434e-03	9.560568928718566895e-01	5.272273719310760498e-02	2.322369068861007690e-02	1.273647397756576538e-01	7.098650094121694565e-03
3.297233581542968750e+00	1.000000000000000000e+00	7.002358324825763702e-03	2.471577525138854980e-01	5.764134600758552551e-02	1.872756332159042358e-02	2.553622424602508545e-01	1.865330338478088379e-02	9.604594111442565918e-01	5.110643059015274048e-02	3.687689080834388733e-02	4.186495766043663025e-02	4.066240042448043823e-02
3.343673467636108398e+00	1.000000000000000000e+00	3.248972818255424500e-03	1.051552295684814453e-01	7.415624707937240601e-02	1.233448088169097900e-02	2.850981950759887695e-01	7.332219183444976807e-02	8.213273286819458008e-01	5.221233144402503967e-02	7.558608800172805786e-02	5.741744861006736755e-02	2.366030588746070862e-02
3.390113353729248047e+00	1.000000000000000000e+00	1.177437487058341503e-03	5.060853809118270874e-02	1.087053194642066956e-01	2.950415946543216705e-03	2.309408485889434814e-01	7.447465509176254272e-02	8.982601165771484375e-01	4.964839667081832886e-02	6.450930982828140259e-02	2.674025297164916992e-01	1.690551638603210449e-02
3.436553239822387695e+00	1.000000000000000000e+00	4.741293936967849731e-02	5.912488698959350586e-02	8.012146502733230591e-02	3.942527808248996735e-03	2.313938140869140625e-01	1.863933540880680084e-02	8.694356679916381836e-01	4.024192690849304199e-02	2.650911733508110046e-02	1.654434204101562500e-01	6.155819166451692581e-03
3.482993125915527344e+00	1.000000000000000000e+00	2.452798653393983841e-03	5.319337174296379089e-02	4.202806577086448669e-02	1.867487840354442596e-02	2.248624563217163086e-01	8.829066157341003418e-02	8.144882321357727051e-01	4.608886316418647766e-02	2.195179089903831482e-02	2.804804965853691101e-02	8.574856072664260864e-02
3.529433012008666992e+00	1.000000000000000000e+00	8.750963024795055389e-04	1.133728399872779846e-01	4.084482789039611816e-02	1.163652539253234863e-02	2.246456593275070190e-01	5.764415860176086426e-02	8.240991830825805664e-01	4.028454050421714783e-02	1.878028921782970428e-02	3.603690862655639648e-02	1.962166465818881989e-02
3.575872898101806641e+00	1.000000000000000000e+00	8.945935987867414951e-04	6.540501862764358521e-02	4.191052541136741638e-02	4.855914972722530365e-03	2.230659127235412598e-01	7.985474914312362671e-02	8.135729432106018066e-01	4.357806220650672913e-02	7.059516012668609619e-02	2.746128104627132416e-02	2.526431344449520111e-02
3.622313022613525391e+00	1.000000000000000000e+00	1.821623556315898895e-02	5.748020485043525696e-02	4.313416406512260437e-02	3.206117078661918640e-02	2.182619273662567139e-01	6.424318533390760422e-03	8.150929212570190430e-01	4.727404192090034485e-02	2.645380422472953796e-02	2.933615818619728088e-02	6.839717738330364227e-03
3.668752908706665039e+00	1.000000000000000000e+00	7.866124808788299561e-02	5.704373121261596680e-02	6.949062645435333252e-02	2.687089610844850540e-03	2.270736694335937500e-01	1.870594732463359833e-02	8.116850256919860840e-01	4.812358692288398743e-02	2.079131454229354858e-02	2.922917157411575317e-02	1.058322004973888397e-02
3.715192794799804688e+00	1.000000000000000000e+00	1.541552599519491196e-02	5.151511728763580322e-02	5.575861409306526184e-02	3.248121123760938644e-03	2.168270945549011230e-01	8.404443971812725067e-03	8.542698621749877930e-01	4.158354550600051880e-02	1.991245523095130920e-02	8.057191967964172363e-02	6.603079847991466522e-03
3.761632680892944336e+00	1.000000000000000000e+00	7.210889016278088093e-04	5.254997685551643372e-02	5.273424088954925537e-02	3.571988549083471298e-03	2.208512425422668457e-01	4.455052688717842102e-02	8.115256428718566895e-01	4.687704890966415405e-02	1.784096658229827881e-02	2.723645046353340149e-02	1.772186160087585449e-02
3.808072566986083984e+00	1.000000000000000000e+00	1.425751019269227982e-03	5.550733953714370728e-02	7.705189287662506104e-02	3.534771269187331200e-03	2.177733778953552246e-01	4.803399369120597839e-02	8.117421865463256836e-01	5.423107370734214783e-02	1.841025985777378082e-02	2.591709233820438385e-02	1.919421926140785217e-02
3.854512453079223633e+00	1.000000000000000000e+00	4.926146357320249081e-04	1.147101819515228271e-01	4.126099869608879089e-02	4.112930502742528915e-03	2.173535674810409546e-01	2.041379176080226898e-02	8.282219767570495605e-01	3.931285068392753601e-02	1.877872645854949951e-02	2.994807064533233643e-02	9.791763499379158020e-03
3.900952339172363281e+00	1.000000000000000000e+00	1.307411701418459415e-03	4.541897028684616089e-02	7.295675575733184814e-02	2.622945699840784073e-03	2.174338400363922119e-01	3.018004447221755981e-02	8.113734722137451172e-01	5.059951171278953552e-02	1.770819537341594696e-02	2.576008811593055725e-02	1.336016319692134857e-02
3.947392225265502930e+00	1.000000000000000000e+00	4.378890735097229481e-04	1.129350662231445312e-01	4.098784178495407104e-02	6.044636480510234833e-03	2.164825350046157837e-01	6.076560914516448975e-02	8.278326392173767090e-01	4.056598246097564697e-02	1.764979399740695953e-02	3.021973930299282074e-02	1.852396130561828613e-02
3.993832111358642578e+00	1.000000000000000000e+00	4.275739484000951052e-04	4.345953837037086487e-02	4.102362692356109619e-02	3.060516202822327614e-03	2.169348001480102539e-01	4.115077108144760132e-02	8.120409846305847168e-01	4.188593849539756775e-02	1.827868260443210602e-02	2.569191902875900269e-02	1.517564617097377777e-02
4.040272235870361328e+00	1.000000000000000000e+00	4.421726916916668415e-04	7.619607448577880859e-02	4.109660908579826355e-02	3.050473518669605255e-03	2.157316803932189941e-01	3.671870380640029907e-02	8.196204304695129395e-01	4.176181554794311523e-02	1.919494941830635071e-02	2.680051326751708984e-02	1.358254998922348022e-02
4.086711883544921875e+00	1.000000000000000000e+00	4.343278997112065554e-04	8.010452240705490112e-02	4.117491096258163452e-02	2.599818166345357895e-03	2.161540240049362183e-01	3.205021843314170837e-02	8.206046223640441895e-01	4.243325814604759216e-02	1.793035492300987244e-02	2.677463553845882416e-02	1.131370663642883301e-02
4.133152008056640625e+00	1.000000000000000000e+00	1.077616354450583458e-03	4.074250534176826477e-02	6.614632904529571533e-02	2.572250552475452423e-03	2.172077298164367676e-01	2.207115292549133301e-02	8.113560080528259277e-01	4.684048146009445190e-02	1.940506324172019958e-02	2.574283629655838013e-02	1.178297027945518494e-02
4.179591655731201172e+00	1.000000000000000000e+00	4.276486288290470839e-04	4.219809547066688538e-02	4.113288968801498413e-02	3.318469505757093430e-03	2.165431380271911621e-01	5.481919273734092712e-02	8.114022016525268555e-01	4.148557037115097046e-02	1.786304078996181488e-02	2.587149851024150848e-02	1.688103750348091125e-02
4.226031780242919922e+00	1.000000000000000000e+00	4.255340900272130966e-04	5.529108271002769470e-02	4.714801535010337830e-02	2.749290084466338158e-03	2.166595906019210815e-01	3.584723919630050659e-02	8.150600790977478027e-01	4.285487160086631775e-02	1.781491748988628387e-02	5.261183902621269226e-02	1.291047502309083939e-02
4.272471427917480469e+00	1.000000000000000000e+00	4.331198870204389095e-04	7.580279558897018433e-02	4.115996882319450378e-02	2.954196650534868240e-03	2.153867930173873901e-01	3.801194205880165100e-02	8.192285299301147461e-01	4.275147989392280579e-02	1.820634678006172180e-02	2.630955167114734650e-02	1.336921285837888718e-02
4.318911552429199219e+00	1.000000000000000000e+00	4.503860836848616600e-04	5.424113199114799500e-02	4.115418344736099243e-02	2.942171413451433182e-03	2.169564068317413330e-01	3.690202906727790833e-02	8.145225644111633301e-01	4.182897508144378662e-02	1.795804314315319061e-02	2.575662173330783844e-02	1.365963369607925415e-02
4.365351676940917969e+00	1.000000000000000000e+00	4.552755563054233789e-04	6.687533110380172729e-02	4.114955291152000427e-02	3.097655484452843666e-03	2.165119946002960205e-01	4.343137145042419434e-02	8.171240091323852539e-01	4.219748452305793762e-02	1.788297668099403381e-02	2.606817521154880524e-02	1.454346533864736557e-02
4.411791324615478516e+00	1.000000000000000000e+00	4.690563073381781578e-04	5.432793498039245605e-02	4.118777438998222351e-02	2.835312159731984138e-03	2.172339260578155518e-01	2.979880012571811676e-02	8.145207762718200684e-01	4.105970263481140137e-02	1.840751245617866516e-02	2.597966976463794708e-02	1.199065055698156357e-02
4.458231449127197266e+00	1.000000000000000000e+00	4.747800703626126051e-04	5.899548903107643127e-02	4.139426350593566895e-02	3.116795094683766365e-03	2.165834903717041016e-01	3.572795912623405457e-02	8.148682117462158203e-01	4.250426962971687317e-02	1.851472631096839905e-02	2.586052753031253815e-02	1.386140938848257065e-02
4.504671096801757812e+00	1.000000000000000000e+00	6.037366110831499100e-04	5.524397641420364380e-02	4.170932993292808533e-02	2.585548209026455879e-03	2.171672731637954712e-01	8.374234312213957310e-05	8.120359182357788086e-01	4.177175834774971008e-02	1.875474676489830017e-02	2.682430855929851532e-02	6.312917452305555344e-03
4.551111221313476562e+00	2.554959058761596680e-01	2.854540757834911346e-02	7.395022511482238770e-01	1.063119098544120789e-01	1.407056748867034912e-01	5.602210760116577148e-01	7.856372743844985962e-02	1.000000000000000000e+00	1.519885659217834473e-02	7.582949995994567871e-01	5.731314420700073242e-01	3.970450535416603088e-02
4.597550868988037109e+00	2.588568627834320068e-01	3.853716328740119934e-02	1.203271076083183289e-01	5.721364170312881470e-02	1.973510384559631348e-01	3.772218525409698486e-02	6.301414966583251953e-01	1.000000000000000000e+00	2.230830304324626923e-02	6.681399047374725342e-02	8.942008949816226959e-03	9.281924366950988770e-01
4.643990993499755859e+00	4.097121059894561768e-01	8.970306515693664551e-01	2.181423828005790710e-02	2.443543672561645508e-01	6.871846914291381836e-01	6.958285719156265259e-02	2.719206809997558594e-01	1.000000000000000000e+00	4.762984812259674072e-01	1.718674898147583008e-01	8.218156099319458008e-01	4.534462839365005493e-02
4.690430641174316406e+00	2.295127660036087036e-01	1.171932816505432129e-01	8.241056799888610840e-01	1.814054548740386963e-01	4.835996776819229126e-02	2.802874706685543060e-02	1.801427751779556274e-01	1.000000000000000000e+00	2.122960239648818970e-02	5.563831701874732971e-02	6.450279355049133301e-01	3.454039618372917175e-02
4.736870765686035156e+00	2.134518921375274658e-01	1.180011481046676636e-01	8.275701403617858887e-01	4.485129192471504211e-02	1.002425178885459900e-01	2.617694623768329620e-02	3.745895624160766602e-01	1.000000000000000000e+00	4.368461072444915771e-01	2.522523514926433563e-02	7.348223775625228882e-02	1.028040573000907898e-01
4.783310890197753906e+00	2.881872355937957764e-01	5.669077038764953613e-01	2.038896456360816956e-02	6.247765570878982544e-02	2.667535794898867607e-03	4.598676785826683044e-02	1.561802327632904053e-01	1.000000000000000000e+00	4.103664308786392212e-03	8.902603387832641602e-02	2.458804519847035408e-03	3.206313401460647583e-02
4.829750537872314453e+00	2.754929065704345703e-01	9.210575819015502930e-01	5.643022060394287109e-02	1.091118231415748596e-01	7.266776263713836670e-02	4.421346262097358704e-02	2.236945182085037231e-01	1.000000000000000000e+00	4.695421084761619568e-03	1.104976385831832886e-01	3.497579693794250488e-02	2.496271878480911255e-01
4.876190662384033203e+00	2.377236038446426392e-01	8.592422604560852051e-01	4.719254374504089355e-01	8.152314275503158569e-02	2.831623256206512451e-01	2.127983421087265015e-01	3.413662016391754150e-01	1.000000000000000000e+00	7.632384449243545532e-02	1.284527927637100220e-01	7.645487785339355469e-02	4.333052933216094971e-01
4.922630310058593750e+00	3.277627527713775635e-01	1.161710992455482483e-01	6.941610574722290039e-01	3.596766591072082520e-01	7.425141334533691406e-02	4.539598822593688965e-01	8.536459207534790039e-01	1.000000000000000000e+00	7.883505523204803467e-02	2.580720484256744385e-01	7.664572000503540039e-01	2.105475068092346191e-01
4.969070434570312500e+00	2.687923908233642578e-01	5.260366946458816528e-02	7.075629830360412598e-01	1.423894762992858887e-01	1.855197995901107788e-01	1.931419074535369873e-01	2.566492930054664612e-02	1.000000000000000000e+00	3.439215570688247681e-02	2.215789407491683960e-01	2.701980471611022949e-01	6.541754007339477539e-01
5.015510082244873047e+00	9.130366146564483643e-02	9.645602107048034668e-01	2.949944324791431427e-02	2.206070125102996826e-01	1.002991795539855957e-01	1.000000000000000000e+00	2.154914140701293945e-01	2.389075309038162231e-01	1.492357552051544189e-01	7.877934724092483521e-02	2.498627454042434692e-01	1.579852700233459473e-01
5.061950206756591797e+00	3.520547971129417419e-02	1.636130511760711670e-01	3.754350244998931885e-01	4.331159591674804688e-02	6.657804250717163086e-01	1.000000000000000000e+00	4.058399796485900879e-02	1.085233613848686218e-01	1.052268897183239460e-03	9.470564126968383789e-01	2.566403746604919434e-01	1.309200376272201538e-01
5.108389854431152344e+00	7.139773368835449219e-01	1.997704803943634033e-01	3.848106861114501953e-01	4.488345608115196228e-02	7.722866535186767578e-02	1.000000000000000000e+00	2.307333797216415405e-01	9.766593575477600098e-02	7.133408784866333008e-01	6.873183418065309525e-03	3.193879127502441406e-01	1.472601592540740967e-01
5.154829978942871094e+00	6.505529880523681641e-01	2.621068358421325684e-01	4.105746150016784668e-01	9.853309392929077148e-02	6.107367202639579773e-02	1.000000000000000000e+00	3.106720559298992157e-02	1.200632676482200623e-01	8.369687199592590332e-01	7.845942862331867218e-03	2.863443791866302490e-01	7.020860444754362106e-03
5.201269626617431641e+00	2.212876267731189728e-02	1.745058149099349976e-01	1.625476926565170288e-01	1.628184020519256592e-01	1.703221909701824188e-02	1.000000000000000000e+00	6.212944164872169495e-02	8.397988229990005493e-02	2.349778823554515839e-02	2.241304367780685425e-01	7.921423316001892090e-01	3.062225319445133209e-02
5.247709751129150391e+00	2.211042344570159912e-01	5.670439004898071289e-01	9.803368896245956421e-02	2.752990126609802246e-01	2.604601383209228516e-01	1.000000000000000000e+00	1.849050521850585938e-01	8.459467291831970215e-01	2.251749336719512939e-01	4.742163717746734619e-01	2.543990612030029297e-01	9.627065658569335938e-01
5.294149875640869141e+00	5.128707364201545715e-02	1.179916411638259888e-01	2.858653664588928223e-02	7.391614466905593872e-02	4.937701225280761719e-01	1.000000000000000000e+00	1.574513502418994904e-02	6.194389984011650085e-02	1.329506486654281616e-01	9.495832026004791260e-02	2.442372888326644897e-01	9.746298789978027344e-01
5.340589523315429688e+00	2.109982259571552277e-02	1.205079704523086548e-01	4.339832663536071777e-01	3.575814515352249146e-02	2.153350561857223511e-01	1.000000000000000000e+00	1.402722112834453583e-02	1.658062338829040527e-01	1.573941297829151154e-02	6.366677582263946533e-02	2.589361667633056641e-01	8.679625391960144043e-01
5.387029647827148438e+00	6.139905452728271484e-01	2.773488163948059082e-01	4.304964542388916016e-01	2.426034808158874512e-01	6.766591072082519531e-01	1.000000000000000000e+00	6.878022104501724243e-02	1.431880146265029907e-01	1.895911395549774170e-01	1.594112068414688110e-01	2.512994408607482910e-01	2.284172177314758301e-01
5.433469295501708984e+00	6.590971946716308594e-01	7.037218660116195679e-02	7.503767013549804688e-01	1.400765776634216309e-01	3.634856641292572021e-01	1.000000000000000000e+00	1.733265630900859833e-02	3.532108664512634277e-01	1.042972356081008911e-01	1.775946766138076782e-01	4.961840212345123291e-01	8.328425288200378418e-01
5.479909420013427734e+00	5.446373671293258667e-02	4.836957156658172607e-01	8.282744288444519043e-01	1.975419819355010986e-01	4.046618565917015076e-02	1.000000000000000000e+00	9.401842206716537476e-02	3.268215954303741455e-01	2.451645731925964355e-01	8.784932643175125122e-02	2.787024974822998047e-01	7.692383974790573120e-02
5.526349067687988281e+00	2.552493475377559662e-03	2.380779981613159180e-01	1.884904950857162476e-01	2.353447228670120239e-01	1.139297261834144592e-01	1.000000000000000000e+00	5.608672648668289185e-02	7.246626168489456177e-02	4.765125364065170288e-02	6.170791387557983398e-01	2.395057380199432373e-01	1.337137222290039062e-01
5.572789192199707031e+00	3.064012825489044189e-01	3.064220249652862549e-01	5.582675337791442871e-01	3.522518575191497803e-01	4.289897978305816650e-01	1.000000000000000000e+00	5.547821894288063049e-02	2.550547122955322266e-01	8.522576093673706055e-01	7.452185451984405518e-02	4.545243382453918457e-01	5.843689441680908203e-01
5.619228839874267578e+00	8.163342475891113281e-01	1.914423704147338867e-01	4.441691040992736816e-01	1.300499439239501953e-01	1.154866442084312439e-01	1.000000000000000000e+00	1.815272308886051178e-02	1.392236202955245972e-01	7.185143828392028809e-01	2.132657356560230255e-02	2.750108838081359863e-01	3.220108523964881897e-02
5.665668964385986328e+00	2.018464356660842896e-02	8.456369638442993164e-01	6.816068291664123535e-01	1.497197449207305908e-01	4.922703653573989868e-02	1.000000000000000000e+00	8.023294210433959961e-01	1.788337975740432739e-01	1.204045489430427551e-01	1.795014441013336182e-01	2.752992212772369385e-01	2.298637777566909790e-01
5.712108612060546875e+00	5.520588159561157227e-02	1.391824632883071899e-01	8.716090023517608643e-02	2.372366636991500854e-01	2.252411246299743652e-01	8.231788873672485352e-01	5.263713002204895020e-01	9.846986085176467896e-02	5.797830969095230103e-02	1.784192174673080444e-01	1.000000000000000000e+00	1.964676082134246826e-01
5.758548736572265625e+00	3.649139776825904846e-02	1.038527190685272217e-01	1.981820724904537201e-02	4.987071454524993896e-02	2.074730992317199707e-01	1.000000000000000000e+00	1.335901860147714615e-02	6.890486180782318115e-02	2.334700152277946472e-02	1.213318780064582825e-01	2.387759834527969360e-01	8.640996813774108887e-01
5.804988861083984375e+00	2.643048018217086792e-02	2.761889696121215820e-01	5.967177748680114746e-01	4.360657185316085815e-02	2.085180431604385376e-01	1.000000000000000000e+00	3.964413329958915710e-02	2.078995108604431152e-01	3.548982739448547363e-01	8.584050834178924561e-02	2.549623548984527588e-01	8.260405063629150391e-01
5.851428508758544922e+00	2.393080852925777435e-02	1.341434419155120850e-01	7.778139114379882812e-01	1.902299374341964722e-01	1.342883110046386719e-01	1.000000000000000000e+00	1.778273098170757294e-02	1.897198259830474854e-01	6.352542340755462646e-02	1.844886243343353271e-01	3.364652097225189209e-01	2.486010044813156128e-01
5.897868633270263672e+00	2.649905160069465637e-02	7.240225672721862793e-01	8.541874587535858154e-03	1.675195097923278809e-01	4.147972464561462402e-01	1.000000000000000000e+00	2.271545678377151489e-01	7.507415860891342163e-02	4.798626154661178589e-02	5.584465339779853821e-02	7.803309559822082520e-01	9.467064738273620605e-01
5.944308280944824219e+00	9.972627758979797363e-01	1.968228965997695923e-01	8.316763490438461304e-02	1.000000000000000000e+00	1.180708408355712891e-01	3.861936330795288086e-01	6.436970233917236328e-01	3.467765450477600098e-02	2.919473946094512939e-01	1.479811519384384155e-01	6.917137652635574341e-02	5.778137445449829102e-01
5.990748405456542969e+00	6.899005174636840820e-02	1.305959671735763550e-01	1.888136565685272217e-02	1.000000000000000000e+00	2.636648528277873993e-02	5.718393623828887939e-02	2.200746722519397736e-02	3.289760947227478027e-01	2.148495167493820190e-01	1.040269285440444946e-01	4.294591024518013000e-02	1.949524283409118652e-01
6.037188053131103516e+00	3.187621757388114929e-02	1.000000000000000000e+00	6.110612303018569946e-02	9.880950450897216797e-01	9.029691107571125031e-03	5.112323164939880371e-02	2.421391308307647705e-01	2.681149542331695557e-02	2.463410347700119019e-01	1.438521891832351685e-01	7.288385182619094849e-03	1.055233627557754517e-01
6.083628177642822266e+00	3.401764631271362305e-01	2.839000895619392395e-02	2.826724946498870850e-01	1.000000000000000000e+00	2.001064829528331757e-02	9.036472439765930176e-02	4.450992941856384277e-01	6.337043642997741699e-02	2.615859806537628174e-01	1.774250343441963196e-02	8.248569369316101074e-01	1.686682105064392090e-01
6.130067825317382812e+00	7.473500818014144897e-02	7.528764009475708008e-02	9.232637286186218262e-01	1.000000000000000000e+00	3.618502244353294373e-02	3.892240300774574280e-02	1.129179075360298157e-02	2.242308408021926880e-01	2.808548212051391602e-01	3.617458418011665344e-02	6.219016388058662415e-02	5.317902192473411560e-02
6.176507949829101562e+00	1.738033592700958252e-01	8.196985721588134766e-02	1.646438688039779663e-01	1.000000000000000000e+00	3.644263744354248047e-02	1.472427845001220703e-01	1.576692797243595123e-02	7.488520443439483643e-02	2.733137309551239014e-01	7.748572230339050293e-01	1.970270276069641113e-02	2.099547088146209717e-01
6.222948074340820312e+00	6.548773646354675293e-01	4.575544893741607666e-01	2.213523238897323608e-01	1.000000000000000000e+00	4.461204260587692261e-02	2.293952405452728271e-01	1.214728280901908875e-01	2.385999113321304321e-01	2.907885611057281494e-01	8.193770051002502441e-01	6.315047293901443481e-02	8.007337152957916260e-02
6.269387722015380859e+00	3.263393044471740723e-02	6.541115790605545044e-02	9.943048954010009766e-01	1.000000000000000000e+00	1.366495490074157715e-01	4.311860352754592896e-02	6.705168634653091431e-02	2.290000021457672119e-01	2.562630176544189453e-01	5.737826973199844360e-02	9.200080484151840210e-02	9.121382981538772583e-02
6.315827846527099609e+00	3.043348714709281921e-02	2.947313897311687469e-02	9.996618032455444336e-01	1.000000000000000000e+00	4.455436021089553833e-02	3.854861482977867126e-02	6.744387000799179077e-02	2.270000129938125610e-01	2.315558195114135742e-01	1.145491376519203186e-01	7.559731602668762207e-02	1.066706702113151550e-01
6.362267494201660156e+00	5.276719853281974792e-02	8.756543993949890137e-01	6.899162381887435913e-02	1.000000000000000000e+00	2.778275012969970703e-01	1.922473162412643433e-01	1.747306734323501587e-01	2.398655116558074951e-01	3.366327583789825439e-01	1.317521184682846069e-01	5.541446432471275330e-02	9.606578350067138672e-01
6.408707618713378906e+00	1.911760270595550537e-01	2.258759289979934692e-01	1.383907198905944824e-01	7.592605799436569214e-02	9.314809441566467285e-01	1.000000000000000000e+00	7.317604869604110718e-02	7.609495520591735840e-02	1.887908577919006348e-02	7.236378192901611328e-01	2.952657043933868408e-01	4.603403061628341675e-02
6.455147266387939453e+00	2.147799357771873474e-02	5.338765382766723633e-01	7.694395780563354492e-01	9.451682120561599731e-02	1.570029258728027344e-01	1.000000000000000000e+00	4.639146029949188232e-01	1.981527507305145264e-01	9.659495949745178223e-01	2.182521075010299683e-01	2.679736316204071045e-01	5.448082089424133301e-01
6.501587390899658203e+00	7.153840363025665283e-02	7.955251932144165039e-01	2.501990273594856262e-02	7.148925960063934326e-02	2.867473959922790527e-01	1.000000000000000000e+00	1.693076491355895996e-01	7.841043174266815186e-02	6.242809295654296875e-01	6.570813804864883423e-02	3.932595849037170410e-01	9.628181457519531250e-01
6.548027038574218750e+00	3.565207496285438538e-02	7.312563657760620117e-01	3.305758237838745117e-01	3.117066621780395508e-01	6.794667989015579224e-02	1.000000000000000000e+00	9.879556298255920410e-01	1.711562424898147583e-01	4.005514681339263916e-01	8.576398342847824097e-02	6.216213703155517578e-01	2.355188429355621338e-01
6.594467163085937500e+00	4.584015533328056335e-02	5.710736662149429321e-02	6.073029041290283203e-01	1.596844643354415894e-01	2.658308148384094238e-01	1.000000000000000000e+00	3.835617098957300186e-04	3.112134337425231934e-01	2.646882459521293640e-02	1.312544643878936768e-01	2.666240632534027100e-01	9.848505258560180664e-01
6.640906810760498047e+00	4.461821541190147400e-02	1.294093281030654907e-01	2.929419279098510742e-02	7.881443947553634644e-02	7.961177229881286621e-01	1.000000000000000000e+00	4.527958855032920837e-02	5.278369784355163574e-02	1.617472991347312927e-02	1.995946466922760010e-01	4.043251872062683105e-01	9.986806511878967285e-01
6.687346935272216797e+00	4.037625342607498169e-02	1.279037594795227051e-01	9.060473740100860596e-02	4.045497998595237732e-02	2.270006239414215088e-01	1.000000000000000000e+00	1.208078302443027496e-02	8.428098261356353760e-02	9.314668364822864532e-03	4.212062060832977295e-01	2.290944159030914307e-01	9.172750711441040039e-01
6.733787059783935547e+00	1.871138066053390503e-02	6.936647742986679077e-02	6.156707406044006348e-01	2.628284096717834473e-01	1.361704468727111816e-01	1.000000000000000000e+00	7.046374492347240448e-03	1.760615110397338867e-01	8.153948187828063965e-02	2.383895814418792725e-01	2.891573309898376465e-01	4.808409214019775391e-01
6.780226707458496094e+00	1.054443269968032837e-01	7.020323276519775391e-01	1.762892901897430420e-01	2.148258835077285767e-01	7.103632390499114990e-02	1.000000000000000000e+00	1.619495153427124023e-01	1.704607903957366943e-01	8.047442138195037842e-02	2.617418467998504639e-01	6.585869193077087402e-01	2.938738465309143066e-01
6.826666831970214844e+00	7.613022625446319580e-02	2.952604293823242188e-01	9.720942974090576172e-01	1.000000000000000000e+00	6.923950314521789551e-01	4.928715229034423828e-01	2.172931879758834839e-01	4.440483450889587402e-02	2.379067391157150269e-01	1.237641796469688416e-01	7.390920519828796387e-01	9.786355495452880859e-02
6.873106479644775391e+00	2.339164614677429199e-01	3.773528710007667542e-02	9.707008004188537598e-01	1.000000000000000000e+00	4.719406738877296448e-02	7.524741441011428833e-02	6.861185538582503796e-04	6.396955251693725586e-01	2.463091909885406494e-01	2.077416703104972839e-02	7.091499119997024536e-02	7.766573876142501831e-02
6.919546604156494141e+00	4.152180254459381104e-02	9.918807744979858398e-01	9.517652541399002075e-02	1.000000000000000000e+00	1.206911802291870117e-01	1.711383461952209473e-01	6.886440515518188477e-01	7.985094189643859863e-02	2.267317175865173340e-01	3.377966582775115967e-01	1.416989117860794067e-01	3.177624642848968506e-01
6.965986251831054688e+00	1.137747522443532944e-02	1.000000000000000000e+00	2.819937169551849365e-01	9.933213591575622559e-01	6.851559132337570190e-02	5.797846615314483643e-02	3.206862211227416992e-01	5.607494711875915527e-02	2.473931312561035156e-01	5.551233291625976562e-01	8.714661002159118652e-03	3.028356134891510010e-01
7.012426376342773438e+00	2.004839181900024414e-01	2.789894677698612213e-02	9.344136714935302734e-01	1.000000000000000000e+00	7.057241350412368774e-02	6.628003716468811035e-02	1.744924783706665039e-01	1.952241957187652588e-01	2.445842772722244263e-01	1.570655219256877899e-02	3.860197663307189941e-01	8.135190606117248535e-02
7.058866024017333984e+00	3.810374811291694641e-02	1.304706335067749023e-01	9.506782293319702148e-01	1.000000000000000000e+00	4.650336503982543945e-02	5.861394107341766357e-02	3.500757738947868347e-02	2.215309441089630127e-01	2.253566533327102661e-01	3.604593500494956970e-02	2.523240447044372559e-01	5.567461997270584106e-02
7.105306148529052734e+00	4.243522286415100098e-01	2.358133345842361450e-01	8.500398397445678711e-01	1.000000000000000000e+00	1.142974868416786194e-01	1.783232539892196655e-01	5.310334265232086182e-02	2.480805814266204834e-01	2.418179214000701904e-01	5.294770002365112305e-01	9.582915902137756348e-02	1.107594668865203857e-01
7.151745796203613281e+00	6.023857370018959045e-02	4.754965007305145264e-02	1.980546265840530396e-01	1.000000000000000000e+00	7.581389509141445160e-03	1.235490664839744568e-01	8.969810791313648224e-03	1.535160094499588013e-01	2.438200116157531738e-01	8.596084117889404297e-01	5.692746490240097046e-02	9.372714906930923462e-02
7.198185920715332031e+00	7.243477553129196167e-02	7.467166334390640259e-02	2.156960368156433105e-01	1.000000000000000000e+00	8.066084774327464402e-06	9.784892201423645020e-02	1.021078322082757950e-02	2.225305289030075073e-01	2.307616025209426880e-01	9.137340784072875977e-01	1.755214482545852661e-02	7.121077924966812134e-02
7.244626045227050781e+00	9.939448237419128418e-01	4.813946783542633057e-02	4.423646032810211182e-01	1.000000000000000000e+00	3.269533216953277588e-01	2.870794236660003662e-01	7.886487059295177460e-03	1.686275750398635864e-01	3.235434293746948242e-01	3.902385830879211426e-01	5.723132565617561340e-02	4.277746081352233887e-01
7.291065692901611328e+00	8.772807568311691284e-02	8.198889493942260742e-01	2.918376401066780090e-02	4.801400303840637207e-01	3.664508834481239319e-02	1.000000000000000000e+00	1.755694448947906494e-01	2.323691397905349731e-01	1.535594910383224487e-01	5.800468102097511292e-02	2.462897151708602905e-01	1.059321612119674683e-01
7.337505817413330078e+00	2.336761541664600372e-02	2.401303350925445557e-01	1.988067477941513062e-01	5.696872994303703308e-02	4.985415339469909668e-01	1.000000000000000000e+00	5.128031224012374878e-02	7.163607329130172729e-02	3.923662006855010986e-03	9.477409720420837402e-01	2.475527077913284302e-01	1.546896696090698242e-01
7.383945465087890625e+00	2.328517436981201172e-01	2.259443104267120361e-01	6.582729220390319824e-01	3.001656532287597656e-01	2.182420641183853149e-01	1.000000000000000000e+00	8.318046480417251587e-02	1.884138286113739014e-01	8.006491065025329590e-01	3.893085941672325134e-02	3.720856606960296631e-01	1.594098806381225586e-01
7.430385589599609375e+00	8.159912824630737305e-01	3.292410075664520264e-01	4.060666263103485107e-02	1.188835725188255310e-01	7.513034343719482422e-02	1.000000000000000000e+00	5.459606647491455078e-02	4.058597981929779053e-02	7.489655017852783203e-01	8.760324679315090179e-03	2.678001523017883301e-01	1.222318038344383240e-02
7.476825237274169922e+00	5.841517820954322815e-03	8.054108023643493652e-01	4.714276641607284546e-02	1.329211741685867310e-01	5.323496181517839432e-03	1.000000000000000000e+00	1.763772070407867432e-01	3.061377257108688354e-02	2.552753314375877380e-02	2.084311991930007935e-01	5.480577349662780762e-01	5.265130475163459778e-02
7.523265361785888672e+00	2.453548908233642578e-01	4.632447659969329834e-01	1.490385085344314575e-01	1.857201457023620605e-01	5.067781209945678711e-01	9.917270541191101074e-01	1.047073379158973694e-01	1.000000000000000000e+00	3.795780837535858154e-01	7.268987298011779785e-01	2.445393204689025879e-01	6.531069874763488770e-01
7.569705009460449219e+00	3.823656216263771057e-02	8.378896117210388184e-02	3.531980887055397034e-02	5.435119196772575378e-02	2.608795762062072754e-01	1.000000000000000000e+00	7.227609865367412567e-03	7.627418637275695801e-02	3.316226229071617126e-02	1.792342364788055420e-01	2.307760715484619141e-01	9.858777523040771484e-01
7.616145133972167969e+00	5.190533027052879333e-02	2.039461731910705566e-01	1.380908209830522537e-02	4.465056210756301880e-02	2.141263633966445923e-01	1.000000000000000000e+00	2.580116316676139832e-02	5.625456199049949646e-02	4.102704823017120361e-01	6.942872703075408936e-02	2.287938892841339111e-01	8.926104307174682617e-01
7.662585258483886719e+00	4.357294440269470215e-01	9.808091074228286743e-02	7.113600373268127441e-01	1.543845534324645996e-01	5.973280593752861023e-02	1.000000000000000000e+00	1.161955669522285461e-02	2.024219185113906860e-01	9.977927058935165405e-02	1.404058095067739487e-02	3.638134896755218506e-01	6.988988816738128662e-02
7.709024906158447266e+00	4.522966444492340088e-01	5.246493816375732422e-01	8.957051038742065430e-01	6.847792863845825195e-02	1.084088683128356934e-01	1.000000000000000000e+00	1.239457875490188599e-01	2.574287950992584229e-01	2.233003824949264526e-02	2.808479405939579010e-02	3.436344563961029053e-01	2.792640626430511475e-01
7.755465030670166016e+00	8.622890114784240723e-01	2.176737785339355469e-01	8.203870058059692383e-02	1.000000000000000000e+00	7.264471799135208130e-02	3.904525637626647949e-01	1.092470586299896240e-01	8.258724957704544067e-02	2.758429646492004395e-01	2.835579216480255127e-01	7.978187501430511475e-02	3.850182890892028809e-01
7.801904678344726562e+00	1.768171489238739014e-01	3.798525780439376831e-02	3.199359178543090820e-01	1.000000000000000000e+00	5.062238126993179321e-02	8.731330186128616333e-02	1.009851475828327239e-04	6.276855468750000000e-01	2.129442542791366577e-01	1.921128183603286743e-01	2.063034102320671082e-02	2.614436745643615723e-01
7.848344802856445312e+00	4.409705474972724915e-02	1.000000000000000000e+00	1.955945417284965515e-02	9.858050346374511719e-01	4.108195658773183823e-03	4.400137066841125488e-02	3.323164284229278564e-01	4.070114810019731522e-03	2.436835169792175293e-01	7.875201106071472168e-02	5.248518288135528564e-02	1.044261753559112549e-01
7.894784450531005859e+00	4.154413342475891113e-01	3.220463171601295471e-02	8.826797008514404297e-01	1.000000000000000000e+00	1.026590913534164429e-01	1.187364086508750916e-01	4.085172414779663086e-01	1.761858761310577393e-01	2.785862684249877930e-01	2.413245150819420815e-03	6.917477846145629883e-01	1.950870752334594727e-01
7.941224575042724609e+00	9.786400198936462402e-02	4.153376817703247070e-02	9.000198245048522949e-01	1.000000000000000000e+00	4.479461908340454102e-02	4.281836003065109253e-02	9.843094274401664734e-03	2.418675124645233154e-01	2.873738706111907959e-01	3.422943502664566040e-02	7.209727913141250610e-02	5.390967428684234619e-02
7.987664222717285156e+00	1.080930754542350769e-01	1.526381373405456543e-01	2.063918858766555786e-01	1.000000000000000000e+00	1.130772754549980164e-02	9.780396521091461182e-02	3.089857846498489380e-02	7.740300893783569336e-02	2.338236123323440552e-01	8.667624592781066895e-01	1.365196239203214645e-02	1.039247512817382812e-01
8.034104347229003906e+00	5.131995081901550293e-01	8.003696203231811523e-01	2.073631882667541504e-01	1.000000000000000000e+00	2.482982538640499115e-02	1.880029737949371338e-01	1.954925656318664551e-01	2.152031809091567993e-01	2.467638999223709106e-01	7.791947126388549805e-01	3.115807101130485535e-02	8.005843311548233032e-02
8.080544471740722656e+00	3.481015935540199280e-02	8.786776661872863770e-02	9.956312179565429688e-01	1.000000000000000000e+00	1.520620882511138916e-01	4.624752327799797058e-02	1.205960847437381744e-02	2.335601598024368286e-01	3.137041330337524414e-01	3.369139134883880615e-02	8.172071725130081177e-02	8.303704857826232910e-02
8.126984596252441406e+00	2.979908324778079987e-02	3.278291970491409302e-02	9.971564412117004395e-01	1.000000000000000000e+00	5.292113125324249268e-02	3.773595020174980164e-02	1.686491072177886963e-03	2.280499041080474854e-01	2.295149266719818115e-01	1.933409422636032104e-01	7.993478327989578247e-02	1.000103577971458435e-01
8.173423767089843750e+00	5.768603682518005371e-01	3.977995738387107849e-02	1.000000000000000000e+00	9.991822242736816406e-01	6.916608661413192749e-02	1.632377952337265015e-01	3.958798944950103760e-03	2.161384224891662598e-01	2.577384114265441895e-01	1.704756752587854862e-03	1.101547256112098694e-01	5.831398814916610718e-02
8.219863891601562500e+00	3.579786419868469238e-02	1.120306458324193954e-02	1.000000000000000000e+00	6.462003290653228760e-02	1.141828075051307678e-01	5.107492581009864807e-02	4.674038290977478027e-02	2.156532704830169678e-01	3.564221039414405823e-02	5.711357668042182922e-02	1.433509886264801025e-01	3.131044656038284302e-02
8.266304016113281250e+00	2.590961568057537079e-02	2.323227934539318085e-03	1.000000000000000000e+00	1.445915549993515015e-02	1.405377089977264404e-01	9.241457097232341766e-03	2.736262604594230652e-02	1.851946115493774414e-01	8.348278701305389404e-03	1.569080166518688202e-02	1.376877129077911377e-01	8.050013333559036255e-03
8.312744140625000000e+00	2.919097431004047394e-02	7.444446906447410583e-03	1.000000000000000000e+00	2.645780444145202637e-01	1.017774045467376709e-01	2.333851531147956848e-02	2.368583343923091888e-02	1.982790827751159668e-01	6.257630139589309692e-02	1.355889067053794861e-02	1.105142384767532349e-01	2.485898323357105255e-02
8.359183311462402344e+00	2.644673734903335571e-02	2.790837083011865616e-03	1.000000000000000000e+00	6.135232746601104736e-02	1.144746690988540649e-01	1.284510362893342972e-02	3.041306883096694946e-02	1.927525401115417480e-01	2.079447172582149506e-02	2.363563142716884613e-02	1.170944944024085999e-01	9.867858141660690308e-03
8.405623435974121094e+00	6.195655092597007751e-02	1.000000000000000000e+00	9.963116049766540527e-01	2.379522919654846191e-01	3.855139613151550293e-01	1.002386063337326050e-01	4.293017685413360596e-01	1.918629705905914307e-01	7.996139675378799438e-02	7.575527578592300415e-02	2.959612309932708740e-01	9.802539646625518799e-02
8.452063560485839844e+00	2.300447225570678711e-02	4.874879494309425354e-03	1.000000000000000000e+00	1.180246099829673767e-01	9.691764414310455322e-02	1.396011468023061752e-02	2.519548125565052032e-02	1.991206109523773193e-01	3.477686643600463867e-02	3.458701074123382568e-02	1.054429858922958374e-01	1.325913146138191223e-02
8.498503684997558594e+00	2.000688575208187103e-02	6.622791755944490433e-03	1.000000000000000000e+00	1.709842532873153687e-01	1.260762214660644531e-01	2.742440253496170044e-02	1.960806548595428467e-02	1.859093606472015381e-01	4.235511645674705505e-02	3.782534226775169373e-02	1.297415047883987427e-01	1.645138300955295563e-02
8.544942855834960938e+00	2.169661410152912140e-02	2.324909903109073639e-03	1.000000000000000000e+00	4.483519122004508972e-02	1.016825437545776367e-01	2.376717515289783478e-02	1.596281118690967560e-02	1.974468529224395752e-01	1.267457380890846252e-02	4.075355455279350281e-02	1.117931604385375977e-01	8.458970114588737488e-03
8.591382980346679688e+00	2.185269072651863098e-02	6.092964205890893936e-03	1.000000000000000000e+00	1.752066910266876221e-01	1.022185981273651123e-01	2.503691241145133972e-02	1.339454762637615204e-02	1.974493563175201416e-01	4.311644285917282104e-02	3.284209594130516052e-02	1.124244630336761475e-01	1.556120254099369049e-02
8.637823104858398438e+00	9.299198389053344727e-01	2.496444806456565857e-02	1.000000000000000000e+00	1.420794129371643066e-01	1.829896122217178345e-01	2.811834812164306641e-01	2.613043412566184998e-02	2.315703779458999634e-01	6.547687947750091553e-02	7.566730678081512451e-02	2.047242075204849243e-01	1.773862913250923157e-02
8.684263229370117188e+00	1.000000000000000000e+00	4.261496011167764664e-03	6.817259639501571655e-02	1.783179305493831635e-02	4.763329774141311646e-02	2.361790984869003296e-01	3.306568134576082230e-03	3.331975266337394714e-02	5.742407590150833130e-02	2.127023413777351379e-02	4.442529752850532532e-02	1.889114035293459892e-03
8.730703353881835938e+00	1.000000000000000000e+00	1.205693697556853294e-04	3.541758656501770020e-02	3.987412899732589722e-03	2.339666336774826050e-02	2.333511710166931152e-01	1.438420149497687817e-03	1.152747031301259995e-02	5.149248987436294556e-02	7.176043931394815445e-03	4.372077807784080505e-02	3.147941606584936380e-04
8.777142524719238281e+00	1.000000000000000000e+00	1.836545416153967381e-04	2.402101270854473114e-02	7.189902942627668381e-03	2.698573283851146698e-02	2.351275831460952759e-01	1.617272384464740753e-03	5.678634159266948700e-03	5.009154975414276123e-02	6.975037977099418640e-03	4.752673208713531494e-02	3.048937360290437937e-04
8.823582649230957031e+00	1.000000000000000000e+00	2.808694553095847368e-04	2.336385287344455719e-02	8.087003603577613831e-03	3.814382851123809814e-02	2.359769493341445923e-01	1.879360643215477467e-03	5.485024303197860718e-03	4.995320737361907959e-02	9.694927372038364410e-03	4.806219413876533508e-02	3.819135017693042755e-04
8.870022773742675781e+00	1.000000000000000000e+00	2.551169891376048326e-04	2.387942373752593994e-02	1.023138593882322311e-02	3.988704457879066467e-02	2.352018058300018311e-01	1.810399699024856091e-03	1.336031500250101089e-02	5.013746023178100586e-02	1.000706758350133896e-02	4.748084396123886108e-02	3.420217253733426332e-04
8.916462898254394531e+00	1.000000000000000000e+00	4.262631700839847326e-04	2.338625863194465637e-02	1.116055715829133987e-02	4.166903719305992126e-02	2.349070757627487183e-01	1.729105017147958279e-03	2.564800344407558441e-02	5.093699693679809570e-02	1.039515994489192963e-02	4.528919979929924011e-02	4.798150039277970791e-04
8.962902069091796875e+00	1.000000000000000000e+00	2.928612811956554651e-04	2.067132666707038879e-02	1.241040602326393127e-02	3.100156225264072418e-02	2.341089993715286255e-01	1.224201172590255737e-03	5.252309143543243408e-02	5.018133670091629028e-02	8.124795742332935333e-03	4.008352756500244141e-02	5.186637281440198421e-04
9.009342193603515625e+00	1.000000000000000000e+00	2.292862191097810864e-04	2.134855650365352631e-02	1.018939819186925888e-02	3.007581457495689392e-02	2.333473563194274902e-01	1.017775153741240501e-03	7.226318120956420898e-02	4.946341365575790405e-02	8.110723458230495453e-03	3.583755716681480408e-02	3.661054652184247971e-04
9.055782318115234375e+00	1.000000000000000000e+00	7.272560615092515945e-04	2.279322221875190735e-02	1.538619678467512131e-02	2.316437661647796631e-02	2.336421310901641846e-01	1.406458439305424690e-03	9.315202385187149048e-02	5.092637985944747925e-02	7.370692212134599686e-03	3.400271385908126831e-02	1.178913167677819729e-03
9.102222442626953125e+00	1.000000000000000000e+00	7.153446786105632782e-03	3.095652908086776733e-02	2.637013047933578491e-02	2.783767692744731903e-02	2.429658174514770508e-01	9.869751520454883575e-03	1.586671024560928345e-01	5.875766277313232422e-02	2.136250399053096771e-02	5.297953635454177856e-02	1.050119288265705109e-02
