0.000000000000000000e+00	5.547235608100891113e-01	3.655112581327557564e-03	3.409289941191673279e-02	3.877025544643402100e-01	1.668639034032821655e-01	1.015205830335617065e-01	2.495813965797424316e-01	9.990325570106506348e-01	6.662765890359878540e-02	6.705241650342941284e-02	1.000000000000000000e+00	6.290099024772644043e-02
4.643990844488143921e-02	2.579202651977539062e-01	1.378007680177688599e-01	1.675712019205093384e-01	6.235719472169876099e-02	1.116389557719230652e-01	2.449167370796203613e-01	8.333232998847961426e-02	1.000000000000000000e+00	1.275352481752634048e-02	5.014670640230178833e-02	6.103838980197906494e-02	4.816105067729949951e-01
9.287981688976287842e-02	4.578407108783721924e-01	9.972058534622192383e-01	3.826348111033439636e-02	1.693339496850967407e-01	2.522494494915008545e-01	8.382274210453033447e-02	3.661985397338867188e-01	1.000000000000000000e+00	8.521270006895065308e-02	2.112921178340911865e-01	4.683804214000701904e-01	5.971643328666687012e-02
1.393197327852249146e-01	3.370644152164459229e-01	6.411367212422192097e-04	8.122938275337219238e-01	1.547907292842864990e-01	1.686220988631248474e-02	1.200188174843788147e-01	2.186235971748828888e-02	1.000000000000000000e+00	2.418354712426662445e-02	3.612763062119483948e-02	5.362360477447509766e-01	3.926315810531377792e-03
1.857596337795257568e-01	3.879793286323547363e-01	1.507635414600372314e-01	8.277055025100708008e-01	4.166767746210098267e-02	1.619552522897720337e-01	7.014257460832595825e-02	7.193827629089355469e-01	1.000000000000000000e+00	4.252933561801910400e-01	5.728745460510253906e-02	9.314779937267303467e-02	2.748239040374755859e-01
2.321995496749877930e-01	3.140246272087097168e-01	5.863317251205444336e-01	3.094816207885742188e-01	6.070455163717269897e-02	2.231994271278381348e-02	5.721537023782730103e-02	1.586302220821380615e-01	1.000000000000000000e+00	7.952170446515083313e-03	8.651085942983627319e-02	2.443898096680641174e-02	6.587298959493637085e-02
2.786394655704498291e-01	3.743995726108551025e-01	9.518857598304748535e-01	1.773010641336441040e-01	9.325409680604934692e-02	5.224743857979774475e-02	9.086132794618606567e-02	2.117991149425506592e-01	1.000000000000000000e+00	4.892756640911102295e-01	7.794594764709472656e-02	7.687281072139739990e-02	4.817788675427436829e-02
3.250793516635894775e-01	7.935546040534973145e-01	5.500335991382598877e-02	2.059539407491683960e-01	7.053877413272857666e-02	1.077533960342407227e-01	4.135460853576660156e-01	7.213348988443613052e-03	1.000000000000000000e+00	2.380206994712352753e-02	4.519064351916313171e-02	1.022288575768470764e-01	2.273920625448226929e-01
3.715192675590515137e-01	1.000000000000000000e+00	1.021251082420349121e-02	5.197711586952209473e-01	1.323813050985336304e-01	4.691181331872940063e-02	3.347697854042053223e-01	3.582785427570343018e-01	9.398496150970458984e-01	5.564089119434356689e-02	1.243237480521202087e-01	4.176850616931915283e-01	9.053415060043334961e-02
4.179591834545135498e-01	2.935071289539337158e-01	1.937513798475265503e-01	8.064326047897338867e-01	1.054845675826072693e-01	9.618863463401794434e-02	2.117925435304641724e-01	1.324153095483779907e-01	1.000000000000000000e+00	4.034584015607833862e-02	1.171459630131721497e-01	1.571705341339111328e-01	6.016872823238372803e-02
4.643990993499755859e-01	5.831684172153472900e-02	5.096713900566101074e-01	8.485165834426879883e-01	1.608981192111968994e-01	4.099883511662483215e-02	1.000000000000000000e+00	1.011217236518859863e-01	3.536822199821472168e-01	3.512656092643737793e-01	8.364557474851608276e-02	2.940184175968170166e-01	3.851612284779548645e-02
5.108389854431152344e-01	3.739134222269058228e-02	1.816730201244354248e-01	8.148469775915145874e-02	1.481295675039291382e-01	8.244497701525688171e-03	1.000000000000000000e+00	2.983435988426208496e-02	3.685323148965835571e-02	2.917472645640373230e-02	3.663800656795501709e-01	2.440133988857269287e-01	6.195049360394477844e-02
5.572789311408996582e-01	4.987078905105590820e-01	2.044922411441802979e-01	8.479921519756317139e-02	2.547222375869750977e-01	3.039358854293823242e-01	1.000000000000000000e+00	7.416706532239913940e-02	1.167661547660827637e-01	5.865830779075622559e-01	4.379851743578910828e-02	3.541763424873352051e-01	7.403679490089416504e-01
6.037188172340393066e-01	6.160918474197387695e-01	2.303881347179412842e-01	2.514984607696533203e-01	1.515162140130996704e-01	1.744774281978607178e-01	1.000000000000000000e+00	2.394027821719646454e-02	9.759917855262756348e-02	8.637407422065734863e-01	4.501026868820190430e-02	2.541869282722473145e-01	2.822863124310970306e-02
6.501587033271789551e-01	5.063378214836120605e-01	2.210450917482376099e-01	6.645888686180114746e-01	3.354363888502120972e-02	5.112826451659202576e-02	1.000000000000000000e+00	8.162050247192382812e-01	1.545761972665786743e-01	1.194550693035125732e-01	2.433998882770538330e-01	2.412030100822448730e-01	2.758942246437072754e-01
6.965986490249633789e-01	3.389420360326766968e-02	3.126617372035980225e-01	2.335206605494022369e-02	1.136367321014404297e-01	2.446669340133666992e-01	1.000000000000000000e+00	9.181250631809234619e-02	8.164495974779129028e-02	9.423530660569667816e-03	1.425688266754150391e-01	5.546275377273559570e-01	2.896529734134674072e-01
7.430385351181030273e-01	8.544782549142837524e-02	1.220231354236602783e-01	1.603819243609905243e-02	3.318201005458831787e-02	2.380236536264419556e-01	1.000000000000000000e+00	6.625147908926010132e-02	9.196295589208602905e-02	2.876670472323894501e-02	8.454298228025436401e-02	2.318265289068222046e-01	9.746121168136596680e-01
7.894784808158874512e-01	2.277543023228645325e-02	4.148065149784088135e-01	2.676309049129486084e-01	3.996215015649795532e-02	2.135206013917922974e-01	1.000000000000000000e+00	6.548622995615005493e-02	1.290635615587234497e-01	7.955650091171264648e-01	8.110506087541580200e-02	2.604898512363433838e-01	7.162517905235290527e-01
8.359183669090270996e-01	2.626825124025344849e-02	6.544091105461120605e-01	5.306285619735717773e-01	1.615938395261764526e-01	9.060222655534744263e-02	1.000000000000000000e+00	1.347842812538146973e-01	1.662810295820236206e-01	6.133710220456123352e-02	1.177822798490524292e-01	2.895306646823883057e-01	2.762655615806579590e-01
8.823582530021667480e-01	7.279944419860839844e-02	6.596010327339172363e-01	5.488961935043334961e-03	1.444269120693206787e-01	3.659605681896209717e-01	1.000000000000000000e+00	1.273235976696014404e-01	2.929414212703704834e-01	8.317350596189498901e-02	1.260109245777130127e-01	2.775985598564147949e-01	9.912095069885253906e-01
9.287981986999511719e-01	1.882851570844650269e-01	3.932594954967498779e-01	7.812306284904479980e-01	6.532493978738784790e-02	4.067561626434326172e-01	1.000000000000000000e+00	9.989053010940551758e-02	3.117769360542297363e-01	1.812895387411117554e-01	1.621979326009750366e-01	3.223694860935211182e-01	3.277962654829025269e-02
9.752380847930908203e-01	2.088619954884052277e-02	1.835844367742538452e-01	5.009473487734794617e-02	8.459721505641937256e-02	2.869817800819873810e-02	1.000000000000000000e+00	3.438482061028480530e-02	2.610269561409950256e-02	1.443844474852085114e-02	2.591465115547180176e-01	2.373437434434890747e-01	1.474666893482208252e-01
1.021677970886230469e+00	5.772501602768898010e-02	5.539836883544921875e-01	9.712772965431213379e-01	6.283489614725112915e-02	2.241073399782180786e-01	1.000000000000000000e+00	1.049605160951614380e-01	3.027694225311279297e-01	6.228250861167907715e-01	4.105612635612487793e-02	3.996762037277221680e-01	7.165452241897583008e-01
1.068117856979370117e+00	7.094765305519104004e-01	2.275725305080413818e-01	4.959798455238342285e-01	2.209540903568267822e-01	6.881142407655715942e-02	1.000000000000000000e+00	2.739700675010681152e-02	1.726515442132949829e-01	8.396078944206237793e-01	2.464313805103302002e-02	2.838166952133178711e-01	3.103496506810188293e-02
1.114557862281799316e+00	8.105617761611938477e-01	1.456379592418670654e-01	2.070666700601577759e-01	3.314008563756942749e-02	2.464386634528636932e-02	1.000000000000000000e+00	4.299578368663787842e-01	1.072739735245704651e-01	9.218244254589080811e-02	1.106518507003784180e-01	2.338735014200210571e-01	1.335490345954895020e-01
1.160997748374938965e+00	2.854039892554283142e-02	8.332904428243637085e-02	8.391685038805007935e-02	6.850501149892807007e-02	3.183744251728057861e-01	1.000000000000000000e+00	1.412286981940269470e-02	1.386448591947555542e-01	4.835962317883968353e-03	9.704127907752990723e-02	3.843148350715637207e-01	8.514370918273925781e-01
1.207437634468078613e+00	1.527270581573247910e-02	8.739960193634033203e-02	2.303369045257568359e-01	3.232537582516670227e-02	2.457835078239440918e-01	1.000000000000000000e+00	1.059344504028558731e-02	1.149288117885589600e-01	4.568548407405614853e-03	2.995010614395141602e-01	2.400320470333099365e-01	8.614534735679626465e-01
1.253877520561218262e+00	1.764458976686000824e-02	1.985962241888046265e-01	6.519308090209960938e-01	1.569095700979232788e-01	1.763011962175369263e-01	1.000000000000000000e+00	2.433425560593605042e-02	1.939752101898193359e-01	2.710971981287002563e-02	7.378095388412475586e-01	2.566834688186645508e-01	7.161358594894409180e-01
1.300317406654357910e+00	9.806972742080688477e-02	7.258008718490600586e-01	8.560638874769210815e-02	2.014492303133010864e-01	4.585144668817520142e-02	1.000000000000000000e+00	2.052251547574996948e-01	5.937956646084785461e-02	6.303036957979202271e-02	2.292960137128829956e-01	3.494215905666351318e-01	1.456784158945083618e-01
1.346757411956787109e+00	4.331226646900177002e-02	1.000000000000000000e+00	8.007724769413471222e-03	5.725022554397583008e-01	7.643797397613525391e-01	9.433000087738037109e-01	5.173991322517395020e-01	1.959190368652343750e-01	1.311121881008148193e-01	6.026649102568626404e-02	6.513256430625915527e-01	1.188300773501396179e-01
1.393197298049926758e+00	4.862379729747772217e-01	5.378376692533493042e-02	9.132243394851684570e-01	1.000000000000000000e+00	6.003377586603164673e-02	1.689702123403549194e-01	1.212554052472114563e-02	8.275250792503356934e-01	2.881670594215393066e-01	4.066233336925506592e-02	2.382472306489944458e-01	1.724190562963485718e-01
1.439637184143066406e+00	8.080107718706130981e-02	5.881571769714355469e-02	7.654264569282531738e-02	1.000000000000000000e+00	1.724338233470916748e-01	4.937095195055007935e-02	5.893290787935256958e-02	1.364431530237197876e-01	2.393583953380584717e-01	3.327030539512634277e-01	8.314014971256256104e-02	3.569633960723876953e-01
1.486077070236206055e+00	9.707842953503131866e-03	1.000000000000000000e+00	1.102061942219734192e-01	9.928252100944519043e-01	3.124426491558551788e-02	5.152644589543342590e-02	3.742522001266479492e-01	2.580635994672775269e-02	2.769666910171508789e-01	9.421733021736145020e-02	1.008889824151992798e-02	2.116746306419372559e-01
1.532516956329345703e+00	1.617062538862228394e-01	2.804724127054214478e-02	9.414410591125488281e-01	1.000000000000000000e+00	4.563931375741958618e-02	5.488415434956550598e-02	1.614824980497360229e-01	2.127706706523895264e-01	2.392857074737548828e-01	1.050264295190572739e-02	3.298853933811187744e-01	9.326843917369842529e-02
1.578956961631774902e+00	3.176351264119148254e-02	7.547754049301147461e-02	9.730014801025390625e-01	1.000000000000000000e+00	4.030844941735267639e-02	4.768279194831848145e-02	8.362201601266860962e-02	2.282660752534866333e-01	2.288775146007537842e-01	2.736896090209484100e-02	1.764983534812927246e-01	7.411058992147445679e-02
1.625396847724914551e+00	4.800284206867218018e-01	1.065357252955436707e-01	6.044586375355720520e-02	1.000000000000000000e+00	6.183715164661407471e-02	2.328495383262634277e-01	2.156087942421436310e-02	6.740572303533554077e-02	3.680149316787719727e-01	1.428684294223785400e-01	5.432050675153732300e-02	2.649421393871307373e-01
1.671836733818054199e+00	1.093725115060806274e-01	7.100811600685119629e-02	9.232432246208190918e-01	1.000000000000000000e+00	3.241258114576339722e-02	1.118332073092460632e-01	1.097790058702230453e-02	2.647330760955810547e-01	2.438096702098846436e-01	6.404690742492675781e-01	7.035613805055618286e-02	6.754241138696670532e-02
1.718276619911193848e+00	4.257649555802345276e-02	7.773187011480331421e-02	2.218478024005889893e-01	1.000000000000000000e+00	5.319042876362800598e-02	1.024661287665367126e-01	1.624885015189647675e-02	1.904142796993255615e-01	2.263694256544113159e-01	9.750488996505737305e-01	1.806675456464290619e-02	1.124013587832450867e-01
1.764716506004333496e+00	6.626778841018676758e-02	3.642624616622924805e-02	9.911109805107116699e-01	1.000000000000000000e+00	3.765650093555450439e-02	1.097190976142883301e-01	2.098659751936793327e-03	2.245626151561737061e-01	2.505655288696289062e-01	3.018725477159023285e-02	1.004972979426383972e-01	5.585354566574096680e-02
1.811156511306762695e+00	1.809480637311935425e-01	3.475197404623031616e-02	1.000000000000000000e+00	9.578881859779357910e-01	4.874329268932342529e-02	1.117287203669548035e-01	6.609463132917881012e-03	2.284778058528900146e-01	2.372421473264694214e-01	1.395385805517435074e-02	9.483642876148223877e-02	4.900149628520011902e-02
1.857596397399902344e+00	3.013481944799423218e-02	5.934507586061954498e-03	1.000000000000000000e+00	1.219085007905960083e-01	1.280364096164703369e-01	1.028058119118213654e-02	3.659572824835777283e-02	1.966815143823623657e-01	3.521595150232315063e-02	2.628630399703979492e-02	1.297878026962280273e-01	2.104408293962478638e-02
1.904036283493041992e+00	2.491114288568496704e-02	7.889159023761749268e-03	1.000000000000000000e+00	2.580424249172210693e-01	1.382859349250793457e-01	2.160274796187877655e-02	2.840886078774929047e-02	1.831412315368652344e-01	6.301909685134887695e-02	1.622259058058261871e-02	1.366760432720184326e-01	2.344358712434768677e-02
1.950476169586181641e+00	2.818516269326210022e-02	5.333671346306800842e-03	1.000000000000000000e+00	1.585490554571151733e-01	9.934476017951965332e-02	2.260426431894302368e-02	2.294486388564109802e-02	2.005394101142883301e-01	4.030225798487663269e-02	1.487221941351890564e-02	1.090149730443954468e-01	1.467600371688604355e-02
1.996916055679321289e+00	2.490807324647903442e-02	4.214742686599493027e-03	1.000000000000000000e+00	5.242687463760375977e-02	1.358085721731185913e-01	5.213440582156181335e-02	3.126655891537666321e-02	1.845990419387817383e-01	1.831232383847236633e-02	2.864942140877246857e-02	1.391755938529968262e-01	1.281997840851545334e-02
2.043355941772460938e+00	2.305913344025611877e-02	5.928637459874153137e-03	1.000000000000000000e+00	1.439739465713500977e-01	1.227001249790191650e-01	3.780625015497207642e-02	2.897928841412067413e-02	1.878950297832489014e-01	3.812472522258758545e-02	4.138028621673583984e-02	1.291567683219909668e-01	1.621955446898937225e-02
2.089795827865600586e+00	2.107600681483745575e-02	5.668236408382654190e-03	1.000000000000000000e+00	1.412372589111328125e-01	1.099285036325454712e-01	3.403173014521598816e-02	2.163710817694664001e-02	1.941825598478317261e-01	3.579780459403991699e-02	3.675042837858200073e-02	1.198023259639739990e-01	1.359359268099069595e-02
2.136235713958740234e+00	2.124195545911788940e-02	4.294884856790304184e-03	1.000000000000000000e+00	1.007548570632934570e-01	1.095160245895385742e-01	3.414271026849746704e-02	1.753160730004310608e-02	1.937260031700134277e-01	2.519197389483451843e-02	3.806748241186141968e-02	1.192811876535415649e-01	1.379110012203454971e-02
2.182675838470458984e+00	2.200139686465263367e-02	3.737384686246514320e-03	1.000000000000000000e+00	8.358389139175415039e-02	9.881512820720672607e-02	3.616492077708244324e-02	1.465929765254259109e-02	1.992265880107879639e-01	2.030723355710506439e-02	3.803313896059989929e-02	1.128186732530593872e-01	1.160355098545551300e-02
2.229115724563598633e+00	3.170773386955261230e-02	7.389455102384090424e-03	1.000000000000000000e+00	1.841023415327072144e-01	1.335924416780471802e-01	4.539832845330238342e-02	1.225062832236289978e-02	1.850163340568542480e-01	4.576763883233070374e-02	2.949927747249603271e-02	1.409461200237274170e-01	2.085403352975845337e-02
2.275555610656738281e+00	6.195957772433757782e-03	9.868644475936889648e-01	1.857486926019191742e-02	1.000000000000000000e+00	8.715679496526718140e-02	6.771006435155868530e-02	2.603981792926788330e-01	2.244002185761928558e-02	2.401828616857528687e-01	5.813344940543174744e-02	2.999631129205226898e-02	2.353514432907104492e-01
2.321995496749877930e+00	1.592903733253479004e-01	3.215315192937850952e-02	9.818696975708007812e-01	1.000000000000000000e+00	8.678120374679565430e-02	6.125710532069206238e-02	7.189593161456286907e-04	4.741437733173370361e-01	2.293311059474945068e-01	4.424160718917846680e-02	8.902072161436080933e-02	1.140779182314872742e-01
2.368435382843017578e+00	5.556304380297660828e-02	9.359116554260253906e-01	3.734727576375007629e-02	1.000000000000000000e+00	1.283080689609050751e-02	3.527440875768661499e-02	3.755435943603515625e-01	1.547047961503267288e-02	2.320430725812911987e-01	1.303879320621490479e-01	3.052138388156890869e-01	1.073139980435371399e-01
2.414875268936157227e+00	3.430070281028747559e-01	3.508302941918373108e-02	5.393900871276855469e-01	1.000000000000000000e+00	5.288480222225189209e-02	7.853024452924728394e-02	3.750537335872650146e-01	1.408398151397705078e-01	2.971038222312927246e-01	2.620506659150123596e-02	8.341290354728698730e-01	2.686510384082794189e-01
2.461315155029296875e+00	1.984066367149353027e-01	3.460666164755821228e-02	9.323378801345825195e-01	1.000000000000000000e+00	1.684108674526214600e-01	7.469001412391662598e-02	4.670656472444534302e-02	2.357001453638076782e-01	2.299123406410217285e-01	7.114552706480026245e-02	9.219601005315780640e-02	2.332569211721420288e-01
2.507755041122436523e+00	9.032753109931945801e-02	2.114032059907913208e-01	9.937761425971984863e-01	1.000000000000000000e+00	2.065413147211074829e-01	3.493903577327728271e-02	7.137725502252578735e-02	3.345734477043151855e-01	2.281341403722763062e-01	8.871949464082717896e-02	8.646709471940994263e-02	1.203654259443283081e-01
2.554194927215576172e+00	5.489494800567626953e-01	9.954078197479248047e-01	2.180300205945968628e-01	1.000000000000000000e+00	1.730929216137155890e-04	2.197512239217758179e-01	2.328882366418838501e-01	1.028753444552421570e-01	2.515929043292999268e-01	9.421495199203491211e-01	2.813792787492275238e-02	1.040357872843742371e-01
2.600634813308715820e+00	6.793306469917297363e-01	3.088694997131824493e-02	1.984447538852691650e-01	1.000000000000000000e+00	5.969681739807128906e-01	2.674712538719177246e-01	2.429753355681896210e-02	8.142675459384918213e-02	2.190897613763809204e-01	9.451193213462829590e-01	9.823916107416152954e-02	1.737640053033828735e-01
2.647074937820434570e+00	3.731362521648406982e-02	9.741427898406982422e-01	5.190125107765197754e-02	1.000000000000000000e+00	8.099614828824996948e-02	1.917214393615722656e-01	2.275342941284179688e-01	1.554384678602218628e-01	2.349518388509750366e-01	1.898209154605865479e-01	5.468973889946937561e-02	3.819660544395446777e-01
2.693514823913574219e+00	7.464507818222045898e-01	6.056265532970428467e-02	6.340661644935607910e-01	2.014455497264862061e-01	5.780711174011230469e-01	1.000000000000000000e+00	7.253035157918930054e-02	3.011543452739715576e-01	4.889223352074623108e-02	6.179324388504028320e-01	6.871363520622253418e-01	6.320327520370483398e-01
2.739954710006713867e+00	7.979077100753784180e-01	2.296883463859558105e-01	9.155225753784179688e-02	1.000000000000000000e+00	6.481224298477172852e-02	9.581214785575866699e-01	3.483765423297882080e-01	1.239071935415267944e-01	2.596263885498046875e-01	2.672508955001831055e-01	1.986150592565536499e-01	3.799020051956176758e-01
2.786394596099853516e+00	1.914028525352478027e-01	4.907777011394500732e-01	1.216850951313972473e-01	1.000000000000000000e+00	1.481563448905944824e-01	2.840422689914703369e-01	1.002007946372032166e-01	9.374201297760009766e-01	2.122410237789154053e-01	2.166636139154434204e-01	4.213890805840492249e-02	6.504321694374084473e-01
2.832834482192993164e+00	4.342962801456451416e-02	9.598274827003479004e-01	5.035768263041973114e-03	1.000000000000000000e+00	1.215658150613307953e-02	1.166328787803649902e-01	2.408557385206222534e-01	1.259706914424896240e-01	2.325075864791870117e-01	4.749569669365882874e-02	2.735002338886260986e-01	1.056589558720588684e-01
2.879274368286132812e+00	7.378543019294738770e-01	3.390301018953323364e-02	8.324865698814392090e-01	1.000000000000000000e+00	1.970966011285781860e-01	2.346752285957336426e-01	9.179160594940185547e-01	1.436766237020492554e-01	2.815237343311309814e-01	3.001627046614885330e-03	6.284768581390380859e-01	3.539061248302459717e-01
2.925714254379272461e+00	7.870698571205139160e-01	1.000000000000000000e+00	8.528456836938858032e-02	9.911924004554748535e-01	3.411400690674781799e-02	2.689488232135772705e-01	2.651947736740112305e-01	4.565629363059997559e-02	2.730105221271514893e-01	2.575724422931671143e-01	3.709184005856513977e-02	1.035358086228370667e-01
2.972154140472412109e+00	3.105570934712886810e-02	2.683983929455280304e-02	1.000000000000000000e+00	8.104810118675231934e-01	1.042910441756248474e-01	2.266165316104888916e-01	2.733390778303146362e-02	2.170714288949966431e-01	1.731698364019393921e-01	2.770763449370861053e-02	1.523855328559875488e-01	9.606438875198364258e-02
3.018594026565551758e+00	2.152775600552558899e-02	3.661263361573219299e-02	1.000000000000000000e+00	7.840682268142700195e-01	1.518103629350662231e-01	3.043251037597656250e-01	1.281887851655483246e-02	1.910083144903182983e-01	1.734774857759475708e-01	1.026784814894199371e-02	2.017864137887954712e-01	5.986949801445007324e-02
3.065033912658691406e+00	3.102847933769226074e-02	1.794745400547981262e-02	1.000000000000000000e+00	4.645412415266036987e-02	9.911124408245086670e-02	2.653235197067260742e-01	2.570400014519691467e-02	2.138405740261077881e-01	1.410353649407625198e-02	1.429063268005847931e-02	1.673623919486999512e-01	7.031806278973817825e-03
3.111474037170410156e+00	2.817644551396369934e-02	1.121575944125652313e-02	1.000000000000000000e+00	3.525283187627792358e-02	1.078351438045501709e-01	2.394150048494338989e-01	3.031022474169731140e-02	2.005293518304824829e-01	1.226759701967239380e-02	2.424546703696250916e-02	1.689324826002120972e-01	8.631758391857147217e-03
3.157913923263549805e+00	2.697085961699485779e-02	2.742820233106613159e-02	1.000000000000000000e+00	8.210066556930541992e-01	1.460530906915664673e-01	4.417774453759193420e-02	2.758427895605564117e-02	2.011605948209762573e-01	1.881323307752609253e-01	2.688864618539810181e-02	1.397053748369216919e-01	7.708840817213058472e-02
3.204353809356689453e+00	3.282519802451133728e-02	3.137227147817611694e-02	1.000000000000000000e+00	9.983927011489868164e-01	5.356828868389129639e-02	2.426517195999622345e-02	3.141574794426560402e-03	2.220812588930130005e-01	2.342945188283920288e-01	1.792085706256330013e-03	7.486729323863983154e-02	5.472035333514213562e-02
3.250793695449829102e+00	3.060217201709747314e-02	2.986297570168972015e-02	9.919046163558959961e-01	1.000000000000000000e+00	5.122246965765953064e-02	3.307765349745750427e-02	4.131825990043580532e-04	2.248921990394592285e-01	2.287152707576751709e-01	1.801270642317831516e-03	7.243833690881729126e-02	5.944192782044410706e-02
3.297233581542968750e+00	5.726273171603679657e-03	1.000000000000000000e+00	4.771298542618751526e-02	9.973445534706115723e-01	5.893541872501373291e-02	3.267467767000198364e-02	3.246932029724121094e-01	1.093620341271162033e-02	2.305476367473602295e-01	4.033270105719566345e-02	1.241535320878028870e-01	1.149342730641365051e-01
3.343673467636108398e+00	4.655534774065017700e-02	2.926448918879032135e-02	9.984273910522460938e-01	1.000000000000000000e+00	4.267130419611930847e-02	3.392652422189712524e-02	1.500193774700164795e-02	2.254183441400527954e-01	2.315112650394439697e-01	3.121329064015299082e-04	7.765910029411315918e-02	5.893137305974960327e-02
3.390113353729248047e+00	3.297740593552589417e-02	3.082843124866485596e-02	9.978742599487304688e-01	1.000000000000000000e+00	5.067119002342224121e-02	2.637701481580734253e-02	8.626420749351382256e-04	2.222577929496765137e-01	2.342748790979385376e-01	1.077680499292910099e-03	7.441691309213638306e-02	5.464615300297737122e-02
3.436553239822387695e+00	3.918648511171340942e-02	3.265144303441047668e-02	9.946959018707275391e-01	1.000000000000000000e+00	5.641588568687438965e-02	3.544164448976516724e-02	1.366546726785600185e-03	2.186270952224731445e-01	2.330059558153152466e-01	1.978646218776702881e-02	7.946038246154785156e-02	5.743819475173950195e-02
3.482993125915527344e+00	1.355192363262176514e-01	3.361947834491729736e-02	9.809325337409973145e-01	1.000000000000000000e+00	8.812372386455535889e-02	5.748275294899940491e-02	2.551617333665490150e-03	2.033258527517318726e-01	2.388973534107208252e-01	4.203813150525093079e-02	1.116548776626586914e-01	5.526902526617050171e-02
3.529433012008666992e+00	1.803134232759475708e-01	2.047819793224334717e-01	1.197277158498764038e-01	1.000000000000000000e+00	4.455416463315486908e-03	8.528858423233032227e-02	2.393358945846557617e-02	4.216908514499664307e-01	7.059890627861022949e-01	3.176357448101043701e-01	1.600660234689712524e-01	9.856151789426803589e-02
3.575872898101806641e+00	4.254722222685813904e-02	3.148239850997924805e-02	9.949674606323242188e-01	1.000000000000000000e+00	5.091535672545433044e-02	3.096203505992889404e-02	3.257354954257607460e-03	2.199388146400451660e-01	2.404865771532058716e-01	1.330122118815779686e-03	8.425682783126831055e-02	5.947102606296539307e-02
3.622313022613525391e+00	4.687385559082031250e-01	2.765597105026245117e-01	3.061257302761077881e-01	1.000000000000000000e+00	4.816908761858940125e-02	5.281033515930175781e-01	7.188815474510192871e-01	9.266288280487060547e-01	6.465736627578735352e-01	6.657574325799942017e-02	1.407862454652786255e-01	1.931563168764114380e-01
3.668752908706665039e+00	4.693368449807167053e-02	4.937298968434333801e-02	1.693401783704757690e-01	5.940262600779533386e-02	9.523387551307678223e-01	1.000000000000000000e+00	2.454048395156860352e-02	4.200416430830955505e-02	5.036655813455581665e-03	8.703656792640686035e-01	2.665224075317382812e-01	3.457751870155334473e-02
3.715192794799804688e+00	4.461911022663116455e-01	2.838839292526245117e-01	4.202703237533569336e-01	6.201747804880142212e-02	1.147281080484390259e-01	1.000000000000000000e+00	6.127895116806030273e-01	1.158959642052650452e-01	8.619161844253540039e-01	9.343100339174270630e-02	2.619531154632568359e-01	3.306337594985961914e-01
3.761632680892944336e+00	5.066902637481689453e-01	2.195062190294265747e-01	6.969875097274780273e-01	1.626583486795425415e-01	1.810216754674911499e-01	1.000000000000000000e+00	2.396722324192523956e-02	1.731574237346649170e-01	8.818696141242980957e-01	2.159593626856803894e-02	4.009580314159393311e-01	1.176116243004798889e-02
3.808072566986083984e+00	4.510448500514030457e-02	9.205253422260284424e-02	9.727029800415039062e-01	6.556765735149383545e-02	1.001773551106452942e-01	1.000000000000000000e+00	2.130183205008506775e-02	2.465092539787292480e-01	9.663255885243415833e-03	6.415682286024093628e-02	4.344761967658996582e-01	6.542268209159374237e-03
3.854512453079223633e+00	4.753562808036804199e-02	9.266985207796096802e-02	4.505736753344535828e-03	1.918857246637344360e-01	2.275941669940948486e-01	1.000000000000000000e+00	1.678531430661678314e-02	2.680188715457916260e-01	8.018568158149719238e-02	5.633975192904472351e-02	2.302083522081375122e-01	9.905982613563537598e-01
3.900952339172363281e+00	9.431957453489303589e-02	5.994671210646629333e-02	9.882473945617675781e-01	4.779729247093200684e-02	2.360800355672836304e-01	1.000000000000000000e+00	2.453259937465190887e-02	2.299773246049880981e-01	2.326519973576068878e-02	4.228347912430763245e-02	3.620345890522003174e-01	2.168380916118621826e-01
3.947392225265502930e+00	3.961536660790443420e-02	6.645347923040390015e-02	9.917141795158386230e-01	3.972049430012702942e-02	8.634179085493087769e-02	1.000000000000000000e+00	1.266636140644550323e-02	2.468098253011703491e-01	4.568196367472410202e-03	7.757968455553054810e-02	2.989855110645294189e-01	1.729906052350997925e-01
3.993832111358642578e+00	2.765883505344390869e-02	6.151454150676727295e-02	8.480490446090698242e-01	6.892537325620651245e-02	6.681597232818603516e-02	1.000000000000000000e+00	3.286764957010746002e-03	2.106191813945770264e-01	7.731247227638959885e-03	2.034318074584007263e-02	3.277939260005950928e-01	7.147096842527389526e-02
4.040272235870361328e+00	8.768751472234725952e-02	5.438955128192901611e-02	9.312404394149780273e-01	6.796158850193023682e-02	7.852032035589218140e-02	1.000000000000000000e+00	3.413797589018940926e-03	2.511156797409057617e-01	1.608419977128505707e-02	2.208904549479484558e-02	3.770253062248229980e-01	5.016987025737762451e-02
4.086711883544921875e+00	2.521469295024871826e-01	1.027537882328033447e-01	4.473609030246734619e-01	1.891324222087860107e-01	1.320768147706985474e-01	5.673561096191406250e-01	8.414518088102340698e-02	1.000000000000000000e+00	2.725381590425968170e-02	4.986742436885833740e-01	4.914835393428802490e-01	2.234393209218978882e-01
4.133152008056640625e+00	2.404951453208923340e-01	1.487905383110046387e-01	1.427863817662000656e-02	6.575973331928253174e-02	1.511580944061279297e-01	4.049907997250556946e-02	3.342143297195434570e-01	1.000000000000000000e+00	1.599758677184581757e-02	6.303495913743972778e-02	2.876260783523321152e-03	7.195955514907836914e-01
4.179591655731201172e+00	3.248216509819030762e-01	9.947785139083862305e-01	2.320641651749610901e-02	1.066975370049476624e-01	9.665889292955398560e-02	7.016083598136901855e-02	3.146165609359741211e-01	1.000000000000000000e+00	7.729644328355789185e-02	1.424933671951293945e-01	1.717251986265182495e-01	5.139049142599105835e-02
4.226031780242919922e+00	2.332665175199508667e-01	2.861332381144165993e-03	8.246728181838989258e-01	1.824093312025070190e-01	6.697679311037063599e-02	4.089270159602165222e-02	8.571470528841018677e-02	1.000000000000000000e+00	2.398503012955188751e-02	4.340447485446929932e-02	6.780034899711608887e-01	1.368644274771213531e-02
4.272471427917480469e+00	2.277348637580871582e-01	1.076560914516448975e-01	8.334323167800903320e-01	4.666409641504287720e-02	1.423642784357070923e-01	4.642803221940994263e-02	4.244768321514129639e-01	1.000000000000000000e+00	4.543450474739074707e-01	3.803237527608871460e-02	9.879042208194732666e-02	1.743159890174865723e-01
4.318911552429199219e+00	2.236327230930328369e-01	4.978680908679962158e-01	2.428472638130187988e-01	5.960898101329803467e-02	3.021292015910148621e-02	5.726616084575653076e-02	1.228260695934295654e-01	1.000000000000000000e+00	2.760475967079401016e-03	8.735426515340805054e-02	2.560698240995407104e-02	6.909330189228057861e-02
4.365351676940917969e+00	2.310512363910675049e-01	8.655473589897155762e-01	3.959466814994812012e-01	1.067790463566780090e-01	2.154126614332199097e-01	9.348417818546295166e-02	1.756677925586700439e-01	1.000000000000000000e+00	5.627577304840087891e-01	1.324142068624496460e-01	7.740911841392517090e-02	1.438717097043991089e-01
4.411791324615478516e+00	2.587168216705322266e-01	4.212969541549682617e-01	6.426111459732055664e-01	1.238630637526512146e-01	1.968221515417098999e-01	4.715284407138824463e-01	7.695368677377700806e-02	1.000000000000000000e+00	9.324939548969268799e-02	1.520051509141921997e-01	1.819440871477127075e-01	6.272966265678405762e-01
4.458231449127197266e+00	7.661953568458557129e-01	9.017997421324253082e-03	5.201761126518249512e-01	2.674517035484313965e-01	4.818560928106307983e-02	2.853467762470245361e-01	4.399962723255157471e-01	1.000000000000000000e+00	6.027721986174583435e-02	2.245829701423645020e-01	9.245092868804931641e-01	1.173421069979667664e-01
4.504671096801757812e+00	4.234343469142913818e-01	3.203222453594207764e-01	7.167361974716186523e-01	1.126950383186340332e-01	2.635987699031829834e-01	2.631174027919769287e-01	1.274833828210830688e-01	1.000000000000000000e+00	5.453106015920639038e-02	1.719347089529037476e-01	2.632205486297607422e-01	4.392708241939544678e-01
4.551111221313476562e+00	1.459276378154754639e-01	3.715096414089202881e-01	3.766139447689056396e-01	5.604094639420509338e-02	3.205001652240753174e-01	3.119719587266445160e-02	5.978262424468994141e-01	1.128277853131294250e-01	1.000000000000000000e+00	4.789135605096817017e-02	2.657183706760406494e-01	6.919662952423095703e-01
4.597550868988037109e+00	1.815101653337478638e-01	2.220459729433059692e-01	1.282584071159362793e-01	1.102469265460968018e-01	5.621862411499023438e-02	3.896948695182800293e-02	8.768407255411148071e-02	2.647366188466548920e-02	1.000000000000000000e+00	1.253784447908401489e-02	3.716785833239555359e-02	1.864634081721305847e-02
4.643990993499755859e+00	5.370335280895233154e-02	2.505669891834259033e-01	9.904471039772033691e-01	9.408202022314071655e-03	2.464607357978820801e-01	4.753019195050001144e-03	3.394392132759094238e-02	2.910499572753906250e-01	1.000000000000000000e+00	3.280309215188026428e-02	1.080300360918045044e-01	3.585725426673889160e-01
4.690430641174316406e+00	1.752836070954799652e-02	1.000000000000000000e+00	4.887994751334190369e-02	2.151481434702873230e-02	4.037580192089080811e-01	2.207393385469913483e-02	2.542410492897033691e-01	4.649015143513679504e-02	8.232107758522033691e-01	2.285139262676239014e-01	2.548160962760448456e-02	3.992442190647125244e-01
4.736870765686035156e+00	9.482426643371582031e-01	2.170800119638442993e-01	8.152432441711425781e-01	1.423693913966417313e-02	1.136066541075706482e-01	2.342644184827804565e-01	3.195612505078315735e-02	1.537194550037384033e-01	1.000000000000000000e+00	6.271247863769531250e-01	1.183250099420547485e-01	1.385054830461740494e-02
4.783310890197753906e+00	2.430031076073646545e-02	3.144041001796722412e-01	6.303838491439819336e-01	9.707004763185977936e-03	7.987863570451736450e-02	1.684686914086341858e-02	4.890228435397148132e-02	1.437809765338897705e-01	1.000000000000000000e+00	4.354476928710937500e-03	8.180078119039535522e-02	2.970812842249870300e-03
4.829750537872314453e+00	5.656037479639053345e-02	2.477429807186126709e-01	8.640477061271667480e-01	6.993894930928945541e-03	1.409105062484741211e-01	3.264188766479492188e-02	4.040420800447463989e-02	2.058707028627395630e-01	1.000000000000000000e+00	3.064357638359069824e-01	6.888296455144882202e-02	2.998679578304290771e-01
4.876190662384033203e+00	1.138261556625366211e-01	2.215916067361831665e-01	6.587627530097961426e-02	8.465377241373062134e-02	5.414269566535949707e-01	3.462101891636848450e-02	5.704443454742431641e-01	3.069690614938735962e-02	1.000000000000000000e+00	1.126763150095939636e-01	2.889479398727416992e-01	6.399871110916137695e-01
4.922630310058593750e+00	1.744199246168136597e-01	3.960995078086853027e-01	4.503730833530426025e-01	1.555307675153017044e-02	7.863990962505340576e-02	1.230960041284561157e-01	7.682077586650848389e-02	1.414926201105117798e-01	1.000000000000000000e+00	6.828543543815612793e-01	6.297143548727035522e-02	4.757195711135864258e-02
4.969070434570312500e+00	8.329330384731292725e-02	2.880812585353851318e-01	8.317834734916687012e-01	3.185982257127761841e-02	2.189058065414428711e-01	1.482007950544357300e-01	5.000301823019981384e-02	4.010552465915679932e-01	1.000000000000000000e+00	8.842122554779052734e-02	1.501383036375045776e-01	2.311579585075378418e-01
5.015510082244873047e+00	2.218807935714721680e-01	8.522625267505645752e-02	2.871416807174682617e-01	1.903716921806335449e-01	5.498966574668884277e-02	3.691337257623672485e-02	2.702549099922180176e-01	1.000000000000000000e+00	5.470905825495719910e-02	2.137360423803329468e-01	3.993862271308898926e-01	1.815011352300643921e-01
5.061950206756591797e+00	2.329516410827636719e-01	4.697288572788238525e-01	3.331781625747680664e-01	5.856838822364807129e-02	2.756921201944351196e-02	1.776860058307647705e-01	1.024389117956161499e-01	1.000000000000000000e+00	5.847706459462642670e-03	2.657223865389823914e-02	1.117000505328178406e-01	4.931645840406417847e-02
5.108389854431152344e+00	2.909957468509674072e-01	1.546819955110549927e-01	3.766612112522125244e-01	2.565332949161529541e-01	7.594436407089233398e-02	4.395101591944694519e-02	2.992173731327056885e-01	1.000000000000000000e+00	2.986442856490612030e-02	1.500006616115570068e-01	8.995509147644042969e-01	6.155971065163612366e-02
5.154829978942871094e+00	9.644216299057006836e-01	8.547452092170715332e-02	4.088098704814910889e-01	1.587894707918167114e-01	2.100701630115509033e-01	5.797267556190490723e-01	4.260696098208427429e-02	1.000000000000000000e+00	6.214036792516708374e-02	6.421884149312973022e-02	4.988373517990112305e-01	7.033144589513540268e-03
5.201269626617431641e+00	2.373915761709213257e-01	9.686352610588073730e-01	1.890012919902801514e-01	8.275207877159118652e-02	2.808974385261535645e-01	3.438962250947952271e-02	5.013958811759948730e-01	1.000000000000000000e+00	3.279363512992858887e-01	1.876359283924102783e-01	4.368066787719726562e-02	1.726155877113342285e-01
5.247709751129150391e+00	2.547455430030822754e-01	6.601630449295043945e-01	5.287824571132659912e-02	5.151525884866714478e-02	1.772817969322204590e-02	4.155541211366653442e-02	1.911008656024932861e-01	1.000000000000000000e+00	2.253535576164722443e-02	4.643004015088081360e-02	7.935376837849617004e-03	7.053428143262863159e-02
5.294149875640869141e+00	3.343024849891662598e-01	7.956566214561462402e-01	2.299176305532455444e-01	4.840266332030296326e-02	4.111008718609809875e-02	7.186544686555862427e-02	2.245097905397415161e-01	1.000000000000000000e+00	4.948171600699424744e-02	1.088799908757209778e-01	2.538583800196647644e-02	5.740873515605926514e-02
5.340589523315429688e+00	2.184724658727645874e-01	8.687052726745605469e-01	4.877740144729614258e-01	1.102695912122726440e-01	1.121217682957649231e-01	4.131438136100769043e-01	2.269252091646194458e-01	1.000000000000000000e+00	9.723406285047531128e-02	8.112861216068267822e-02	1.575766354799270630e-01	4.356045424938201904e-01
5.387029647827148438e+00	2.676715850830078125e-01	2.212366908788681030e-01	2.908802032470703125e-01	1.867855936288833618e-01	4.900866374373435974e-02	1.097622960805892944e-01	1.113403216004371643e-01	1.000000000000000000e+00	5.140984058380126953e-01	1.075825914740562439e-01	6.609625220298767090e-01	3.405057638883590698e-02
5.433469295501708984e+00	5.789053067564964294e-02	2.539764642715454102e-01	8.361061103641986847e-03	4.338168501853942871e-01	8.783957362174987793e-02	9.144908189773559570e-01	2.483725547790527344e-01	1.987203955650329590e-01	1.000000000000000000e+00	7.344252616167068481e-02	2.522739470005035400e-01	1.685256958007812500e-01
5.479909420013427734e+00	2.237755209207534790e-01	2.625189125537872314e-01	7.864941954612731934e-01	6.326388567686080933e-02	9.106006622314453125e-01	1.000000000000000000e+00	8.698580414056777954e-02	2.448190450668334961e-01	1.724446751177310944e-02	9.047759175300598145e-01	3.231692314147949219e-01	5.549792200326919556e-02
5.526349067687988281e+00	4.015740752220153809e-02	6.751142740249633789e-01	5.046674609184265137e-01	1.354536712169647217e-01	1.723318248987197876e-01	1.000000000000000000e+00	4.046106934547424316e-01	1.364475339651107788e-01	8.034040927886962891e-01	4.658097028732299805e-01	2.838224768638610840e-01	7.541894316673278809e-01
5.572789192199707031e+00	2.169986069202423096e-02	6.503186821937561035e-01	5.285708308219909668e-01	1.357736289501190186e-01	2.971284985542297363e-01	1.000000000000000000e+00	1.289553940296173096e-01	1.886114329099655151e-01	6.366791725158691406e-01	7.104910910129547119e-02	3.944176733493804932e-01	9.805203676223754883e-01
5.619228839874267578e+00	1.366116702556610107e-01	2.042090594768524170e-01	5.989480018615722656e-01	2.135114818811416626e-01	1.018072441220283508e-01	1.000000000000000000e+00	9.266502857208251953e-01	3.489743769168853760e-01	3.970237672328948975e-01	9.839246422052383423e-02	2.682937681674957275e-01	5.179587006568908691e-01
5.665668964385986328e+00	8.562552742660045624e-03	3.342005908489227295e-01	2.534940838813781738e-01	2.424617707729339600e-01	2.568285465240478516e-01	1.000000000000000000e+00	1.369567066431045532e-01	9.776320308446884155e-02	4.498511552810668945e-02	3.419238924980163574e-01	2.405255883932113647e-01	9.772496223449707031e-01
5.712108612060546875e+00	3.273661062121391296e-02	5.138579756021499634e-02	9.534371644258499146e-02	7.516829669475555420e-02	7.977000474929809570e-01	1.000000000000000000e+00	1.436509378254413605e-02	6.784366816282272339e-02	9.847454726696014404e-03	1.890560090541839600e-01	4.356055259704589844e-01	9.986376166343688965e-01
5.758548736572265625e+00	1.928132772445678711e-02	1.010247319936752319e-01	2.445005029439926147e-01	3.298482671380043030e-02	2.383313924074172974e-01	1.000000000000000000e+00	7.045849692076444626e-03	1.321080476045608521e-01	5.375330336391925812e-03	3.107762634754180908e-01	2.442136853933334351e-01	9.110696911811828613e-01
5.804988861083984375e+00	1.876112818717956543e-02	5.032296180725097656e-01	4.123274087905883789e-01	1.684025973081588745e-01	1.878853291273117065e-01	1.000000000000000000e+00	9.417649358510971069e-02	1.568994224071502686e-01	4.689888954162597656e-01	1.312072128057479858e-01	2.942329049110412598e-01	6.683452129364013672e-01
5.851428508758544922e+00	6.023051589727401733e-02	6.426179409027099609e-01	8.139212131500244141e-01	2.804872691631317139e-01	4.604651778936386108e-02	1.000000000000000000e+00	2.427877187728881836e-01	2.114726006984710693e-01	7.236745953559875488e-02	1.517102569341659546e-01	5.481539964675903320e-01	5.853432789444923401e-02
5.897868633270263672e+00	5.429552495479583740e-02	1.746570020914077759e-01	9.660031199455261230e-01	1.000000000000000000e+00	4.585600495338439941e-01	6.861048340797424316e-01	9.541485458612442017e-02	7.524097710847854614e-02	2.351150363683700562e-01	1.252799201756715775e-02	7.313418388366699219e-01	6.444425135850906372e-02
5.944308280944824219e+00	2.163944393396377563e-01	1.072776541113853455e-01	9.716260433197021484e-01	1.000000000000000000e+00	4.558746889233589172e-02	7.402767986059188843e-02	1.708160527050495148e-02	6.048315763473510742e-01	2.451117336750030518e-01	2.274489589035511017e-02	7.025660574436187744e-02	7.780967652797698975e-02
5.990748405456542969e+00	1.163168400526046753e-01	9.959039688110351562e-01	9.874851256608963013e-02	1.000000000000000000e+00	4.311388731002807617e-01	7.547755539417266846e-02	6.198941469192504883e-01	6.965741515159606934e-02	2.304852753877639771e-01	3.966922760009765625e-01	1.170511320233345032e-01	3.149557113647460938e-01
6.037188053131103516e+00	1.031931582838296890e-02	1.000000000000000000e+00	2.675579786300659180e-01	9.934520721435546875e-01	5.864890664815902710e-02	5.589550361037254333e-02	3.322303295135498047e-01	5.390915274620056152e-02	2.458852678537368774e-01	5.216200351715087891e-01	8.517814800143241882e-03	2.763757109642028809e-01
6.083628177642822266e+00	2.382989376783370972e-01	2.890184335410594940e-02	9.537737369537353516e-01	1.000000000000000000e+00	7.324860244989395142e-02	7.701931148767471313e-02	2.462171763181686401e-01	2.006842494010925293e-01	2.487794160842895508e-01	1.921343989670276642e-02	3.045462071895599365e-01	1.103127449750900269e-01
6.130067825317382812e+00	3.585300594568252563e-02	9.358198195695877075e-02	9.590528011322021484e-01	1.000000000000000000e+00	4.830209165811538696e-02	5.724219232797622681e-02	2.590438909828662872e-02	2.221979796886444092e-01	2.264851331710815430e-01	2.963123656809329987e-02	2.295211553573608398e-01	5.523643642663955688e-02
6.176507949829101562e+00	5.058457255363464355e-01	2.094396799802780151e-01	8.315927386283874512e-01	1.000000000000000000e+00	1.101163923740386963e-01	1.843525171279907227e-01	4.678299278020858765e-02	2.105524837970733643e-01	2.498698681592941284e-01	3.236961960792541504e-01	9.978110343217849731e-02	1.031022220849990845e-01
6.222948074340820312e+00	7.280095666646957397e-02	5.808323249220848083e-02	1.983286440372467041e-01	1.000000000000000000e+00	3.311564214527606964e-03	1.305045336484909058e-01	1.079949084669351578e-02	1.362052857875823975e-01	2.448160350322723389e-01	8.635486364364624023e-01	5.323836952447891235e-02	8.041339367628097534e-02
6.269387722015380859e+00	5.494535341858863831e-02	9.508964419364929199e-02	2.140751183032989502e-01	1.000000000000000000e+00	3.790797200053930283e-04	1.018216013908386230e-01	2.653072029352188110e-02	1.835852116346359253e-01	2.309377789497375488e-01	9.097335338592529297e-01	1.926400326192378998e-02	7.733694463968276978e-02
6.315827846527099609e+00	1.220810189843177795e-01	3.541797399520874023e-02	9.976172447204589844e-01	1.000000000000000000e+00	7.841324806213378906e-02	5.096126347780227661e-02	2.465334720909595490e-03	2.268511652946472168e-01	2.503039240837097168e-01	2.779181487858295441e-02	8.768607676029205322e-02	5.530654266476631165e-02
6.362267494201660156e+00	1.141598373651504517e-01	5.420016869902610779e-02	1.000000000000000000e+00	1.277444064617156982e-01	1.032811924815177917e-01	5.877377390861511230e-01	5.600609630346298218e-02	2.673201858997344971e-01	7.436374574899673462e-02	1.096647307276725769e-01	2.747031152248382568e-01	3.087813407182693481e-02
6.408707618713378906e+00	3.022211790084838867e-02	5.913241300731897354e-03	1.000000000000000000e+00	1.245169639587402344e-01	1.290267407894134521e-01	9.955531917512416840e-03	3.428601101040840149e-02	1.998690068721771240e-01	3.531252592802047729e-02	2.246294170618057251e-02	1.304898411035537720e-01	1.701969839632511139e-02
6.455147266387939453e+00	2.638536319136619568e-02	7.033668458461761475e-03	1.000000000000000000e+00	2.359576821327209473e-01	1.303594708442687988e-01	1.912875846028327942e-02	2.808030880987644196e-02	1.889596879482269287e-01	5.772889032959938049e-02	1.604629307985305786e-02	1.299330890178680420e-01	2.235544286668300629e-02
6.501587390899658203e+00	2.816144376993179321e-02	4.670934751629829407e-03	1.000000000000000000e+00	1.427157372236251831e-01	1.030131280422210693e-01	1.166210509836673737e-02	2.397648431360721588e-02	2.001549005508422852e-01	3.766843304038047791e-02	1.619456522166728973e-02	1.094031929969787598e-01	1.267933379858732224e-02
6.548027038574218750e+00	2.459846064448356628e-02	5.397920031100511551e-03	1.000000000000000000e+00	9.623502939939498901e-02	1.604026854038238525e-01	3.609700873494148254e-02	3.208930045366287231e-02	1.784945875406265259e-01	3.133976832032203674e-02	3.063227981328964233e-02	1.512484699487686157e-01	1.465486455708742142e-02
6.594467163085937500e+00	2.413293346762657166e-02	6.710983347147703171e-03	1.000000000000000000e+00	1.444275975227355957e-01	1.042948216199874878e-01	1.660635322332382202e-02	2.835990116000175476e-02	2.006598711013793945e-01	3.830388188362121582e-02	3.586347401142120361e-02	1.109838336706161499e-01	1.617675833404064178e-02
6.640906810760498047e+00	2.156224288046360016e-02	5.182187072932720184e-03	1.000000000000000000e+00	1.443279087543487549e-01	1.150809451937675476e-01	2.327204495668411255e-02	2.106661535799503326e-02	1.968210637569427490e-01	3.682494908571243286e-02	3.719098493456840515e-02	1.210061162710189819e-01	1.393589749932289124e-02
6.687346935272216797e+00	2.172952517867088318e-02	3.815166652202606201e-03	1.000000000000000000e+00	8.689425140619277954e-02	1.053395569324493408e-01	2.605156414210796356e-02	1.712404191493988037e-02	1.980260312557220459e-01	2.241649851202964783e-02	3.898330405354499817e-02	1.146765649318695068e-01	1.223517395555973053e-02
6.733787059783935547e+00	2.241274714469909668e-02	1.069411518983542919e-03	1.000000000000000000e+00	2.607438713312149048e-03	9.853462129831314087e-02	2.108719944953918457e-02	1.438936125487089157e-02	2.006592750549316406e-01	2.515835687518119812e-03	3.719047084450721741e-02	1.099113374948501587e-01	6.130066234618425369e-03
6.780226707458496094e+00	7.175325602293014526e-02	1.238582748919725418e-02	1.000000000000000000e+00	2.967783510684967041e-01	2.055791318416595459e-01	5.006052553653717041e-02	1.881775446236133575e-02	1.593130826950073242e-01	7.537043094635009766e-02	2.975315041840076447e-02	2.015714049339294434e-01	5.413537845015525818e-02
6.826666831970214844e+00	2.840906083583831787e-01	9.707906246185302734e-01	2.388849481940269470e-02	1.000000000000000000e+00	7.855728268623352051e-02	1.377235800027847290e-01	2.514276802539825439e-01	3.436326235532760620e-02	2.484068274497985840e-01	8.351761102676391602e-02	3.299262374639511108e-02	2.182141840457916260e-01
6.873106479644775391e+00	8.422999829053878784e-02	3.090865723788738251e-02	9.724851250648498535e-01	1.000000000000000000e+00	6.702377647161483765e-02	4.672367125749588013e-02	2.262003254145383835e-04	3.641794323921203613e-01	2.262803018093109131e-01	3.699912503361701965e-02	7.536731660366058350e-02	1.141075640916824341e-01
6.919546604156494141e+00	5.289772152900695801e-02	9.417366385459899902e-01	2.059461735188961029e-02	1.000000000000000000e+00	5.517536774277687073e-03	2.997822500765323639e-02	3.738166391849517822e-01	3.594563342630863190e-03	2.336041629314422607e-01	7.491909712553024292e-02	2.921234369277954102e-01	1.092587932944297791e-01
6.965986251831054688e+00	5.335136875510215759e-02	3.899683952331542969e-01	8.735507726669311523e-01	1.000000000000000000e+00	6.576709449291229248e-02	2.374337054789066315e-02	2.639373838901519775e-01	1.926556229591369629e-01	2.412545979022979736e-01	2.150443382561206818e-02	6.046366095542907715e-01	1.400026679039001465e-01
7.012426376342773438e+00	3.629229366779327393e-01	6.326436251401901245e-02	8.763557672500610352e-01	1.000000000000000000e+00	8.357645571231842041e-02	1.055902019143104553e-01	3.945134207606315613e-02	2.823835909366607666e-01	3.863905966281890869e-01	9.100061655044555664e-02	1.095549389719963074e-01	5.707493424415588379e-02
7.058866024017333984e+00	6.795415282249450684e-02	1.616567522287368774e-01	9.812036156654357910e-01	1.000000000000000000e+00	1.091003865003585815e-01	4.742325842380523682e-02	3.594765067100524902e-02	2.598919570446014404e-01	2.315507680177688599e-01	5.317101478576660156e-01	1.038701459765434265e-01	1.252996027469635010e-01
7.105306148529052734e+00	6.247647404670715332e-01	9.972866773605346680e-01	2.850502431392669678e-01	1.000000000000000000e+00	6.641796324402093887e-03	2.275488525629043579e-01	2.360864430665969849e-01	1.583322733640670776e-01	2.550635337829589844e-01	9.475163221359252930e-01	3.396796435117721558e-02	9.264789521694183350e-02
7.151745796203613281e+00	3.542708158493041992e-01	6.697018146514892578e-01	2.097606807947158813e-01	1.000000000000000000e+00	5.063372254371643066e-01	1.873734742403030396e-01	5.353865623474121094e-01	6.950305402278900146e-02	2.266414761543273926e-01	9.622790813446044922e-01	2.788659743964672089e-02	2.285999059677124023e-01
7.198185920715332031e+00	3.579844534397125244e-02	3.657252341508865356e-02	9.849598407745361328e-01	1.000000000000000000e+00	7.282548397779464722e-02	3.823010623455047607e-02	1.149156223982572556e-02	2.120816409587860107e-01	2.289888113737106323e-01	1.504035592079162598e-01	9.269551187753677368e-02	1.198366731405258179e-01
7.244626045227050781e+00	4.520218446850776672e-02	7.688504457473754883e-01	9.790106415748596191e-01	1.000000000000000000e+00	2.025939673185348511e-01	6.045734882354736328e-02	1.755097806453704834e-01	3.080532252788543701e-01	2.651060223579406738e-01	6.045239418745040894e-02	1.122099682688713074e-01	4.333289861679077148e-01
7.291065692901611328e+00	2.043419480323791504e-01	7.360982894897460938e-02	9.580318331718444824e-01	4.964080080389976501e-02	6.289152055978775024e-02	1.000000000000000000e+00	1.825834857299923897e-03	2.598764598369598389e-01	3.936331719160079956e-02	1.237857993692159653e-02	2.878158688545227051e-01	5.098618566989898682e-02
7.337505817413330078e+00	2.384898997843265533e-02	1.708758920431137085e-01	1.000000000000000000e+00	7.556003332138061523e-02	1.114396080374717712e-01	8.998370766639709473e-01	8.448789827525615692e-03	3.811911046504974365e-01	1.745415478944778442e-02	8.606402203440666199e-03	2.492921650409698486e-01	8.044702000916004181e-03
7.383945465087890625e+00	2.348795346915721893e-02	8.358299732208251953e-02	1.000000000000000000e+00	9.808387607336044312e-02	1.459956020116806030e-01	7.864356040954589844e-01	1.162934675812721252e-02	2.516092658042907715e-01	2.062032185494899750e-02	8.382440544664859772e-03	2.963813543319702148e-01	9.793808683753013611e-03
7.430385589599609375e+00	3.026714175939559937e-02	4.107006639242172241e-02	1.000000000000000000e+00	2.590543217957019806e-02	9.866674244403839111e-02	2.424861639738082886e-01	3.375553712248802185e-02	2.421965152025222778e-01	1.181616727262735367e-02	1.315366663038730621e-02	1.436911821365356445e-01	8.896834217011928558e-03
7.476825237274169922e+00	2.590975910425186157e-02	3.555509820580482483e-02	1.000000000000000000e+00	1.066410392522811890e-01	1.316154450178146362e-01	4.224337339401245117e-01	3.130954504013061523e-02	2.072427868843078613e-01	3.082381933927536011e-02	2.920139580965042114e-02	2.189601957798004150e-01	1.279526576399803162e-02
7.523265361785888672e+00	1.000000000000000000e+00	7.295373827219009399e-02	6.794070601463317871e-01	3.561397269368171692e-02	1.069298535585403442e-01	5.901929736137390137e-01	3.481333330273628235e-02	2.318124473094940186e-01	8.658638596534729004e-02	6.597695499658584595e-02	1.568349450826644897e-01	2.951571904122829437e-02
7.569705009460449219e+00	1.000000000000000000e+00	1.003120560199022293e-02	1.468273401260375977e-01	7.109212689101696014e-03	3.976848721504211426e-02	2.862589359283447266e-01	7.809206377714872360e-03	5.840710550546646118e-02	5.180290341377258301e-02	1.634756661951541901e-02	5.681735649704933167e-02	2.550331642851233482e-03
7.616145133972167969e+00	1.000000000000000000e+00	7.172728423029184341e-03	5.513699352741241455e-02	1.980681158602237701e-02	2.411295846104621887e-02	2.836238741874694824e-01	3.189331153407692909e-03	2.109545841813087463e-02	5.427518859505653381e-02	9.061337448656558990e-03	5.508757755160331726e-02	1.876628142781555653e-03
7.662585258483886719e+00	1.000000000000000000e+00	2.250547055155038834e-03	3.782676160335540771e-02	3.442505002021789551e-02	2.862475067377090454e-02	2.539347112178802490e-01	2.109760651364922523e-03	8.977786637842655182e-03	5.594179034233093262e-02	8.597009815275669098e-03	5.219704285264015198e-02	1.782733830623328686e-03
7.709024906158447266e+00	1.000000000000000000e+00	7.910526474006474018e-04	3.348429501056671143e-02	5.515522789210081100e-03	4.184174910187721252e-02	2.497243881225585938e-01	2.176974900066852570e-03	9.043933823704719543e-03	4.929282516241073608e-02	1.071969512850046158e-02	5.235475301742553711e-02	2.305671659996733069e-04
7.755465030670166016e+00	1.000000000000000000e+00	1.253724936395883560e-02	5.959314703941345215e-01	1.514982897788286209e-02	1.219235956668853760e-01	3.549815118312835693e-01	2.837345190346240997e-02	1.478122174739837646e-01	9.829930961132049561e-02	8.206883817911148071e-02	1.350828111171722412e-01	1.664337888360023499e-02
7.801904678344726562e+00	1.378189027309417725e-01	9.558150544762611389e-03	1.000000000000000000e+00	4.823802039027214050e-03	1.320818960666656494e-01	9.715894609689712524e-02	3.715074062347412109e-02	2.068241536617279053e-01	1.895612850785255432e-02	2.745673060417175293e-02	1.412524282932281494e-01	1.234994642436504364e-02
7.848344802856445312e+00	3.023975789546966553e-01	1.278246287256479263e-03	1.000000000000000000e+00	3.108441829681396484e-03	1.376703083515167236e-01	6.840151548385620117e-02	2.884664945304393768e-02	1.872149109840393066e-01	2.250030264258384705e-02	1.852918788790702820e-02	1.376600861549377441e-01	6.920349784195423126e-03
7.894784450531005859e+00	9.587500244379043579e-02	9.899849537760019302e-04	1.000000000000000000e+00	2.355949953198432922e-02	1.033511459827423096e-01	2.443604543805122375e-02	2.416336908936500549e-02	2.016136944293975830e-01	1.241639070212841034e-02	1.829789206385612488e-02	1.101379543542861938e-01	7.741873618215322495e-03
7.941224575042724609e+00	3.499205410480499268e-01	9.094912675209343433e-04	1.000000000000000000e+00	2.489710925146937370e-03	1.722604632377624512e-01	8.274418860673904419e-02	2.698627859354019165e-02	1.710279881954193115e-01	2.557536214590072632e-02	3.165677934885025024e-02	1.564435213804244995e-01	6.936680525541305542e-03
7.987664222717285156e+00	4.035205543041229248e-01	2.297209808602929115e-03	1.000000000000000000e+00	5.282540805637836456e-03	1.032586693763732910e-01	1.075446605682373047e-01	2.333707362413406372e-02	1.954058110713958740e-01	2.867292426526546478e-02	3.082722611725330353e-02	1.226969510316848755e-01	6.678855512291193008e-03
8.034104347229003906e+00	2.873635888099670410e-01	2.046890323981642723e-03	1.000000000000000000e+00	2.404446247965097427e-03	1.128066927194595337e-01	8.935729414224624634e-02	1.544809341430664062e-02	1.942935734987258911e-01	1.609471254050731659e-02	3.159041330218315125e-02	1.287766695022583008e-01	5.105956457555294037e-03
8.080544471740722656e+00	1.025007665157318115e-01	1.609347760677337646e-03	1.000000000000000000e+00	1.890660380013287067e-03	1.040650904178619385e-01	2.993948385119438171e-02	1.382179278880357742e-02	1.956829726696014404e-01	7.580420002341270447e-03	3.533630445599555969e-02	1.140412986278533936e-01	5.550011992454528809e-03
8.126984596252441406e+00	1.102393716573715210e-01	8.227606303989887238e-04	1.000000000000000000e+00	1.311539439484477043e-03	1.004203408956527710e-01	3.248717635869979858e-02	1.284837722778320312e-02	1.978701651096343994e-01	6.305004935711622238e-03	3.653739020228385925e-02	1.107700169086456299e-01	6.214094348251819611e-03
8.173423767089843750e+00	4.113901257514953613e-01	3.726954339072108269e-03	1.000000000000000000e+00	6.792429834604263306e-03	1.176997274160385132e-01	1.141571924090385437e-01	1.163035724312067032e-02	1.905840337276458740e-01	2.313687093555927277e-02	3.189388662576675415e-02	1.339469701051712036e-01	5.047996528446674347e-03
8.219863891601562500e+00	5.033922195434570312e-01	1.170659321360290051e-03	1.000000000000000000e+00	9.666161611676216125e-03	1.108956933021545410e-01	1.205119490623474121e-01	1.099257450550794601e-02	1.918158531188964844e-01	2.703662961721420288e-02	1.847011409699916840e-02	1.293920129537582397e-01	4.045609384775161743e-03
8.266304016113281250e+00	7.250136137008666992e-01	1.443668385036289692e-03	1.000000000000000000e+00	5.632228218019008636e-03	1.054220274090766907e-01	1.747511923313140869e-01	1.172641292214393616e-02	1.935408264398574829e-01	3.750777617096900940e-02	2.587493509054183960e-02	1.326991915702819824e-01	4.631014075130224228e-03
8.312744140625000000e+00	7.367302775382995605e-01	6.459667347371578217e-04	1.000000000000000000e+00	1.300181355327367783e-02	1.101763546466827393e-01	1.748776435852050781e-01	8.774844929575920105e-03	1.904678642749786377e-01	3.661967813968658447e-02	3.892684355378150940e-02	1.364350169897079468e-01	5.298388656228780746e-03
8.359183311462402344e+00	6.368888616561889648e-01	5.352898966521024704e-03	1.000000000000000000e+00	4.882396198809146881e-03	1.040814742445945740e-01	2.116048485040664673e-01	1.044435240328311920e-02	1.964134722948074341e-01	3.040842525660991669e-02	4.633057862520217896e-02	1.417843699455261230e-01	6.376839242875576019e-03
8.405623435974121094e+00	6.404666900634765625e-01	6.728307809680700302e-03	1.000000000000000000e+00	3.451305907219648361e-03	1.139926165342330933e-01	1.665234416723251343e-01	7.902050390839576721e-03	1.969001740217208862e-01	3.198490291833877563e-02	5.299169570207595825e-02	1.359630078077316284e-01	7.553949486464262009e-03
8.452063560485839844e+00	2.409746497869491577e-01	2.169410232454538345e-03	1.000000000000000000e+00	5.115107633173465729e-03	1.145610511302947998e-01	6.946290284395217896e-02	3.756278427317738533e-03	2.006416916847229004e-01	1.437802053987979889e-02	3.712989389896392822e-02	1.169348284602165222e-01	1.786073669791221619e-02
8.498503684997558594e+00	9.863237142562866211e-01	1.000000000000000000e+00	9.891527295112609863e-01	1.255672425031661987e-01	3.825934827327728271e-01	3.932345211505889893e-01	3.290029168128967285e-01	1.744840592145919800e-01	8.344068378210067749e-02	2.482264786958694458e-01	3.266904652118682861e-01	2.140368670225143433e-01
8.544942855834960938e+00	3.287213146686553955e-01	2.785426005721092224e-02	1.000000000000000000e+00	1.592837087810039520e-02	2.262740433216094971e-01	2.428900897502899170e-01	6.774139124900102615e-03	1.858042478561401367e-01	2.636694908142089844e-02	2.873769402503967285e-01	2.032602727413177490e-01	1.569214314222335815e-01
8.591382980346679688e+00	2.131940573453903198e-01	2.593917958438396454e-02	1.000000000000000000e+00	7.017870992422103882e-02	2.643878459930419922e-01	1.213740706443786621e-01	2.470072545111179352e-02	1.760772317647933960e-01	3.777487948536872864e-02	3.011837303638458252e-01	1.935033947229385376e-01	1.940850317478179932e-01
8.637823104858398438e+00	1.764994263648986816e-01	1.560725085437297821e-02	1.000000000000000000e+00	8.960960432887077332e-03	1.689861267805099487e-01	1.181104704737663269e-01	1.041674334555864334e-02	1.916120797395706177e-01	1.400320138782262802e-02	2.224747836589813232e-01	1.456202119588851929e-01	1.277511417865753174e-01
8.684263229370117188e+00	7.542787790298461914e-01	1.337848883122205734e-02	1.000000000000000000e+00	1.195619907230138779e-02	2.400338798761367798e-01	2.317733764648437500e-01	1.678833737969398499e-02	1.517018973827362061e-01	4.771064221858978271e-02	1.988969296216964722e-01	2.134328633546829224e-01	1.280711740255355835e-01
8.730703353881835938e+00	1.965381503105163574e-01	9.789147414267063141e-03	1.000000000000000000e+00	1.831552945077419281e-02	1.741620898246765137e-01	1.167138069868087769e-01	6.022686604410409927e-03	1.762163192033767700e-01	1.651548221707344055e-02	1.445184051990509033e-01	1.650330126285552979e-01	8.699693530797958374e-02
8.777142524719238281e+00	4.743076562881469727e-01	7.659313734620809555e-03	1.000000000000000000e+00	2.932516112923622131e-02	1.887297332286834717e-01	1.749204397201538086e-01	7.409918121993541718e-03	1.627707183361053467e-01	3.335548192262649536e-02	1.126082167029380798e-01	1.863326430320739746e-01	6.689926981925964355e-02
8.823582649230957031e+00	1.329711377620697021e-01	1.001042593270540237e-02	1.000000000000000000e+00	8.529842831194400787e-03	1.501256525516510010e-01	8.209916949272155762e-02	3.591159824281930923e-03	1.820515990257263184e-01	1.007480267435312271e-02	1.343239247798919678e-01	1.455251872539520264e-01	7.488213479518890381e-02
8.870022773742675781e+00	1.380677819252014160e-01	9.330958127975463867e-03	1.000000000000000000e+00	1.040743570774793625e-02	1.618711650371551514e-01	8.992471545934677124e-02	4.234167747199535370e-03	1.781409680843353271e-01	1.174659840762615204e-02	1.476055830717086792e-01	1.522959172725677490e-01	8.664013445377349854e-02
8.916462898254394531e+00	1.204519122838973999e-01	1.257088687270879745e-02	1.000000000000000000e+00	1.488882116973400116e-02	1.827858835458755493e-01	8.056922256946563721e-02	5.649195518344640732e-03	1.722139120101928711e-01	1.288031879812479019e-02	1.971824616193771362e-01	1.589573174715042114e-01	1.229194626212120056e-01
8.962902069091796875e+00	1.582362949848175049e-01	1.088775321841239929e-02	1.000000000000000000e+00	2.701447159051895142e-02	2.142496705055236816e-01	9.339150041341781616e-02	5.050881300121545792e-03	1.577001512050628662e-01	1.676732674241065979e-02	1.920163631439208984e-01	1.834776103496551514e-01	1.276498287916183472e-01
9.009342193603515625e+00	1.208065450191497803e-01	1.059694774448871613e-02	1.000000000000000000e+00	1.340334676206111908e-02	2.046768814325332642e-01	9.733539819717407227e-02	4.942489322274923325e-03	1.610881239175796509e-01	1.236495561897754669e-02	1.846787482500076294e-01	1.805963814258575439e-01	1.166263520717620850e-01
9.055782318115234375e+00	7.777726650238037109e-02	7.954955101013183594e-03	1.000000000000000000e+00	1.189510524272918701e-02	1.874817013740539551e-01	5.745725333690643311e-02	3.841096302494406700e-03	1.675730049610137939e-01	8.893829770386219025e-03	1.552246809005737305e-01	1.627759486436843872e-01	1.000848412513732910e-01
9.102222442626953125e+00	1.088453605771064758e-01	4.968989640474319458e-03	1.000000000000000000e+00	1.542174164205789566e-02	2.149740159511566162e-01	7.190215587615966797e-02	9.890428744256496429e-03	1.879597753286361694e-01	9.752095676958560944e-03	8.959618210792541504e-02	1.875672191381454468e-01	5.912089720368385315e-02
