0.000000000000000000e+00	4.123240709304809570e-01	6.230381876230239868e-02	4.700502753257751465e-01	3.310402333736419678e-01	4.359165951609611511e-02	1.537832170724868774e-01	5.920556187629699707e-02	1.636836230754852295e-01	1.887012124061584473e-01	1.567368954420089722e-01	1.000000000000000000e+00	4.520687460899353027e-02
4.643990844488143921e-02	6.967031955718994141e-01	2.407934516668319702e-02	1.969764083623886108e-01	2.607312500476837158e-01	1.198174804449081421e-01	1.694345027208328247e-01	2.935617566108703613e-01	6.862969994544982910e-01	7.495706528425216675e-02	6.288137435913085938e-01	1.000000000000000000e+00	1.217991337180137634e-01
9.287981688976287842e-02	9.632548689842224121e-02	4.424612820148468018e-01	1.356274913996458054e-02	2.291619479656219482e-01	2.562226355075836182e-02	5.244661569595336914e-01	1.393459737300872803e-01	2.197543382644653320e-01	4.104780554771423340e-01	7.715279608964920044e-02	1.000000000000000000e+00	1.160545088350772858e-02
1.393197327852249146e-01	5.902614444494247437e-02	1.069680303335189819e-01	3.677700161933898926e-01	2.387313544750213623e-01	3.212018683552742004e-02	2.962413132190704346e-01	5.080407112836837769e-02	2.358047962188720703e-01	2.904402017593383789e-01	8.149155378341674805e-01	1.000000000000000000e+00	1.094012558460235596e-01
1.857596337795257568e-01	3.138030469417572021e-01	2.528470568358898163e-02	1.581395566463470459e-01	2.291334122419357300e-01	9.936932474374771118e-02	5.831008777022361755e-02	5.192910432815551758e-01	8.675674200057983398e-01	4.477520287036895752e-02	1.383191253989934921e-02	1.000000000000000000e+00	2.845779955387115479e-01
2.321995496749877930e-01	1.370846331119537354e-01	4.645750857889652252e-03	8.762286901473999023e-01	2.149540185928344727e-01	1.930489689111709595e-01	2.636906206607818604e-01	8.824604004621505737e-02	3.643634021282196045e-01	6.615416705608367920e-02	5.993602275848388672e-01	1.000000000000000000e+00	5.646923184394836426e-01
2.786394655704498291e-01	6.220266222953796387e-01	1.718422025442123413e-01	9.869544208049774170e-02	3.336791992187500000e-01	4.459913074970245361e-01	1.286458373069763184e-01	7.952134311199188232e-02	9.685639739036560059e-01	6.451137065887451172e-01	3.894122242927551270e-01	1.000000000000000000e+00	6.851025670766830444e-02
3.250793516635894775e-01	3.963295519351959229e-01	1.363944560289382935e-01	1.936173290014266968e-01	2.394493967294692993e-01	6.307385861873626709e-02	1.154811531305313110e-01	1.000000000000000000e+00	1.402899175882339478e-01	6.255298852920532227e-02	1.146040484309196472e-01	9.990636110305786133e-01	2.967813313007354736e-01
3.715192675590515137e-01	2.516036629676818848e-01	3.577496856451034546e-03	1.069945767521858215e-01	2.069727778434753418e-01	1.492713242769241333e-01	9.323117882013320923e-02	3.352164328098297119e-01	1.472407430410385132e-01	3.213051706552505493e-02	3.355707973241806030e-02	1.000000000000000000e+00	5.363025516271591187e-02
4.179591834545135498e-01	2.279353328049182892e-02	2.920248508453369141e-01	2.706644833087921143e-01	2.320802658796310425e-01	4.911485314369201660e-02	1.641759276390075684e-01	1.405970752239227295e-01	4.136716946959495544e-02	4.949705004692077637e-01	8.798279762268066406e-01	1.000000000000000000e+00	1.526433881372213364e-02
4.643990993499755859e-01	5.943592265248298645e-02	4.066392034292221069e-02	1.854070276021957397e-01	2.280970364809036255e-01	2.100639790296554565e-01	8.701420389115810394e-03	1.627445220947265625e-01	1.905004829168319702e-01	2.803708612918853760e-02	2.877357602119445801e-02	1.000000000000000000e+00	9.367758631706237793e-01
5.108389854431152344e-01	2.487183809280395508e-01	7.675861939787864685e-03	6.333543360233306885e-02	2.562545537948608398e-01	2.702306509017944336e-01	4.646793752908706665e-02	2.246634364128112793e-01	4.977471232414245605e-01	3.942221030592918396e-02	2.426829785108566284e-01	1.000000000000000000e+00	9.622148275375366211e-01
5.572789311408996582e-01	9.706903696060180664e-01	7.918179966509342194e-03	1.222637146711349487e-01	2.850011885166168213e-01	6.331057101488113403e-02	2.011911422014236450e-01	5.628183484077453613e-01	3.125007450580596924e-02	1.401894986629486084e-01	1.688426882028579712e-01	1.000000000000000000e+00	3.188838958740234375e-01
6.037188172340393066e-01	7.161530852317810059e-02	2.144996225833892822e-01	8.644457161426544189e-02	2.708482742309570312e-01	1.762990206480026245e-01	2.270392142236232758e-02	1.723733842372894287e-01	1.827706545591354370e-01	9.723916649818420410e-01	1.691016256809234619e-01	1.000000000000000000e+00	3.794669508934020996e-01
6.501587033271789551e-01	2.632190585136413574e-01	1.765570491552352905e-01	1.974555999040603638e-01	2.693573832511901855e-01	1.973801292479038239e-02	1.663320213556289673e-01	8.937502652406692505e-02	9.734538197517395020e-01	4.300240427255630493e-02	8.961641192436218262e-01	1.000000000000000000e+00	1.204863935708999634e-01
6.965986490249633789e-01	7.029289752244949341e-02	5.612282156944274902e-01	1.671964526176452637e-01	3.822196722030639648e-01	1.665086150169372559e-01	5.521589517593383789e-02	3.878000974655151367e-01	2.721734344959259033e-01	1.000000000000000000e+00	6.752102375030517578e-01	6.093225479125976562e-01	2.892104089260101318e-01
7.430385351181030273e-01	8.264055103063583374e-02	6.090761721134185791e-02	2.936392426490783691e-01	8.053845167160034180e-02	2.017734050750732422e-01	9.865240752696990967e-02	4.303242266178131104e-01	1.429263055324554443e-01	2.459109574556350708e-01	1.000000000000000000e+00	1.080245599150657654e-01	1.824287921190261841e-01
7.894784808158874512e-01	3.329478949308395386e-02	1.684678196907043457e-01	2.841377854347229004e-01	6.671818438917398453e-03	8.372998982667922974e-02	1.002444997429847717e-01	6.331387162208557129e-01	6.072654575109481812e-02	6.939368695020675659e-02	1.000000000000000000e+00	1.950705982744693756e-02	2.496693730354309082e-01
8.359183669090270996e-01	3.473573178052902222e-02	2.259927988052368164e-01	2.086756676435470581e-01	3.623067736625671387e-01	2.997993491590023041e-02	1.092111766338348389e-01	2.875592112541198730e-01	1.021159365773200989e-01	1.293775737285614014e-01	1.000000000000000000e+00	5.507659167051315308e-02	1.647792309522628784e-01
8.823582530021667480e-01	4.874181468039751053e-03	8.497840724885463715e-03	2.332603782415390015e-01	1.365018729120492935e-02	1.091426461935043335e-01	1.153357997536659241e-01	8.654129505157470703e-01	2.897379919886589050e-02	2.111538685858249664e-02	1.000000000000000000e+00	5.481464415788650513e-02	4.634019732475280762e-01
9.287981986999511719e-01	1.535861790180206299e-01	6.496001780033111572e-02	5.542560219764709473e-01	1.581931859254837036e-01	2.355239838361740112e-01	2.104095518589019775e-01	6.071149557828903198e-02	4.394945502281188965e-01	2.860885262489318848e-01	1.000000000000000000e+00	6.749426126480102539e-01	1.510193645954132080e-01
9.752380847930908203e-01	4.357581734657287598e-01	7.907412201166152954e-02	2.071702033281326294e-01	2.649320960044860840e-01	1.683662980794906616e-01	5.218457579612731934e-01	5.314565077424049377e-02	8.639771342277526855e-01	1.363428682088851929e-01	4.960756599903106689e-01	1.000000000000000000e+00	7.021424770355224609e-01
1.021677970886230469e+00	6.379536986351013184e-01	7.468506693840026855e-01	1.297338008880615234e-01	2.161028385162353516e-01	9.887269139289855957e-02	1.301628798246383667e-01	8.740250468254089355e-01	4.761041328310966492e-02	7.331793308258056641e-01	1.750539988279342651e-01	1.000000000000000000e+00	1.492441743612289429e-01
1.068117856979370117e+00	2.666758745908737183e-02	1.907493621110916138e-01	5.653192102909088135e-02	2.548754811286926270e-01	6.520690023899078369e-02	4.781420528888702393e-02	8.093968033790588379e-02	2.505083568394184113e-02	7.469826340675354004e-01	1.459441930055618286e-01	1.000000000000000000e+00	7.448542863130569458e-02
1.114557862281799316e+00	3.278256058692932129e-01	1.412386889569461346e-03	1.662051230669021606e-01	2.361595928668975830e-01	2.414046414196491241e-02	5.355086550116539001e-02	2.130226492881774902e-01	9.545558094978332520e-01	4.307311400771141052e-02	9.378908574581146240e-02	1.000000000000000000e+00	9.049810469150543213e-02
1.160997748374938965e+00	2.333789467811584473e-01	2.326411902904510498e-01	2.873776555061340332e-01	2.593393027782440186e-01	2.129907757043838501e-01	8.403654396533966064e-02	1.643869429826736450e-01	8.696728944778442383e-02	9.836260676383972168e-01	6.010470986366271973e-01	1.000000000000000000e+00	7.015417814254760742e-01
1.207437634468078613e+00	8.213545382022857666e-02	2.563656866550445557e-01	9.436339139938354492e-02	2.335731685161590576e-01	4.363959431648254395e-01	1.032456755638122559e-02	9.370834380388259888e-02	1.117306500673294067e-01	9.987962841987609863e-01	2.041111439466476440e-01	1.000000000000000000e+00	2.873698435723781586e-02
1.253877520561218262e+00	5.036305263638496399e-02	1.385259777307510376e-01	1.055413633584976196e-01	2.219465672969818115e-01	1.396459527313709259e-02	1.629869081079959869e-02	2.394335567951202393e-01	2.662559226155281067e-02	3.672883659601211548e-02	8.712264895439147949e-02	1.000000000000000000e+00	6.759753078222274780e-02
1.300317406654357910e+00	6.873439252376556396e-02	3.375873565673828125e-01	2.299053966999053955e-01	2.425822913646697998e-01	1.379198431968688965e-01	2.749136276543140411e-02	1.137479692697525024e-01	1.271804273128509521e-01	3.446010053157806396e-01	4.116563796997070312e-01	1.000000000000000000e+00	1.077608112245798111e-02
1.346757411956787109e+00	3.558978810906410217e-02	1.915009692311286926e-02	4.045451879501342773e-01	2.279832214117050171e-01	9.374793618917465210e-02	1.291525810956954956e-01	5.570074170827865601e-02	9.014791995286941528e-02	3.180551156401634216e-02	9.743646979331970215e-01	1.000000000000000000e+00	3.464337587356567383e-01
1.393197298049926758e+00	8.108797669410705566e-02	9.293450042605400085e-03	2.322387136518955231e-02	2.323663830757141113e-01	3.730069100856781006e-02	7.780854590237140656e-03	1.936407536268234253e-01	1.673401296138763428e-01	3.011789545416831970e-02	6.958430260419845581e-02	1.000000000000000000e+00	6.722375005483627319e-02
1.439637184143066406e+00	6.857953965663909912e-02	6.889506429433822632e-02	1.045558005571365356e-01	2.696131765842437744e-01	3.001666367053985596e-01	1.442436128854751587e-02	2.336488366127014160e-01	1.937921792268753052e-01	5.306283012032508850e-02	2.248526811599731445e-01	1.000000000000000000e+00	9.610945582389831543e-01
1.486077070236206055e+00	2.402226477861404419e-01	2.026247978210449219e-02	9.944924712181091309e-02	2.896688878536224365e-01	1.712873131036758423e-01	3.000952489674091339e-02	1.195286810398101807e-01	9.954828023910522461e-01	3.810353577136993408e-02	6.079300120472908020e-02	1.000000000000000000e+00	6.886568069458007812e-01
1.532516956329345703e+00	1.925510764122009277e-01	2.076865434646606445e-01	1.438124179840087891e-01	2.383657246828079224e-01	1.290136277675628662e-01	5.629628151655197144e-02	1.100066602230072021e-01	5.064608454704284668e-01	9.642306566238403320e-01	4.258649051189422607e-01	1.000000000000000000e+00	4.959753155708312988e-02
1.578956961631774902e+00	8.816534876823425293e-01	2.673677802085876465e-01	6.270135939121246338e-02	2.386809587478637695e-01	1.115257143974304199e-01	6.539972424507141113e-01	9.270077198743820190e-02	4.978738427162170410e-01	2.937874495983123779e-01	2.646627724170684814e-01	1.000000000000000000e+00	3.321096897125244141e-01
1.625396847724914551e+00	1.916610002517700195e-01	1.232518702745437622e-01	2.556922733783721924e-01	2.497518360614776611e-01	4.004588723182678223e-02	5.563358962535858154e-02	6.161963939666748047e-02	6.713927388191223145e-01	5.605809092521667480e-01	4.362822771072387695e-01	1.000000000000000000e+00	1.619224995374679565e-02
1.671836733818054199e+00	9.694845229387283325e-02	2.203521281480789185e-01	9.715950489044189453e-02	2.358211427927017212e-01	1.495813876390457153e-01	2.525558322668075562e-02	9.708554297685623169e-02	3.041416108608245850e-01	3.993636369705200195e-02	1.450755894184112549e-01	1.000000000000000000e+00	6.155260801315307617e-01
1.718276619911193848e+00	7.313855290412902832e-01	1.812305450439453125e-01	4.323493838310241699e-01	2.178383171558380127e-01	1.186412200331687927e-01	1.968333125114440918e-01	3.938792645931243896e-01	2.373898625373840332e-01	4.520935714244842529e-01	7.775202989578247070e-01	1.000000000000000000e+00	2.727004289627075195e-01
1.764716506004333496e+00	3.415168821811676025e-02	7.739881519228219986e-03	2.327589690685272217e-02	2.362247854471206665e-01	1.040011760778725147e-03	1.533025410026311874e-02	8.162873983383178711e-02	3.897830378264188766e-03	3.857407718896865845e-02	4.506915062665939331e-02	1.000000000000000000e+00	1.037818286567926407e-02
1.811156511306762695e+00	9.857781231403350830e-02	3.394196331501007080e-01	7.407773733139038086e-01	3.817039430141448975e-01	6.300351023674011230e-02	1.046638265252113342e-01	1.190733611583709717e-01	1.641615480184555054e-01	6.134675741195678711e-01	5.423887372016906738e-01	1.000000000000000000e+00	6.312689930200576782e-02
1.857596397399902344e+00	1.000000000000000000e+00	3.600588142871856689e-01	5.297605991363525391e-01	1.662613824009895325e-02	1.578278094530105591e-01	2.468778043985366821e-01	1.902759820222854614e-01	1.472947895526885986e-01	4.454299211502075195e-01	4.986574053764343262e-01	7.622039318084716797e-02	5.623190402984619141e-01
1.904036283493041992e+00	1.000000000000000000e+00	9.529421478509902954e-02	2.046770006418228149e-01	1.637070626020431519e-01	6.531753577291965485e-03	2.292275279760360718e-01	5.295303091406822205e-02	6.734608411788940430e-01	5.540064722299575806e-02	1.830073148012161255e-01	4.305534660816192627e-01	3.240778669714927673e-02
1.950476169586181641e+00	1.000000000000000000e+00	2.685340046882629395e-01	4.176951572299003601e-02	2.022086679935455322e-01	1.074073836207389832e-03	2.415806353092193604e-01	7.535365223884582520e-02	3.146142065525054932e-01	6.621840596199035645e-02	1.321948766708374023e-01	6.944444775581359863e-01	7.189841940999031067e-03
1.996916055679321289e+00	1.000000000000000000e+00	1.804802417755126953e-01	6.707171350717544556e-02	2.108848839998245239e-02	7.777669467031955719e-03	2.280495017766952515e-01	1.095466166734695435e-01	1.204666774719953537e-02	6.836906075477600098e-02	6.975611299276351929e-02	1.545650959014892578e-01	1.493950467556715012e-02
2.043355941772460938e+00	1.000000000000000000e+00	1.119903624057769775e-01	2.562403678894042969e-01	1.857431679964065552e-01	2.527714893221855164e-02	2.417848259210586548e-01	1.554361432790756226e-01	6.209535896778106689e-02	8.949063718318939209e-02	1.268958672881126404e-02	7.265906929969787598e-01	6.507495045661926270e-02
2.089795827865600586e+00	1.000000000000000000e+00	8.059113025665283203e-01	1.289793401956558228e-01	2.467321902513504028e-01	1.191944628953933716e-01	2.211736589670181274e-01	2.788479030132293701e-01	5.782590508460998535e-01	9.638158231973648071e-02	5.202767848968505859e-01	8.530021309852600098e-01	1.160215958952903748e-01
2.136235713958740234e+00	1.000000000000000000e+00	2.110418863594532013e-02	7.515089958906173706e-02	2.047692053020000458e-02	2.257487550377845764e-02	2.749937176704406738e-01	1.911530271172523499e-02	4.031706228852272034e-02	6.671614944934844971e-02	1.783439964056015015e-01	1.224991753697395325e-01	1.213879045099020004e-02
2.182675838470458984e+00	1.000000000000000000e+00	7.856618165969848633e-01	3.730209171772003174e-02	4.089774563908576965e-02	2.555974759161472321e-02	2.318503409624099731e-01	1.982551962137222290e-01	2.624804973602294922e-01	8.282583951950073242e-02	9.107366949319839478e-02	3.533322736620903015e-02	5.501239374279975891e-02
2.229115724563598633e+00	1.000000000000000000e+00	9.699164032936096191e-01	2.028912603855133057e-01	1.619895398616790771e-01	5.345474183559417725e-02	2.382089495658874512e-01	2.285068631172180176e-01	1.181144937872886658e-01	1.466692090034484863e-01	4.868881404399871826e-01	4.374973177909851074e-01	1.573382019996643066e-01
2.275555610656738281e+00	1.000000000000000000e+00	1.678808629512786865e-01	2.459924370050430298e-01	2.895977199077606201e-01	2.193896621465682983e-01	4.104920625686645508e-01	6.267750263214111328e-02	7.379004359245300293e-02	1.812016218900680542e-01	3.154866397380828857e-01	1.153599172830581665e-01	8.351735472679138184e-01
2.321995496749877930e+00	1.183257102966308594e-01	6.570262312889099121e-01	1.000000000000000000e+00	5.404396653175354004e-01	8.785898685455322266e-01	5.606388300657272339e-02	2.076189815998077393e-01	2.729769945144653320e-01	2.028984725475311279e-01	5.719332695007324219e-01	5.037881061434745789e-02	8.980693221092224121e-01
2.368435382843017578e+00	3.149566352367401123e-01	1.568224728107452393e-01	1.000000000000000000e+00	4.687457680702209473e-01	1.329262405633926392e-01	2.808298170566558838e-01	2.861654013395309448e-02	2.520949840545654297e-01	1.137985140085220337e-01	3.832691609859466553e-01	1.046177521347999573e-01	5.264289975166320801e-01
2.414875268936157227e+00	9.404777288436889648e-01	3.205101191997528076e-01	1.000000000000000000e+00	7.950475066900253296e-02	1.121407896280288696e-01	3.761729598045349121e-01	6.609161198139190674e-02	2.843081057071685791e-01	9.085949510335922241e-02	3.058340586721897125e-02	1.027020066976547241e-01	4.238089621067047119e-01
2.461315155029296875e+00	8.434791117906570435e-02	9.989858865737915039e-01	1.000000000000000000e+00	1.122669503092765808e-01	3.223288059234619141e-02	2.391786724328994751e-01	2.838030159473419189e-01	2.389981746673583984e-01	1.245590765029191971e-02	5.318746343255043030e-02	5.073900818824768066e-01	6.375550478696823120e-02
2.507755041122436523e+00	4.219781160354614258e-01	3.510125279426574707e-01	1.000000000000000000e+00	1.617377623915672302e-02	1.969339549541473389e-01	1.754340082406997681e-01	5.112220048904418945e-01	2.549668550491333008e-01	7.251960039138793945e-02	4.062429070472717285e-01	6.690004467964172363e-02	7.860056757926940918e-01
2.554194927215576172e+00	1.000000000000000000e+00	4.603367149829864502e-01	7.043938636779785156e-01	7.410262525081634521e-02	2.096486240625381470e-01	2.550288140773773193e-01	1.620551347732543945e-01	6.337905526161193848e-01	4.944976791739463806e-02	8.703208565711975098e-01	6.409784406423568726e-02	8.115072250366210938e-01
2.600634813308715820e+00	1.000000000000000000e+00	4.861929714679718018e-01	4.849161952733993530e-02	1.758508980274200439e-01	4.451920464634895325e-02	2.564891874790191650e-01	1.222938373684883118e-01	8.973732590675354004e-03	7.773817777633666992e-01	2.149704843759536743e-02	5.960698798298835754e-02	2.239308506250381470e-02
2.647074937820434570e+00	1.000000000000000000e+00	3.866262435913085938e-01	9.665531665086746216e-02	6.046220660209655762e-01	1.561515685170888901e-02	3.196220695972442627e-01	1.186777949333190918e-01	1.820141822099685669e-02	3.845821917057037354e-01	1.435951888561248779e-01	4.712643623352050781e-01	3.605680912733078003e-02
2.693514823913574219e+00	1.000000000000000000e+00	1.177987456321716309e-01	1.659331619739532471e-01	3.974243253469467163e-02	1.470415480434894562e-02	2.465187609195709229e-01	1.044357270002365112e-01	5.015510320663452148e-02	5.186899751424789429e-02	4.855065047740936279e-01	3.852121531963348389e-02	6.411802768707275391e-02
2.739954710006713867e+00	1.000000000000000000e+00	1.012757513672113419e-02	4.814760088920593262e-01	8.919150382280349731e-02	2.527047097682952881e-01	2.363160252571105957e-01	4.306379705667495728e-02	3.584757447242736816e-01	5.667034909129142761e-02	6.129134297370910645e-01	3.670895099639892578e-01	3.775452673435211182e-01
2.786394596099853516e+00	6.484964489936828613e-01	6.612367928028106689e-02	1.716130226850509644e-01	2.607217133045196533e-01	1.897925883531570435e-01	4.779027104377746582e-01	5.051345005631446838e-02	8.014702796936035156e-01	6.615859270095825195e-02	6.003196239471435547e-01	1.000000000000000000e+00	6.578584313392639160e-01
2.832834482192993164e+00	1.818665415048599243e-01	4.961308836936950684e-01	4.610179364681243896e-02	2.648653686046600342e-01	6.184480711817741394e-02	2.318967692553997040e-02	9.432709813117980957e-01	5.816239714622497559e-01	5.206619575619697571e-02	3.852746635675430298e-02	1.000000000000000000e+00	3.436193466186523438e-01
2.879274368286132812e+00	5.936335399746894836e-02	2.426709234714508057e-01	5.327765643596649170e-02	3.471409976482391357e-01	1.527982503175735474e-01	2.082436978816986084e-01	7.683534920215606689e-02	8.820909261703491211e-02	9.696345925331115723e-01	1.114055365324020386e-01	1.000000000000000000e+00	4.802840650081634521e-01
2.925714254379272461e+00	8.883271813392639160e-01	1.140567213296890259e-01	7.303609699010848999e-02	2.188479751348495483e-01	2.041824311017990112e-01	2.521928548812866211e-01	2.128008157014846802e-01	1.656128764152526855e-01	2.413188517093658447e-01	1.977012678980827332e-02	1.000000000000000000e+00	4.278761744499206543e-01
2.972154140472412109e+00	1.615671068429946899e-01	4.524618983268737793e-01	1.606089919805526733e-01	3.732430040836334229e-01	1.081346198916435242e-01	7.739393413066864014e-02	8.613563179969787598e-01	1.474359910935163498e-02	9.485428333282470703e-01	5.112236738204956055e-01	1.000000000000000000e+00	2.013507634401321411e-01
3.018594026565551758e+00	1.536879539489746094e-01	4.715745896100997925e-02	3.572718501091003418e-01	1.503866463899612427e-01	3.930855989456176758e-01	1.138440147042274475e-01	5.749260187149047852e-01	1.868001222610473633e-01	2.327594161033630371e-01	1.000000000000000000e+00	6.384961009025573730e-01	2.114237695932388306e-01
3.065033912658691406e+00	6.618581712245941162e-02	1.911098957061767578e-01	3.118583858013153076e-01	6.451109051704406738e-02	3.099997155368328094e-02	4.371442496776580811e-01	7.508089542388916016e-01	7.180617004632949829e-02	1.121372878551483154e-01	1.000000000000000000e+00	3.266275227069854736e-01	2.798790335655212402e-01
3.111474037170410156e+00	1.455551832914352417e-01	1.887766420841217041e-01	2.119283825159072876e-01	2.416223287582397461e-01	8.929596282541751862e-03	1.216573342680931091e-01	1.818911433219909668e-01	5.541656613349914551e-01	7.820475101470947266e-02	1.000000000000000000e+00	5.113894492387771606e-02	1.355290710926055908e-01
3.157913923263549805e+00	7.909277826547622681e-02	3.255817107856273651e-03	2.606042027473449707e-01	3.021467290818691254e-02	1.099000051617622375e-01	1.369190514087677002e-01	9.499463438987731934e-01	2.862458303570747375e-02	3.096777014434337616e-02	1.000000000000000000e+00	6.976103782653808594e-02	4.165194928646087646e-01
3.204353809356689453e+00	2.958810329437255859e-01	1.804692856967449188e-02	5.800718665122985840e-01	9.338165074586868286e-02	1.283984184265136719e-01	3.629635572433471680e-01	4.322565346956253052e-02	1.000000000000000000e+00	1.024036481976509094e-02	5.042006969451904297e-01	3.287971913814544678e-01	1.386515498161315918e-01
3.250793695449829102e+00	2.362061142921447754e-01	1.156997457146644592e-01	8.956865966320037842e-02	9.495987743139266968e-02	1.574084311723709106e-01	3.994576930999755859e-01	1.001504883170127869e-01	1.000000000000000000e+00	2.544597722589969635e-03	1.152007281780242920e-01	1.003864035010337830e-01	7.123391032218933105e-01
3.297233581542968750e+00	4.018075466156005859e-01	9.215048551559448242e-01	6.786523759365081787e-02	4.117534458637237549e-01	4.423250257968902588e-02	8.283793181180953979e-02	3.892762959003448486e-01	1.000000000000000000e+00	1.516159325838088989e-01	3.031989932060241699e-01	7.357010841369628906e-01	6.748060137033462524e-02
3.343673467636108398e+00	2.383892834186553955e-01	1.047174911946058273e-02	5.419293045997619629e-01	1.833998411893844604e-01	5.120066925883293152e-02	4.927508533000946045e-02	6.671983003616333008e-02	1.000000000000000000e+00	6.253471970558166504e-02	2.874085493385791779e-02	6.654202342033386230e-01	1.183830015361309052e-02
3.390113353729248047e+00	2.188631892204284668e-01	5.154936313629150391e-01	7.186514139175415039e-01	4.658373072743415833e-02	9.945943951606750488e-02	4.590056464076042175e-02	8.482543826103210449e-01	1.000000000000000000e+00	7.047095568850636482e-04	2.010407596826553345e-01	5.010206624865531921e-02	2.455736845731735229e-01
3.436553239822387695e+00	2.759168744087219238e-01	3.465589582920074463e-01	2.100068517029285431e-02	5.013039708137512207e-02	1.573967747390270233e-02	4.416456818580627441e-02	8.625455200672149658e-02	1.000000000000000000e+00	3.469994291663169861e-03	6.556420028209686279e-02	1.875365711748600006e-02	7.684829086065292358e-02
3.482993125915527344e+00	3.282862305641174316e-01	6.334010511636734009e-02	1.246092841029167175e-01	2.363906949758529663e-01	3.710480034351348877e-02	9.944616258144378662e-02	3.804220631718635559e-02	1.000000000000000000e+00	7.026074826717376709e-02	2.219239622354507446e-01	7.316350340843200684e-01	7.113645225763320923e-02
3.529433012008666992e+00	2.793087363243103027e-01	3.296027705073356628e-02	2.641969323158264160e-01	6.095884740352630615e-02	8.799877762794494629e-02	2.182444781064987183e-01	4.161666147410869598e-03	1.000000000000000000e+00	4.855787381529808044e-02	2.265759706497192383e-01	8.281142264604568481e-02	3.469489216804504395e-01
3.575872898101806641e+00	8.520358204841613770e-01	2.331083826720714569e-02	6.572052836418151855e-01	1.119982302188873291e-01	1.050899028778076172e-01	2.139489650726318359e-01	8.895396590232849121e-01	1.000000000000000000e+00	5.123891308903694153e-02	3.927332460880279541e-01	3.433249890804290771e-01	2.915417551994323730e-01
3.622313022613525391e+00	2.202601581811904907e-01	1.962161064147949219e-02	5.650898814201354980e-01	1.083559170365333557e-01	4.667868837714195251e-02	1.477409303188323975e-01	8.492501452565193176e-03	1.000000000000000000e+00	8.953691460192203522e-03	2.857031524181365967e-01	2.053945809602737427e-01	1.146109029650688171e-01
3.668752908706665039e+00	7.004858255386352539e-01	2.133245579898357391e-02	9.944376349449157715e-02	1.301914304494857788e-01	5.341959185898303986e-03	1.602251231670379639e-01	2.350520156323909760e-02	1.000000000000000000e+00	1.780414953827857971e-02	1.672044545412063599e-01	3.051719963550567627e-01	7.791270501911640167e-03
3.715192794799804688e+00	3.941007256507873535e-01	1.571470499038696289e-01	1.451519280672073364e-01	7.979132235050201416e-02	6.355759501457214355e-01	8.886549621820449829e-02	5.638572946190834045e-02	1.000000000000000000e+00	1.707629486918449402e-02	2.831815481185913086e-01	1.637415587902069092e-01	6.466901898384094238e-01
3.761632680892944336e+00	8.297773003578186035e-01	6.450002789497375488e-01	5.621655583381652832e-01	1.396548002958297729e-01	3.895008191466331482e-02	1.735512316226959229e-01	7.375825047492980957e-01	1.000000000000000000e+00	1.123548075556755066e-01	1.821749657392501831e-01	3.566894829273223877e-01	1.555460840463638306e-01
3.808072566986083984e+00	3.096965551376342773e-01	1.888898313045501709e-01	5.607274919748306274e-02	5.275721102952957153e-02	7.268717046827077866e-03	5.206682905554771423e-02	1.037519127130508423e-01	1.000000000000000000e+00	8.315024897456169128e-03	1.009368747472763062e-01	1.227684784680604935e-02	3.602970018982887268e-02
3.854512453079223633e+00	6.359700560569763184e-01	5.802002549171447754e-01	3.549541831016540527e-01	8.617053180932998657e-02	1.123227328062057495e-01	5.215806365013122559e-01	9.009332060813903809e-01	1.000000000000000000e+00	8.235128223896026611e-02	9.141615033149719238e-02	1.280629485845565796e-01	5.727226138114929199e-01
3.900952339172363281e+00	5.435183048248291016e-01	4.004688188433647156e-02	6.163663268089294434e-01	1.378620862960815430e-01	4.147491604089736938e-02	1.037036404013633728e-01	3.684073984622955322e-01	1.000000000000000000e+00	1.693163961172103882e-01	3.326522931456565857e-02	3.716409802436828613e-01	8.545624464750289917e-02
3.947392225265502930e+00	3.635713756084442139e-01	1.762359519489109516e-03	1.269041299819946289e-01	3.076715469360351562e-01	1.067839469760656357e-02	9.299723803997039795e-02	1.799454987049102783e-01	1.000000000000000000e+00	4.859010875225067139e-02	2.785172499716281891e-02	9.753003716468811035e-01	3.422577306628227234e-02
3.993832111358642578e+00	7.871518731117248535e-01	4.169973134994506836e-01	1.118513345718383789e-01	3.064703345298767090e-01	2.984070964157581329e-02	1.677927374839782715e-01	1.000000000000000000e+00	9.994803071022033691e-01	1.309182047843933105e-01	7.075613737106323242e-02	4.088979661464691162e-01	2.246939688920974731e-01
4.040272235870361328e+00	4.188112914562225342e-01	4.818497970700263977e-02	1.338064223527908325e-01	2.773033976554870605e-01	4.275931045413017273e-03	7.927437871694564819e-02	5.283639580011367798e-02	1.000000000000000000e+00	6.124972924590110779e-02	1.044158190488815308e-01	8.028309941291809082e-01	1.033698674291372299e-02
4.086711883544921875e+00	6.334531903266906738e-01	1.688272110186517239e-03	7.456500530242919922e-01	7.600083947181701660e-02	3.090967983007431030e-02	1.470796912908554077e-01	2.102126628160476685e-01	1.000000000000000000e+00	2.124006487429141998e-02	3.221285045146942139e-01	1.647478938102722168e-01	6.616656482219696045e-02
4.133152008056640625e+00	8.326945900917053223e-01	3.925200086086988449e-03	1.289813816547393799e-01	1.382613629102706909e-01	6.973382085561752319e-03	2.097296863794326782e-01	6.441529840230941772e-02	1.000000000000000000e+00	4.994088411331176758e-02	8.147028833627700806e-02	3.632788956165313721e-01	2.624513208866119385e-02
4.179591655731201172e+00	1.000000000000000000e+00	5.925383418798446655e-02	1.151578575372695923e-01	3.796772062778472900e-01	7.329525426030158997e-03	4.010277092456817627e-01	4.435139149427413940e-02	8.156856894493103027e-01	1.494197100400924683e-01	2.266006022691726685e-01	8.797099441289901733e-02	3.833943977952003479e-02
4.226031780242919922e+00	9.983524084091186523e-01	1.467879116535186768e-02	1.630134731531143188e-01	3.170014023780822754e-01	5.744323879480361938e-02	2.762059271335601807e-01	1.079946309328079224e-01	1.000000000000000000e+00	9.979207813739776611e-02	2.863009274005889893e-02	1.566911041736602783e-01	2.190451472997665405e-01
4.272471427917480469e+00	1.000000000000000000e+00	6.167639046907424927e-03	2.712486088275909424e-01	2.108366638422012329e-01	7.180504500865936279e-03	2.411518096923828125e-01	3.574902936816215515e-02	8.625145554542541504e-01	1.064427271485328674e-01	7.656933367252349854e-02	6.750820279121398926e-01	5.909644532948732376e-03
4.318911552429199219e+00	9.466188549995422363e-01	5.320651689544320107e-04	1.341100186109542847e-01	1.588924527168273926e-01	4.512545093894004822e-02	2.030617743730545044e-01	3.461778461933135986e-01	1.000000000000000000e+00	6.892461329698562622e-02	1.875073909759521484e-01	4.689281284809112549e-01	1.970126032829284668e-01
4.365351676940917969e+00	1.000000000000000000e+00	4.025622829794883728e-02	1.270397156476974487e-01	5.702285841107368469e-02	1.268685013055801392e-01	2.485398948192596436e-01	2.826124057173728943e-02	8.733423948287963867e-01	4.474554955959320068e-02	4.801284894347190857e-02	1.027019917964935303e-01	2.840233594179153442e-02
4.411791324615478516e+00	1.000000000000000000e+00	1.610815897583961487e-02	1.322337388992309570e-01	4.768936336040496826e-02	1.287885569036006927e-02	2.468230873346328735e-01	4.166732542216777802e-03	9.134098291397094727e-01	4.333399608731269836e-02	5.736197531223297119e-02	4.123155027627944946e-02	2.962070144712924957e-02
4.458231449127197266e+00	1.000000000000000000e+00	9.662795066833496094e-02	1.242828890681266785e-01	4.944842681288719177e-02	4.253019113093614578e-03	2.184548676013946533e-01	2.188008464872837067e-02	8.365375399589538574e-01	3.983537107706069946e-02	7.349865883588790894e-02	3.081810101866722107e-02	9.968093596398830414e-03
4.504671096801757812e+00	1.000000000000000000e+00	7.373743574135005474e-04	1.497956216335296631e-01	6.228284537792205811e-02	3.874736139550805092e-03	2.193007618188858032e-01	3.063355339691042900e-03	9.388108253479003906e-01	3.918645530939102173e-02	1.252551674842834473e-01	8.331297338008880615e-02	6.386544089764356613e-03
4.551111221313476562e+00	4.047558903694152832e-01	1.221002414822578430e-01	3.925552368164062500e-01	2.109010815620422363e-01	9.146568179130554199e-02	1.279675066471099854e-01	2.014463394880294800e-01	1.000000000000000000e+00	5.024853348731994629e-02	6.307119727134704590e-01	6.613893508911132812e-01	8.298175781965255737e-02
4.597550868988037109e+00	6.626889109611511230e-01	2.831344306468963623e-02	1.418861448764801025e-01	2.541485130786895752e-01	9.152033179998397827e-02	2.437958568334579468e-01	5.192465707659721375e-02	6.133913397789001465e-01	6.637149304151535034e-02	5.218209624290466309e-01	1.000000000000000000e+00	1.153126507997512817e-01
4.643990993499755859e+00	1.220794245600700378e-01	6.426222324371337891e-01	4.772765561938285828e-02	2.438209205865859985e-01	1.744978129863739014e-02	1.811053603887557983e-02	3.968749940395355225e-01	2.994818985462188721e-01	5.878211930394172668e-02	1.157214790582656860e-01	1.000000000000000000e+00	6.398361176252365112e-02
4.690430641174316406e+00	1.485606133937835693e-01	3.849813044071197510e-01	6.238408088684082031e-01	2.535634934902191162e-01	1.141659840941429138e-01	6.055479049682617188e-01	8.311601728200912476e-02	7.174318432807922363e-01	8.696460723876953125e-01	6.548796892166137695e-01	1.000000000000000000e+00	4.003736972808837891e-01
4.736870765686035156e+00	6.827829480171203613e-01	1.535669341683387756e-02	1.359943449497222900e-01	2.421876341104507446e-01	5.724924802780151367e-02	1.367298662662506104e-01	2.379941493272781372e-01	9.124560356140136719e-01	6.763967871665954590e-02	1.648085415363311768e-01	1.000000000000000000e+00	1.317742168903350830e-01
4.783310890197753906e+00	6.333774328231811523e-02	2.364270016551017761e-02	5.798026323318481445e-01	2.069425135850906372e-01	8.892611414194107056e-02	7.775226235389709473e-01	4.921209439635276794e-02	2.060360312461853027e-01	4.117062687873840332e-02	2.964886426925659180e-01	1.000000000000000000e+00	1.332775205373764038e-01
4.829750537872314453e+00	5.134863853454589844e-01	2.367123812437057495e-01	8.065040409564971924e-02	2.973547279834747314e-01	5.274425745010375977e-01	9.660375118255615234e-02	9.450304508209228516e-02	7.749401330947875977e-01	1.000000000000000000e+00	2.745355069637298584e-01	9.960882067680358887e-01	5.526940897107124329e-02
4.876190662384033203e+00	1.556601971387863159e-01	9.704437255859375000e-01	8.610530197620391846e-02	2.332826554775238037e-01	6.977669894695281982e-02	2.867357060313224792e-02	9.381935000419616699e-01	3.297144174575805664e-01	4.328342527151107788e-02	2.339374423027038574e-01	1.000000000000000000e+00	2.776813507080078125e-01
4.922630310058593750e+00	4.055658727884292603e-02	6.659758277237415314e-03	1.749430149793624878e-01	2.264899313449859619e-01	4.514376632869243622e-03	1.714116036891937256e-01	5.613737553358078003e-02	3.412815183401107788e-02	2.753600478172302246e-02	4.827475547790527344e-01	1.000000000000000000e+00	1.680257171392440796e-02
4.969070434570312500e+00	3.620769083499908447e-02	4.723896458745002747e-02	2.822783589363098145e-01	2.410640716552734375e-01	4.042856395244598389e-02	4.685448482632637024e-02	2.128467708826065063e-01	7.417638599872589111e-02	6.601512432098388672e-02	7.822318673133850098e-01	1.000000000000000000e+00	6.942918151617050171e-02
5.015510082244873047e+00	6.049495190382003784e-02	5.201322436332702637e-01	1.716388314962387085e-01	3.984832763671875000e-01	1.559321731328964233e-01	5.476874485611915588e-02	3.956341445446014404e-01	1.344867199659347534e-01	1.000000000000000000e+00	6.798987388610839844e-01	9.097300171852111816e-01	2.747735679149627686e-01
5.061950206756591797e+00	8.709989488124847412e-02	7.513683289289474487e-02	2.900172770023345947e-01	1.303579062223434448e-01	2.254275977611541748e-01	1.020096614956855774e-01	5.195002555847167969e-01	1.148269623517990112e-01	3.130267262458801270e-01	1.000000000000000000e+00	3.451636135578155518e-01	1.951431930065155029e-01
5.108389854431152344e+00	1.175167113542556763e-01	1.535445004701614380e-01	2.795764207839965820e-01	9.228142909705638885e-03	1.180285438895225525e-01	1.092976853251457214e-01	5.223355293273925781e-01	5.863154679536819458e-02	7.842167466878890991e-02	1.000000000000000000e+00	3.543603792786598206e-02	2.130201011896133423e-01
5.154829978942871094e+00	9.229405969381332397e-02	1.606939435005187988e-01	2.127382159233093262e-01	3.106445372104644775e-01	1.307419035583734512e-02	1.089772731065750122e-01	2.904523313045501709e-01	3.620610535144805908e-01	1.180403456091880798e-01	1.000000000000000000e+00	5.786061659455299377e-02	1.580705642700195312e-01
5.201269626617431641e+00	6.890376098453998566e-03	9.743195958435535431e-03	2.421516180038452148e-01	1.942275650799274445e-02	6.810591369867324829e-02	1.528680622577667236e-01	8.452194929122924805e-01	3.093301691114902496e-02	2.110034599900245667e-02	1.000000000000000000e+00	6.275389343500137329e-02	4.399037659168243408e-01
5.247709751129150391e+00	2.545211911201477051e-01	1.327233109623193741e-02	6.200697422027587891e-01	6.964950263500213623e-02	6.348434835672378540e-02	3.046493232250213623e-01	4.224005714058876038e-02	1.000000000000000000e+00	6.933847907930612564e-03	5.181801915168762207e-01	2.290642261505126953e-01	7.595036178827285767e-02
5.294149875640869141e+00	2.381103783845901489e-01	1.126408427953720093e-01	9.669055044651031494e-02	9.347540140151977539e-02	1.753886789083480835e-01	4.714260697364807129e-01	1.824481785297393799e-01	1.000000000000000000e+00	2.977910451591014862e-03	1.239050850272178650e-01	1.135457977652549744e-01	8.073563575744628906e-01
5.340589523315429688e+00	3.854756653308868408e-01	6.712706089019775391e-01	4.207459092140197754e-02	2.631162106990814209e-01	6.644082069396972656e-02	1.235068887472152710e-01	3.226019740104675293e-01	1.000000000000000000e+00	2.394378036260604858e-01	1.906968206167221069e-01	8.534563779830932617e-01	5.496343597769737244e-02
5.387029647827148438e+00	2.392450720071792603e-01	1.206940859556198120e-01	7.347729802131652832e-01	1.427674293518066406e-01	3.696945309638977051e-02	2.932433225214481354e-02	9.317444264888763428e-02	1.000000000000000000e+00	1.590256951749324799e-02	5.987279117107391357e-02	4.870024621486663818e-01	1.417292188853025436e-02
5.433469295501708984e+00	2.841842770576477051e-01	8.805026412010192871e-01	5.570663213729858398e-01	4.652894660830497742e-02	6.525631248950958252e-02	5.016488581895828247e-02	8.041703701019287109e-01	1.000000000000000000e+00	1.570819318294525146e-01	1.253773868083953857e-01	4.062829911708831787e-02	2.017645388841629028e-01
5.479909420013427734e+00	2.258756607770919800e-01	4.620733559131622314e-01	1.873370409011840820e-01	4.284639060497283936e-01	1.554369479417800903e-01	9.476429969072341919e-02	1.000000000000000000e+00	9.906809926033020020e-01	9.726110696792602539e-01	7.092674374580383301e-01	7.003342509269714355e-01	2.833891808986663818e-01
5.526349067687988281e+00	1.019437313079833984e-01	4.458081722259521484e-02	3.056399822235107422e-01	3.204302787780761719e-01	3.909952193498611450e-02	1.154890060424804688e-01	4.330273866653442383e-01	3.509502708911895752e-01	1.294020265340805054e-01	1.000000000000000000e+00	7.779061198234558105e-01	1.902927756309509277e-01
5.572789192199707031e+00	1.563172489404678345e-01	2.594705522060394287e-01	2.724430561065673828e-01	6.635166704654693604e-02	7.854183912277221680e-01	7.084650993347167969e-01	1.800060123205184937e-01	3.407781720161437988e-01	1.212353259325027466e-01	1.000000000000000000e+00	2.400127351284027100e-01	1.370626538991928101e-01
5.619228839874267578e+00	9.750542789697647095e-02	3.198004886507987976e-02	3.226228654384613037e-01	2.722990140318870544e-02	2.680148743093013763e-02	1.198540776968002319e-01	6.102556586265563965e-01	4.180437028408050537e-01	1.362982112914323807e-02	1.000000000000000000e+00	3.242642059922218323e-02	2.484148442745208740e-01
5.665668964385986328e+00	6.694583594799041748e-02	1.766762696206569672e-02	2.485360503196716309e-01	4.247951880097389221e-02	7.785771787166595459e-02	1.303826123476028442e-01	9.765917658805847168e-01	2.480384409427642822e-01	6.824329495429992676e-02	1.000000000000000000e+00	1.124446168541908264e-01	3.644287884235382080e-01
5.712108612060546875e+00	9.036377668380737305e-01	2.304259091615676880e-01	3.314414322376251221e-01	1.320289820432662964e-01	5.400130152702331543e-01	2.971580326557159424e-01	4.714097678661346436e-01	5.459655523300170898e-01	5.166054368019104004e-01	1.000000000000000000e+00	3.002176880836486816e-01	2.029162645339965820e-01
5.758548736572265625e+00	1.273055970668792725e-01	2.860474884510040283e-01	8.226098418235778809e-01	9.749402850866317749e-02	6.694544106721878052e-02	1.452345997095108032e-01	4.481944441795349121e-01	6.491641402244567871e-01	9.339424967765808105e-01	1.000000000000000000e+00	7.543069124221801758e-02	1.877016127109527588e-01
5.804988861083984375e+00	1.841084659099578857e-02	1.002308279275894165e-01	2.575669586658477783e-01	1.309450622648000717e-02	3.881515562534332275e-02	8.392392098903656006e-02	5.723327994346618652e-01	3.435691818594932556e-02	2.173577398061752319e-01	1.000000000000000000e+00	1.371854729950428009e-02	2.016891986131668091e-01
5.851428508758544922e+00	5.654512345790863037e-02	3.884911835193634033e-01	1.833176612854003906e-01	1.818092539906501770e-02	7.562930881977081299e-02	1.488356590270996094e-01	7.980066537857055664e-02	8.321803063154220581e-02	9.950887560844421387e-01	1.000000000000000000e+00	6.286030262708663940e-02	1.749304085969924927e-01
5.897868633270263672e+00	1.043116748332977295e-01	7.336294651031494141e-02	3.612563312053680420e-01	7.863886654376983643e-03	5.509101152420043945e-01	1.041488721966743469e-01	4.801843166351318359e-01	1.912713795900344849e-01	1.930889338254928589e-01	1.000000000000000000e+00	2.132922783493995667e-02	6.615099906921386719e-01
5.944308280944824219e+00	1.208240836858749390e-01	5.597213283181190491e-03	2.407414913177490234e-01	2.059110850095748901e-01	1.667220741510391235e-01	6.114523485302925110e-02	8.003426343202590942e-02	3.281023204326629639e-01	2.444496378302574158e-02	1.000000000000000000e+00	8.037732839584350586e-01	2.382443696260452271e-01
5.990748405456542969e+00	1.913465559482574463e-01	1.910188347101211548e-01	3.779049813747406006e-01	2.488826960325241089e-01	1.321777254343032837e-01	1.445425450801849365e-01	6.741015613079071045e-02	7.694334983825683594e-01	3.819893896579742432e-01	1.373686492443084717e-01	1.000000000000000000e+00	3.769813776016235352e-01
6.037188053131103516e+00	3.752968460321426392e-02	1.394219249486923218e-01	4.602008312940597534e-02	2.231761813163757324e-01	1.526240557432174683e-01	5.581417679786682129e-01	5.044867098331451416e-02	1.317930519580841064e-01	2.729343771934509277e-01	1.844158470630645752e-01	1.000000000000000000e+00	4.618562161922454834e-01
6.083628177642822266e+00	7.770556956529617310e-02	8.471895456314086914e-01	7.545615732669830322e-02	2.357913851737976074e-01	1.952097117900848389e-01	1.117820478975772858e-02	5.728441476821899414e-01	2.170620709657669067e-01	8.809846043586730957e-01	8.514013886451721191e-02	1.000000000000000000e+00	1.879066824913024902e-01
6.130067825317382812e+00	2.522084414958953857e-01	1.209265924990177155e-02	2.609986960887908936e-01	2.669005095958709717e-01	7.990641891956329346e-02	3.430138155817985535e-02	1.738917976617813110e-01	9.865761399269104004e-01	2.998498082160949707e-02	9.094697982072830200e-02	1.000000000000000000e+00	2.505644559860229492e-01
6.176507949829101562e+00	2.567423582077026367e-01	1.276757121086120605e-01	7.607793062925338745e-02	3.329303860664367676e-01	7.341233640909194946e-02	5.302130058407783508e-02	6.340393424034118652e-02	9.382846951484680176e-01	6.220412850379943848e-01	3.230029940605163574e-01	1.000000000000000000e+00	7.838887721300125122e-02
6.222948074340820312e+00	2.798752672970294952e-02	3.587803840637207031e-01	2.796940691769123077e-02	2.261185348033905029e-01	6.659719347953796387e-02	9.293869882822036743e-02	1.115807294845581055e-01	2.674513310194015503e-02	9.851030707359313965e-01	8.527044206857681274e-02	1.000000000000000000e+00	7.191939651966094971e-02
6.269387722015380859e+00	2.886599488556385040e-02	4.360663518309593201e-02	2.577404379844665527e-01	2.313682585954666138e-01	7.761154789477586746e-03	5.071310326457023621e-02	7.655935734510421753e-02	4.005939885973930359e-02	5.631998181343078613e-02	9.364773035049438477e-01	1.000000000000000000e+00	3.196697309613227844e-02
6.315827846527099609e+00	5.023291334509849548e-02	8.423947542905807495e-02	2.166181653738021851e-01	2.316531836986541748e-01	8.702650666236877441e-03	2.781119942665100098e-01	6.223340705037117004e-02	1.318376362323760986e-01	1.370597034692764282e-01	5.632472038269042969e-01	1.000000000000000000e+00	8.990297093987464905e-03
6.362267494201660156e+00	1.408337354660034180e-01	9.847956150770187378e-02	4.193764328956604004e-01	4.679086208343505859e-01	1.535340398550033569e-01	1.161253303289413452e-01	8.303516358137130737e-02	1.449106931686401367e-01	4.376231729984283447e-01	1.980817317962646484e-02	1.000000000000000000e+00	4.387479126453399658e-01
6.408707618713378906e+00	1.000000000000000000e+00	2.665389478206634521e-01	6.810331344604492188e-01	3.292443603277206421e-02	2.493489235639572144e-01	2.549035251140594482e-01	1.328244656324386597e-01	1.935835480690002441e-01	2.531723976135253906e-01	5.879019498825073242e-01	8.694912493228912354e-02	9.098001122474670410e-01
6.455147266387939453e+00	1.000000000000000000e+00	3.325726389884948730e-01	3.271367773413658142e-02	5.711509585380554199e-01	2.206245250999927521e-02	2.205094248056411743e-01	1.219988316297531128e-01	5.414932966232299805e-01	1.483607888221740723e-01	6.999835371971130371e-02	7.097758054733276367e-01	2.656268142163753510e-02
6.501587390899658203e+00	1.000000000000000000e+00	1.753686368465423584e-01	6.307896971702575684e-02	1.872727125883102417e-01	1.213374081999063492e-03	3.315954804420471191e-01	7.262013107538223267e-02	1.687805354595184326e-01	6.748092919588088989e-02	1.001252457499504089e-01	7.589491605758666992e-01	4.861005116254091263e-03
6.548027038574218750e+00	1.000000000000000000e+00	1.467512547969818115e-01	2.288319170475006104e-02	8.642374724149703979e-02	3.231859998777508736e-03	2.636524140834808350e-01	6.683347374200820923e-02	9.208965115249156952e-03	5.574497580528259277e-02	3.303535655140876770e-02	3.770227134227752686e-01	5.670303013175725937e-03
6.594467163085937500e+00	1.000000000000000000e+00	1.958497911691665649e-01	7.538512349128723145e-02	9.088017046451568604e-02	2.588678896427154541e-02	2.612318098545074463e-01	1.476879417896270752e-01	5.208222195506095886e-02	6.267146766185760498e-02	1.842563301324844360e-01	3.362017273902893066e-01	1.178774610161781311e-01
6.640906810760498047e+00	1.000000000000000000e+00	9.132981300354003906e-01	2.249687612056732178e-01	2.481784373521804810e-01	9.606524556875228882e-02	7.140270471572875977e-01	7.715154290199279785e-01	9.157645702362060547e-02	6.860350817441940308e-02	8.278489708900451660e-01	9.810253977775573730e-01	2.934518158435821533e-01
6.687346935272216797e+00	1.000000000000000000e+00	7.875302433967590332e-02	1.008113473653793335e-01	1.407422311604022980e-02	2.654628641903400421e-02	2.467509806156158447e-01	1.483128517866134644e-01	1.670795865356922150e-02	3.711819648742675781e-01	2.427338361740112305e-01	5.347739905118942261e-02	5.056135728955268860e-02
6.733787059783935547e+00	1.000000000000000000e+00	9.311466813087463379e-01	2.960190735757350922e-02	7.935228198766708374e-02	2.511861268430948257e-03	2.288148105144500732e-01	2.299355119466781616e-01	2.149578481912612915e-01	5.389729142189025879e-02	5.466544628143310547e-02	2.594356536865234375e-01	2.887329645454883575e-02
6.780226707458496094e+00	1.000000000000000000e+00	9.620183706283569336e-01	2.779833674430847168e-01	2.771437168121337891e-01	6.365198642015457153e-02	2.503584027290344238e-01	2.544137835502624512e-01	1.800559014081954956e-01	8.217699825763702393e-02	8.242623209953308105e-01	9.838995933532714844e-01	2.272631525993347168e-01
6.826666831970214844e+00	7.186551690101623535e-01	4.968695808202028275e-03	6.236397624015808105e-01	1.752130985260009766e-01	2.858836650848388672e-01	1.909511089324951172e-01	4.703320190310478210e-02	2.610474824905395508e-01	5.877877026796340942e-02	5.887497663497924805e-01	5.839061141014099121e-01	1.000000000000000000e+00
6.873106479644775391e+00	1.000000000000000000e+00	3.643392026424407959e-01	3.200075924396514893e-01	2.526667341589927673e-02	1.793036609888076782e-01	2.715382277965545654e-01	1.388479024171829224e-01	2.639917135238647461e-01	5.286254733800888062e-02	6.203956604003906250e-01	6.043940410017967224e-02	6.351712942123413086e-01
6.919546604156494141e+00	3.456337451934814453e-01	3.783439099788665771e-01	1.675444692373275757e-01	2.876367270946502686e-01	3.642150387167930603e-02	1.012005507946014404e-01	2.685494422912597656e-01	4.100268483161926270e-01	5.775513127446174622e-02	7.123213410377502441e-01	1.000000000000000000e+00	1.851589530706405640e-01
6.965986251831054688e+00	1.859822720289230347e-01	2.664972841739654541e-01	6.470116972923278809e-02	2.429193258285522461e-01	2.972772344946861267e-02	3.649609684944152832e-01	9.706577658653259277e-02	3.218022882938385010e-01	3.989482820034027100e-01	1.292708814144134521e-01	1.000000000000000000e+00	1.144577842205762863e-02
7.012426376342773438e+00	9.632778167724609375e-02	4.410998523235321045e-02	2.448616772890090942e-01	2.412273585796356201e-01	8.818383514881134033e-02	5.891778320074081421e-02	5.372506007552146912e-02	1.662785410881042480e-01	1.258973330259323120e-01	7.307220101356506348e-01	1.000000000000000000e+00	6.956824660301208496e-02
7.058866024017333984e+00	3.106375038623809814e-01	3.850623220205307007e-02	2.106834948062896729e-02	2.406871169805526733e-01	3.038734197616577148e-02	5.768773704767227173e-02	1.934962868690490723e-01	6.914816498756408691e-01	3.684810176491737366e-02	5.445714294910430908e-02	1.000000000000000000e+00	1.040944457054138184e-01
7.105306148529052734e+00	1.186233088374137878e-01	1.622780412435531616e-01	2.028450220823287964e-01	2.351601272821426392e-01	2.126968204975128174e-01	3.508697077631950378e-02	9.495142698287963867e-01	1.559839546680450439e-01	3.579847887158393860e-02	4.178380966186523438e-01	1.000000000000000000e+00	8.148497939109802246e-01
7.151745796203613281e+00	6.070438623428344727e-01	1.911503374576568604e-01	2.019032835960388184e-01	4.461928904056549072e-01	4.431569278240203857e-01	1.411017775535583496e-01	7.380599528551101685e-02	9.675971865653991699e-01	8.609967231750488281e-01	7.847712635993957520e-01	1.000000000000000000e+00	1.580461710691452026e-01
7.198185920715332031e+00	5.002495646476745605e-02	9.655854701995849609e-01	3.922637179493904114e-02	2.294947057962417603e-01	1.025024726986885071e-01	1.576900482177734375e-02	4.372243285179138184e-01	4.349620640277862549e-02	6.293865442276000977e-01	1.911227107048034668e-01	1.000000000000000000e+00	2.424731105566024780e-01
7.244626045227050781e+00	3.348205387592315674e-01	3.904170542955398560e-02	4.082244038581848145e-01	2.280269265174865723e-01	2.248062342405319214e-01	1.413254141807556152e-01	3.171419203281402588e-01	1.106775552034378052e-01	1.271709799766540527e-01	8.288301825523376465e-01	1.000000000000000000e+00	9.733735322952270508e-01
7.291065692901611328e+00	1.330395489931106567e-01	7.184718251228332520e-01	4.795467257499694824e-01	2.288414239883422852e-01	2.630840241909027100e-01	5.025631934404373169e-02	2.188739478588104248e-01	2.456211298704147339e-01	7.538210749626159668e-01	8.233804702758789062e-01	1.000000000000000000e+00	6.536393761634826660e-01
7.337505817413330078e+00	8.818215876817703247e-02	4.206625521183013916e-01	5.840634554624557495e-02	4.159441590309143066e-01	1.226810291409492493e-01	2.863716706633567810e-02	1.677230894565582275e-01	1.094547212123870850e-01	5.083071589469909668e-01	2.433464229106903076e-01	1.000000000000000000e+00	9.257316589355468750e-02
7.383945465087890625e+00	4.806141182780265808e-02	1.297272145748138428e-01	2.608554363250732422e-01	5.905268713831901550e-02	4.284431338310241699e-01	9.429381787776947021e-02	4.810207486152648926e-01	5.405997484922409058e-02	5.031337738037109375e-01	1.000000000000000000e+00	7.958789914846420288e-02	4.453999698162078857e-01
7.430385589599609375e+00	4.008170962333679199e-02	2.161919027566909790e-01	2.824675142765045166e-01	1.033324468880891800e-02	7.294179797172546387e-01	1.038360819220542908e-01	7.788574099540710449e-01	3.041785396635532379e-02	3.825845718383789062e-01	1.000000000000000000e+00	4.305150732398033142e-02	2.941482663154602051e-01
7.476825237274169922e+00	1.455412656068801880e-01	2.073975205421447754e-01	2.069009989500045776e-01	2.853822708129882812e-01	4.005964845418930054e-02	1.300206035375595093e-01	1.240138411521911621e-01	1.543270796537399292e-01	4.720056056976318359e-01	1.000000000000000000e+00	6.365347653627395630e-02	1.121571511030197144e-01
7.523265361785888672e+00	1.020114589482545853e-02	1.348642539232969284e-02	2.330464124679565430e-01	2.455992810428142548e-02	4.290247708559036255e-02	1.230824068188667297e-01	8.579726815223693848e-01	1.980173401534557343e-02	3.234348818659782410e-02	1.000000000000000000e+00	5.942966043949127197e-02	3.405154049396514893e-01
7.569705009460449219e+00	1.367675364017486572e-01	4.142310470342636108e-03	3.597094416618347168e-01	2.227739430963993073e-02	9.005331434309482574e-03	1.739774942398071289e-01	6.618408113718032837e-02	5.966336131095886230e-01	5.974113941192626953e-03	1.000000000000000000e+00	4.140095785260200500e-02	5.191997066140174866e-02
7.616145133972167969e+00	2.539808452129364014e-01	4.606443643569946289e-02	9.913724660873413086e-02	5.058782175183296204e-02	1.667393594980239868e-01	3.910904005169868469e-02	9.328191876411437988e-01	1.000000000000000000e+00	9.998347610235214233e-03	1.165837273001670837e-01	7.642901036888360977e-03	8.558838963508605957e-01
7.662585258483886719e+00	2.697041630744934082e-01	8.794685006141662598e-01	3.215701878070831299e-02	1.525328904390335083e-01	6.815026402473449707e-01	5.878363549709320068e-02	2.940713465213775635e-01	1.000000000000000000e+00	4.342881143093109131e-01	1.900563985109329224e-01	3.927707374095916748e-01	4.514387622475624084e-02
7.709024906158447266e+00	2.289910465478897095e-01	7.225114852190017700e-02	8.189569115638732910e-01	1.358752101659774780e-01	3.524498641490936279e-02	2.747936174273490906e-02	1.369731575250625610e-01	1.000000000000000000e+00	3.512825444340705872e-02	7.232622057199478149e-02	4.217629134654998779e-01	2.840597555041313171e-02
7.755465030670166016e+00	2.487920075654983521e-01	9.117057323455810547e-01	4.220470786094665527e-01	6.318714469671249390e-02	5.026523768901824951e-02	3.688672930002212524e-02	5.996380448341369629e-01	1.000000000000000000e+00	3.761621415615081787e-01	8.661162108182907104e-02	5.374619737267494202e-02	1.293976455926895142e-01
7.801904678344726562e+00	1.659645587205886841e-01	1.000000000000000000e+00	6.072224676609039307e-02	1.662185341119766235e-01	1.038454994559288025e-01	9.826003909111022949e-01	2.988120615482330322e-01	3.785429298877716064e-01	1.861879974603652954e-01	1.454912126064300537e-01	2.550592422485351562e-01	9.889403730630874634e-02
7.848344802856445312e+00	1.113718599081039429e-01	1.583885401487350464e-01	3.693606555461883545e-01	4.421372711658477783e-02	7.199000120162963867e-01	1.000000000000000000e+00	4.297641292214393616e-02	9.436840564012527466e-02	3.228001995012164116e-03	9.406715035438537598e-01	2.592159211635589600e-01	2.740346267819404602e-02
7.894784450531005859e+00	7.969197630882263184e-01	1.726457625627517700e-01	5.073314309120178223e-01	9.595047682523727417e-02	9.791468828916549683e-02	1.000000000000000000e+00	8.251760601997375488e-01	1.331978738307952881e-01	5.649670362472534180e-01	1.001154258847236633e-02	3.099803924560546875e-01	4.342632591724395752e-01
7.941224575042724609e+00	8.220419287681579590e-01	1.912581026554107666e-01	1.723706126213073730e-01	1.084879934787750244e-01	4.453277587890625000e-02	1.000000000000000000e+00	3.337231650948524475e-02	9.220212697982788086e-02	2.342371046543121338e-01	1.009944174438714981e-02	2.578016519546508789e-01	9.484672918915748596e-03
7.987664222717285156e+00	3.912559151649475098e-02	2.001634836196899414e-01	4.720048606395721436e-01	2.275110632181167603e-01	1.855196952819824219e-01	1.000000000000000000e+00	5.494201183319091797e-02	1.362640410661697388e-01	7.056338340044021606e-02	5.925195217132568359e-01	4.303039312362670898e-01	4.460695385932922363e-02
8.034104347229003906e+00	4.429445862770080566e-01	5.978279113769531250e-01	9.144053459167480469e-01	8.084125071763992310e-02	1.751074939966201782e-01	1.000000000000000000e+00	3.648517727851867676e-01	8.646804690361022949e-01	6.012067571282386780e-02	8.370711207389831543e-01	2.680056989192962646e-01	1.164189353585243225e-01
8.080544471740722656e+00	7.771172523498535156e-01	8.450806885957717896e-02	2.941327989101409912e-01	2.343989759683609009e-01	5.830591917037963867e-01	9.411811828613281250e-01	6.039314344525337219e-02	7.490806281566619873e-02	2.438792586326599121e-01	1.914063543081283569e-01	1.000000000000000000e+00	7.143901288509368896e-02
8.126984596252441406e+00	2.411565929651260376e-02	2.289030253887176514e-01	5.264999866485595703e-01	4.225705564022064209e-02	2.551310956478118896e-01	1.000000000000000000e+00	3.558937460184097290e-02	2.284347862005233765e-01	4.163942486047744751e-02	7.058825343847274780e-02	2.765631973743438721e-01	9.834852218627929688e-01
8.173423767089843750e+00	2.938307449221611023e-02	4.735845029354095459e-01	1.156680472195148468e-02	1.184507608413696289e-01	5.565830320119857788e-02	1.000000000000000000e+00	1.204035133123397827e-01	3.239931911230087280e-02	2.477673292160034180e-01	2.008993364870548248e-02	2.921881973743438721e-01	1.705445647239685059e-01
8.219863891601562500e+00	6.598978489637374878e-02	8.824182301759719849e-02	3.116967678070068359e-01	1.122946068644523621e-01	1.901977807283401489e-01	1.000000000000000000e+00	1.524238759884610772e-04	3.994496166706085205e-01	3.207613900303840637e-02	1.050490513443946838e-01	2.722926735877990723e-01	6.950639486312866211e-01
8.266304016113281250e+00	1.753339543938636780e-02	2.150388509035110474e-01	5.951179862022399902e-01	5.300214514136314392e-02	2.405903935432434082e-01	1.000000000000000000e+00	2.794728241860866547e-02	1.830337792634963989e-01	3.966802954673767090e-01	4.369275569915771484e-01	3.173456788063049316e-01	8.484314680099487305e-01
8.312744140625000000e+00	5.871092155575752258e-02	2.776479423046112061e-01	7.678408920764923096e-02	2.255377024412155151e-01	5.399379134178161621e-01	8.083287477493286133e-01	6.287202239036560059e-01	2.701725438237190247e-02	1.872306317090988159e-01	1.181687638163566589e-01	1.000000000000000000e+00	3.822419643402099609e-01
8.359183311462402344e+00	3.702260926365852356e-02	3.000092208385467529e-01	6.391590088605880737e-02	3.780461847782135010e-01	1.621218174695968628e-01	1.000000000000000000e+00	5.461174622178077698e-02	9.185249358415603638e-02	1.408443450927734375e-01	2.798565626144409180e-01	2.366041988134384155e-01	7.085845470428466797e-01
8.405623435974121094e+00	1.895920783281326294e-01	2.222764045000076294e-01	9.389666318893432617e-01	2.625990509986877441e-01	2.417285926640033722e-02	1.000000000000000000e+00	1.224755793809890747e-01	3.955397307872772217e-01	1.029241532087326050e-01	3.460948914289474487e-02	3.797585666179656982e-01	3.495084494352340698e-02
8.452063560485839844e+00	6.207501888275146484e-02	1.862685084342956543e-01	6.899142265319824219e-01	2.315049022436141968e-01	3.146435692906379700e-02	1.000000000000000000e+00	2.329877018928527832e-02	3.173819780349731445e-01	2.953534126281738281e-01	7.436412572860717773e-02	2.542571425437927246e-01	9.930239617824554443e-02
8.498503684997558594e+00	1.292823553085327148e-01	4.640064835548400879e-01	4.980036914348602295e-01	1.146007180213928223e-01	7.953948527574539185e-02	1.000000000000000000e+00	1.205097958445549011e-01	1.734164208173751831e-01	1.993144676089286804e-02	4.092672467231750488e-01	3.774371743202209473e-01	2.256623953580856323e-01
8.544942855834960938e+00	4.628300964832305908e-01	2.239019870758056641e-01	6.630256772041320801e-01	1.821754574775695801e-01	1.742048859596252441e-01	1.000000000000000000e+00	4.908898845314979553e-02	2.176522016525268555e-01	7.914440333843231201e-02	3.824024200439453125e-01	2.931847870349884033e-01	1.196278631687164307e-02
8.591382980346679688e+00	1.492309868335723877e-01	2.568940222263336182e-01	4.156124889850616455e-01	1.592137515544891357e-01	1.203650161623954773e-01	1.000000000000000000e+00	5.101357027888298035e-02	6.409820914268493652e-01	8.371451497077941895e-01	8.635193109512329102e-02	6.747261285781860352e-01	2.917088568210601807e-01
8.637823104858398438e+00	2.079996168613433838e-01	4.484670758247375488e-01	2.721886634826660156e-01	9.627623111009597778e-02	5.784259438514709473e-01	1.000000000000000000e+00	8.321309834718704224e-02	1.762066632509231567e-01	9.261806011199951172e-01	8.052526712417602539e-01	4.234963357448577881e-01	7.663653492927551270e-01
8.684263229370117188e+00	3.101840317249298096e-01	1.268385648727416992e-01	9.415701031684875488e-01	1.618497669696807861e-01	1.480352412909269333e-02	1.000000000000000000e+00	3.641306981444358826e-02	2.648234665393829346e-01	7.301672548055648804e-02	6.315431091934442520e-03	7.226067781448364258e-01	4.264940973371267319e-03
8.730703353881835938e+00	1.384336650371551514e-01	6.987573206424713135e-02	9.810441136360168457e-01	1.509869247674942017e-01	9.809625893831253052e-02	1.000000000000000000e+00	7.192061096429824829e-02	2.765264809131622314e-01	2.276631072163581848e-02	1.522952131927013397e-02	6.295579075813293457e-01	3.020516037940979004e-01
8.777142524719238281e+00	4.645564258098602295e-01	6.338986754417419434e-02	4.899933934211730957e-02	5.076945424079895020e-01	3.792778821662068367e-03	1.000000000000000000e+00	2.782443165779113770e-02	1.903749257326126099e-01	1.321432590484619141e-01	2.763086184859275818e-02	6.985262036323547363e-01	2.083063498139381409e-02
8.823582649230957031e+00	9.864616394042968750e-02	1.019187048077583313e-01	7.363763451576232910e-01	9.024195373058319092e-02	3.883946239948272705e-01	1.000000000000000000e+00	8.358616381883621216e-02	1.905436068773269653e-01	2.162761613726615906e-02	9.518168121576309204e-02	6.032786369323730469e-01	7.480290532112121582e-01
8.870022773742675781e+00	1.671428978443145752e-01	5.557878687977790833e-02	1.958947330713272095e-01	4.161747694015502930e-01	4.014279227703809738e-03	8.549860715866088867e-01	4.683083295822143555e-02	7.002320885658264160e-02	1.025767549872398376e-01	1.459386548958718777e-03	1.000000000000000000e+00	1.753290928900241852e-02
8.916462898254394531e+00	2.212354093790054321e-01	5.070310831069946289e-02	7.265323996543884277e-01	2.326759696006774902e-01	7.048507779836654663e-02	9.576245546340942383e-01	4.303141310811042786e-02	2.432848811149597168e-01	5.141071602702140808e-02	2.701825499534606934e-01	1.000000000000000000e+00	1.509173512458801270e-01
8.962902069091796875e+00	5.237344279885292053e-02	4.957997202873229980e-01	1.298790574073791504e-01	2.735333740711212158e-01	2.747866213321685791e-01	8.153658509254455566e-01	1.655911058187484741e-01	5.495735630393028259e-02	2.635864019393920898e-01	8.911589533090591431e-02	1.000000000000000000e+00	2.110965177416801453e-02
9.009342193603515625e+00	1.060344949364662170e-01	7.508652657270431519e-02	3.558102250099182129e-02	4.353865981101989746e-01	9.513398399576544762e-04	8.322072625160217285e-01	5.420461297035217285e-02	8.826216310262680054e-02	7.652572542428970337e-02	8.519460447132587433e-03	1.000000000000000000e+00	1.229986920952796936e-02
9.055782318115234375e+00	3.046290278434753418e-01	2.286957651376724243e-01	1.070536002516746521e-01	3.600939810276031494e-01	2.047134190797805786e-02	8.840250372886657715e-01	7.975318282842636108e-02	1.419375687837600708e-01	6.596342474222183228e-02	1.744143292307853699e-02	1.000000000000000000e+00	8.783946186304092407e-02
9.102222442626953125e+00	1.907561160624027252e-02	1.000000000000000000e+00	9.071687608957290649e-02	1.068716421723365784e-01	7.576172938570380211e-04	9.854577183723449707e-01	2.337937802076339722e-01	5.253291502594947815e-02	1.909441128373146057e-02	3.009332120418548584e-01	2.260002195835113525e-01	4.177258536219596863e-02
9.148662567138671875e+00	0.000000000000000000e+00	3.653657436370849609e-02	0.000000000000000000e+00	3.153432905673980713e-02	0.000000000000000000e+00	1.000000000000000000e+00	0.000000000000000000e+00	2.485899021849036217e-03	0.000000000000000000e+00	0.000000000000000000e+00	2.420679479837417603e-01	0.000000000000000000e+00
