0.000000000000000000e+00	1.000000000000000000e+00	1.085961684584617615e-01	7.480993866920471191e-02	7.487578392028808594e-01	9.057048708200454712e-02	3.259902298450469971e-01	5.585420131683349609e-02	9.062384814023971558e-02	2.662487626075744629e-01	3.842670843005180359e-02	7.725078612565994263e-02	6.486441940069198608e-02
4.643990844488143921e-02	1.000000000000000000e+00	1.140752155333757401e-02	3.447499126195907593e-02	4.573038592934608459e-02	5.429411306977272034e-02	2.391219735145568848e-01	4.709181841462850571e-03	2.828026562929153442e-02	6.911510974168777466e-02	1.816360093653202057e-02	4.465245455503463745e-02	3.484397195279598236e-03
9.287981688976287842e-02	1.000000000000000000e+00	3.301940159872174263e-04	2.212001010775566101e-02	5.602066405117511749e-03	2.472604811191558838e-02	2.334979027509689331e-01	1.447305781766772270e-03	1.059115119278430939e-02	5.171738937497138977e-02	6.191364489495754242e-03	4.271209239959716797e-02	5.481496336869895458e-04
1.393197327852249146e-01	1.000000000000000000e+00	4.157971707172691822e-04	2.085564844310283661e-02	4.797440487891435623e-03	2.587438561022281647e-02	2.337343841791152954e-01	1.686905976384878159e-03	5.552358925342559814e-03	4.999912902712821960e-02	6.414920557290315628e-03	4.650240018963813782e-02	1.993662008317187428e-04
1.857596337795257568e-01	1.000000000000000000e+00	1.014804802252911031e-04	1.979536563158035278e-02	4.739644471555948257e-03	3.444849699735641479e-02	2.341206073760986328e-01	1.896313508041203022e-03	4.144981969147920609e-03	4.913967102766036987e-02	8.154214359819889069e-03	4.703626036643981934e-02	1.666506868787109852e-04
2.321995496749877930e-01	1.000000000000000000e+00	7.774521509418264031e-05	2.026087790727615356e-02	5.028144922107458115e-03	4.018365964293479919e-02	2.338959574699401855e-01	1.783659565262496471e-03	1.002573594450950623e-02	4.920333623886108398e-02	9.644967503845691681e-03	4.731034487485885620e-02	7.179796375567093492e-05
2.786394655704498291e-01	1.000000000000000000e+00	1.795321586541831493e-04	2.080624923110008240e-02	4.967029672116041183e-03	4.196505621075630188e-02	2.332171797752380371e-01	1.743868808262050152e-03	2.217745222151279449e-02	4.946663603186607361e-02	1.023682858794927597e-02	4.520847648382186890e-02	9.169942495645955205e-05
3.250793516635894775e-01	1.000000000000000000e+00	1.253345253644511104e-04	1.988336071372032166e-02	4.940979182720184326e-03	3.257165104150772095e-02	2.329086065292358398e-01	1.353824161924421787e-03	4.656060039997100830e-02	4.856193810701370239e-02	8.300921879708766937e-03	4.118364304304122925e-02	8.303060894832015038e-05
3.715192675590515137e-01	1.000000000000000000e+00	7.581632962683215737e-05	1.940106414258480072e-02	4.801367409527301788e-03	3.036487661302089691e-02	2.325151264667510986e-01	1.073471270501613617e-03	6.897511333227157593e-02	4.794592410326004028e-02	8.054150268435478210e-03	3.627699241042137146e-02	6.380327249644324183e-05
4.179591834545135498e-01	1.000000000000000000e+00	1.215825468534603715e-04	2.027360722422599792e-02	5.754373967647552490e-03	2.479559183120727539e-02	2.316192537546157837e-01	8.155226241797208786e-04	8.741390705108642578e-02	4.858122020959854126e-02	7.117677945643663406e-03	3.342275321483612061e-02	9.618437616154551506e-05
4.643990993499755859e-01	1.000000000000000000e+00	6.837887223809957504e-03	1.479214131832122803e-01	1.010359078645706177e-02	2.491182461380958557e-02	3.015959262847900391e-01	4.351547453552484512e-03	1.691756695508956909e-01	5.105033144354820251e-02	2.525406330823898315e-02	5.718964338302612305e-02	1.278850133530795574e-03
5.108389854431152344e-01	1.650104969739913940e-01	4.065138287842273712e-03	1.000000000000000000e+00	8.055945858359336853e-03	1.244916319847106934e-01	3.632796555757522583e-02	3.859222680330276489e-02	2.223652601242065430e-01	2.362436801195144653e-02	4.167369008064270020e-02	1.293488442897796631e-01	2.059318870306015015e-02
5.572789311408996582e-01	1.567635536193847656e-01	2.626045607030391693e-03	1.000000000000000000e+00	5.809730291366577148e-02	1.442936062812805176e-01	3.663989529013633728e-02	2.807646989822387695e-02	1.878664791584014893e-01	2.519632503390312195e-02	1.675648242235183716e-02	1.393571794033050537e-01	1.043697446584701538e-02
6.037188172340393066e-01	1.289793550968170166e-01	3.310920437797904015e-04	1.000000000000000000e+00	5.656846333295106888e-04	9.584192931652069092e-02	2.689772471785545349e-02	2.206364460289478302e-02	2.045791149139404297e-01	9.334383532404899597e-03	1.369122602045536041e-02	1.052913516759872437e-01	4.933327902108430862e-03
6.501587033271789551e-01	1.767855584621429443e-01	4.909761482849717140e-04	1.000000000000000000e+00	3.581259807106107473e-04	1.196986734867095947e-01	3.970213234424591064e-02	3.069128282368183136e-02	1.911698877811431885e-01	1.398908160626888275e-02	2.653172053396701813e-02	1.226764619350433350e-01	7.408246863633394241e-03
6.965986490249633789e-01	1.000000000000000000e+00	9.179481863975524902e-02	9.115833640098571777e-01	4.068365087732672691e-04	1.709697693586349487e-01	2.379356622695922852e-01	1.143507957458496094e-01	1.747024208307266235e-01	5.579610913991928101e-02	6.935967504978179932e-02	1.761903911828994751e-01	2.788226678967475891e-02
7.430385351181030273e-01	2.074417471885681152e-01	4.329000948928296566e-04	1.000000000000000000e+00	1.226185355335474014e-03	1.020569056272506714e-01	4.687479510903358459e-02	2.325434796512126923e-02	1.966641098260879517e-01	1.384307164698839188e-02	3.578476607799530029e-02	1.126400530338287354e-01	6.809947080910205841e-03
7.894784808158874512e-01	1.884023547172546387e-01	4.285227623768150806e-04	1.000000000000000000e+00	3.410939243622124195e-04	1.188721582293510437e-01	4.440414160490036011e-02	1.859217137098312378e-02	1.901573240756988525e-01	1.179255731403827667e-02	3.827650472521781921e-02	1.252588778734207153e-01	6.156603805720806122e-03
8.359183669090270996e-01	1.061342656612396240e-01	4.275505489204078913e-05	1.000000000000000000e+00	2.302917710039764643e-04	1.003640443086624146e-01	2.396715432405471802e-02	1.518674753606319427e-02	1.990971863269805908e-01	5.982503294944763184e-03	3.982485458254814148e-02	1.088992804288864136e-01	5.849756300449371338e-03
8.823582530021667480e-01	1.694952845573425293e-01	5.429588491097092628e-04	1.000000000000000000e+00	4.034726298414170742e-04	1.116492822766304016e-01	3.858749568462371826e-02	1.257168594747781754e-02	1.924356818199157715e-01	1.118603441864252090e-02	3.039875999093055725e-02	1.202809512615203857e-01	4.866069648414850235e-03
9.287981986999511719e-01	6.637063026428222656e-01	1.000000000000000000e+00	2.230345830321311951e-02	9.715368151664733887e-01	7.453668117523193359e-02	1.820653378963470459e-01	2.855452001094818115e-01	1.018255949020385742e-02	2.615054249763488770e-01	8.597430773079395294e-03	4.056838154792785645e-02	7.903879135847091675e-02
9.752380847930908203e-01	9.729494452476501465e-01	3.296082839369773865e-02	5.952745676040649414e-01	1.000000000000000000e+00	2.344991080462932587e-02	2.420374155044555664e-01	4.233405925333499908e-04	5.434195995330810547e-01	2.650892734527587891e-01	2.111077681183815002e-02	5.706240981817245483e-02	9.755839407444000244e-02
1.021677970886230469e+00	9.540718793869018555e-01	7.994962334632873535e-01	4.184471070766448975e-02	1.000000000000000000e+00	2.375884540379047394e-02	4.073447287082672119e-01	1.839929521083831787e-01	2.779804728925228119e-02	2.665541768074035645e-01	1.611036956310272217e-01	1.832254230976104736e-01	7.679849863052368164e-02
1.068117856979370117e+00	9.926189184188842773e-01	9.648771882057189941e-01	1.681194603443145752e-01	1.000000000000000000e+00	2.452280744910240173e-02	2.565664052963256836e-01	2.928223907947540283e-01	3.380359336733818054e-02	2.881800234317779541e-01	1.893650293350219727e-01	3.457763046026229858e-02	1.828029304742813110e-01
1.114557862281799316e+00	9.924181103706359863e-01	2.954359725117683411e-02	2.798007056117057800e-02	1.000000000000000000e+00	2.597523853182792664e-04	2.873266041278839111e-01	1.207339763641357422e-02	5.175689700990915298e-03	2.788524329662322998e-01	1.114020030945539474e-02	7.481798529624938965e-02	5.562938749790191650e-02
1.160997748374938965e+00	9.695186614990234375e-01	6.168577820062637329e-02	1.783852465450763702e-02	1.000000000000000000e+00	3.076069615781307220e-02	2.566120326519012451e-01	3.582801669836044312e-02	1.221184432506561279e-02	2.698796391487121582e-01	2.176438644528388977e-02	1.515608727931976318e-01	7.081501185894012451e-02
1.207437634468078613e+00	1.000000000000000000e+00	2.945947051048278809e-01	3.414544835686683655e-02	9.994630217552185059e-01	1.156606245785951614e-02	2.617937326431274414e-01	6.613537669181823730e-02	2.435342781245708466e-02	3.966871201992034912e-01	7.299128454178571701e-03	3.586018085479736328e-02	6.665550172328948975e-02
1.253877520561218262e+00	9.998877644538879395e-01	3.144248947501182556e-02	4.112358018755912781e-02	1.000000000000000000e+00	6.326407659798860550e-03	2.685628235340118408e-01	1.925072632730007172e-03	1.415309309959411621e-02	2.775035500526428223e-01	1.027571558952331543e-01	4.177575558423995972e-02	5.565703287720680237e-02
1.300317406654357910e+00	9.791530966758728027e-01	3.045964613556861877e-02	3.283417969942092896e-02	1.000000000000000000e+00	5.069769031251780689e-05	2.598630487918853760e-01	1.296165632084012032e-03	3.582566604018211365e-02	2.723129391670227051e-01	7.900234311819076538e-02	4.487443715333938599e-02	5.519913136959075928e-02
1.346757411956787109e+00	2.756611406803131104e-01	1.365839391946792603e-01	9.940751194953918457e-01	1.000000000000000000e+00	4.820990562438964844e-02	1.232328116893768311e-01	2.525543048977851868e-02	2.230752259492874146e-01	2.885338366031646729e-01	5.166213493794202805e-03	1.103299334645271301e-01	5.525711551308631897e-02
1.393197298049926758e+00	2.236106246709823608e-01	5.857683420181274414e-01	6.465769559144973755e-02	5.848034620285034180e-01	5.379070341587066650e-02	1.000000000000000000e+00	1.010351628065109253e-01	4.103910028934478760e-01	3.006874620914459229e-01	1.492258757352828979e-01	2.524611949920654297e-01	1.714628189802169800e-01
1.439637184143066406e+00	2.114213258028030396e-02	2.174882441759109497e-01	3.635025620460510254e-01	5.495256558060646057e-02	3.427459299564361572e-01	1.000000000000000000e+00	5.277615040540695190e-02	1.124521344900131226e-01	4.298001993447542191e-03	7.973008751869201660e-01	2.550521492958068848e-01	1.249734908342361450e-01
1.486077070236206055e+00	7.440593242645263672e-01	1.445925533771514893e-01	4.842776656150817871e-01	2.537788748741149902e-01	1.315270811319351196e-01	1.000000000000000000e+00	1.897201500833034515e-02	1.671882420778274536e-01	4.662100970745086670e-01	1.563833281397819519e-02	3.613695204257965088e-01	4.385879933834075928e-01
1.532516956329345703e+00	6.463903188705444336e-01	1.692550778388977051e-01	8.571307063102722168e-01	9.993515163660049438e-02	1.294524818658828735e-01	1.000000000000000000e+00	1.614149287343025208e-02	2.066280990839004517e-01	5.591349601745605469e-01	1.507643703371286392e-02	3.281112909317016602e-01	5.802978761494159698e-03
1.578956961631774902e+00	2.549856603145599365e-01	3.625884950160980225e-01	8.882157206535339355e-01	5.497707426548004150e-02	3.859472274780273438e-02	1.000000000000000000e+00	6.844893097877502441e-02	2.261116355657577515e-01	3.195280581712722778e-02	7.528151571750640869e-02	3.017546832561492920e-01	1.228844467550516129e-02
1.625396847724914551e+00	6.585828065872192383e-01	7.249291986227035522e-02	8.532017469406127930e-01	6.113871932029724121e-02	1.616049706935882568e-01	1.000000000000000000e+00	1.317884773015975952e-01	2.411794066429138184e-01	3.299953415989875793e-02	3.304344788193702698e-02	3.599391281604766846e-01	3.346020355820655823e-02
1.671836733818054199e+00	2.421187162399291992e-01	8.608546108007431030e-02	5.860617160797119141e-01	4.252467304468154907e-02	2.493603974580764771e-01	1.000000000000000000e+00	6.579440552741289139e-03	1.824300438165664673e-01	4.093133285641670227e-02	1.126755699515342712e-01	2.781447172164916992e-01	8.725629448890686035e-01
1.718276619911193848e+00	5.916990041732788086e-01	1.510990411043167114e-01	8.210737109184265137e-01	3.202768042683601379e-02	9.741691499948501587e-02	1.000000000000000000e+00	1.644730381667613983e-02	2.030084282159805298e-01	3.699755966663360596e-01	2.651434578001499176e-02	2.701565921306610107e-01	2.006273120641708374e-01
1.764716506004333496e+00	7.772746682167053223e-01	4.946692287921905518e-02	1.888600736856460571e-01	7.306703180074691772e-02	8.298963308334350586e-02	1.000000000000000000e+00	1.537635456770658493e-03	6.020839884877204895e-02	6.969419866800308228e-02	1.702597178518772125e-02	2.590313255786895752e-01	3.870570799335837364e-03
1.811156511306762695e+00	5.961999669671058655e-02	9.828422069549560547e-01	1.692708581686019897e-01	8.104776591062545776e-02	2.789637148380279541e-01	1.000000000000000000e+00	2.134150713682174683e-01	2.494740337133407593e-01	9.436723776161670685e-03	3.964932262897491455e-01	2.378675192594528198e-01	5.169764757156372070e-01
1.857596397399902344e+00	2.371413409709930420e-01	1.046639084815979004e-01	2.468864172697067261e-01	2.287237942218780518e-01	1.387377977371215820e-01	1.716891527175903320e-01	5.965215712785720825e-02	1.000000000000000000e+00	4.196074977517127991e-02	2.387165129184722900e-01	6.335515379905700684e-01	1.557012796401977539e-01
1.904036283493041992e+00	2.279596626758575439e-01	2.876190245151519775e-01	1.492693722248077393e-01	4.367105662822723389e-02	4.385054111480712891e-02	1.292943060398101807e-01	6.338077783584594727e-02	1.000000000000000000e+00	4.664602165576070547e-04	2.570228278636932373e-02	3.452354297041893005e-02	1.986566632986068726e-01
1.950476169586181641e+00	2.541366219520568848e-01	9.981339573860168457e-01	2.764530852437019348e-02	1.658462285995483398e-01	1.766728609800338745e-02	5.421378836035728455e-02	3.897446095943450928e-01	1.000000000000000000e+00	1.554086245596408844e-02	1.451313197612762451e-01	4.799026548862457275e-01	6.457124650478363037e-02
1.996916055679321289e+00	1.000000000000000000e+00	9.293898940086364746e-02	1.222166139632463455e-02	7.334631085395812988e-01	5.071617662906646729e-02	6.124436259269714355e-01	4.445051774382591248e-02	9.791607856750488281e-01	3.859035372734069824e-01	2.791714482009410858e-02	8.041579723358154297e-01	6.644127517938613892e-02
2.043355941772460938e+00	2.477963715791702271e-01	9.811502695083618164e-01	1.134710982441902161e-01	7.327833771705627441e-02	1.583557128906250000e-01	5.916725844144821167e-02	6.142269372940063477e-01	1.000000000000000000e+00	5.507693886756896973e-01	1.431375592947006226e-01	3.966747596859931946e-02	2.376368790864944458e-01
2.089795827865600586e+00	3.534798324108123779e-01	5.814360976219177246e-01	3.782299533486366272e-02	5.606125295162200928e-02	3.610364347696304321e-02	8.845009654760360718e-02	1.701453626155853271e-01	1.000000000000000000e+00	9.794750250875949860e-03	7.190884649753570557e-02	1.376278698444366455e-02	1.482136547565460205e-01
2.136235713958740234e+00	2.792316079139709473e-01	9.257847070693969727e-01	7.079827040433883667e-02	1.194289773702621460e-01	1.648619025945663452e-02	7.674582302570343018e-02	2.553341984748840332e-01	1.000000000000000000e+00	1.030372455716133118e-02	7.648980617523193359e-02	3.014088273048400879e-01	7.267398387193679810e-02
2.182675838470458984e+00	3.695393800735473633e-01	5.553116798400878906e-01	2.719835750758647919e-02	1.501660943031311035e-01	1.833175867795944214e-01	7.329862713813781738e-01	5.824338793754577637e-01	1.000000000000000000e+00	4.387163557112216949e-03	1.185187324881553650e-01	1.746141314506530762e-01	8.763614892959594727e-01
2.229115724563598633e+00	2.937174141407012939e-01	1.981841772794723511e-01	4.167506098747253418e-01	2.332964390516281128e-01	5.807875096797943115e-02	1.772278845310211182e-01	1.030037701129913330e-01	1.000000000000000000e+00	2.813393250107765198e-02	2.633914053440093994e-01	6.888766884803771973e-01	1.875702291727066040e-01
2.275555610656738281e+00	2.946665287017822266e-01	2.780697643756866455e-01	4.205651879310607910e-01	2.603934705257415771e-01	2.794894278049468994e-01	1.450634002685546875e-01	5.596261620521545410e-01	4.524223804473876953e-01	1.000000000000000000e+00	6.240834593772888184e-01	9.736269116401672363e-01	1.852534264326095581e-01
2.321995496749877930e+00	7.111292481422424316e-01	3.290952146053314209e-01	1.013459265232086182e-01	1.162831634283065796e-01	7.840998470783233643e-02	1.016264706850051880e-01	6.633448600769042969e-02	9.101335406303405762e-01	1.000000000000000000e+00	7.373185455799102783e-02	2.276738733053207397e-01	5.020086653530597687e-03
2.368435382843017578e+00	1.721513718366622925e-01	2.473267912864685059e-01	6.857315301895141602e-01	7.073402404785156250e-01	1.852088570594787598e-01	4.677190780639648438e-01	2.820380218327045441e-02	1.846711039543151855e-01	1.000000000000000000e+00	7.374575734138488770e-02	1.569986194372177124e-01	6.153904795646667480e-01
2.414875268936157227e+00	4.347519576549530029e-02	2.694263756275177002e-01	7.683588564395904541e-02	1.045208498835563660e-01	3.518410921096801758e-01	7.204420119524002075e-02	3.621826320886611938e-02	1.508079171180725098e-01	1.000000000000000000e+00	4.723014682531356812e-02	9.870768338441848755e-02	9.970151185989379883e-01
2.461315155029296875e+00	1.406920403242111206e-01	2.249214649200439453e-01	9.586654305458068848e-01	1.458189450204372406e-02	1.785233467817306519e-01	3.345178067684173584e-02	2.562512457370758057e-01	2.087777107954025269e-01	1.000000000000000000e+00	1.662524491548538208e-01	8.578114956617355347e-02	6.028825044631958008e-02
2.507755041122436523e+00	2.999349236488342285e-01	4.089679718017578125e-01	6.012024879455566406e-01	1.270252931863069534e-02	9.297879785299301147e-02	6.884069740772247314e-02	7.145428657531738281e-02	1.940405219793319702e-01	1.000000000000000000e+00	4.072646796703338623e-02	8.358435332775115967e-02	5.773939657956361771e-03
2.554194927215576172e+00	3.872044757008552551e-02	3.018484413623809814e-01	6.205675601959228516e-01	1.134470384567975998e-02	8.343978226184844971e-02	6.165658123791217804e-03	6.885620206594467163e-02	1.401069760322570801e-01	1.000000000000000000e+00	5.904610268771648407e-03	7.652822881937026978e-02	9.649121202528476715e-03
2.600634813308715820e+00	5.280937999486923218e-02	2.385228127241134644e-01	9.188020229339599609e-01	9.610817767679691315e-03	1.622503101825714111e-01	5.699636414647102356e-02	1.689270138740539551e-01	2.233899533748626709e-01	1.000000000000000000e+00	7.547369599342346191e-02	9.587942808866500854e-02	3.295376598834991455e-01
2.647074937820434570e+00	1.748024374246597290e-01	2.266333997249603271e-01	7.163859009742736816e-01	3.118206933140754700e-02	7.220327109098434448e-02	3.431872278451919556e-02	1.074273660778999329e-01	1.955551952123641968e-01	1.000000000000000000e+00	8.142735064029693604e-02	1.522460281848907471e-01	1.852093823254108429e-02
2.693514823913574219e+00	6.825316697359085083e-02	2.450958639383316040e-01	1.321753486990928650e-02	1.178919523954391479e-02	2.110316902399063110e-01	4.338742047548294067e-02	3.324674069881439209e-02	5.731504410505294800e-02	1.000000000000000000e+00	3.847689554095268250e-02	5.111380293965339661e-02	4.968170225620269775e-01
2.739954710006713867e+00	2.232325375080108643e-01	1.110517159104347229e-01	8.398273587226867676e-01	4.206234216690063477e-02	1.242363750934600830e-01	2.773957550525665283e-01	7.687757164239883423e-02	1.000000000000000000e+00	1.820842176675796509e-01	4.914036393165588379e-01	1.706904321908950806e-01	3.581177815794944763e-02
2.786394596099853516e+00	2.543665468692779541e-01	4.606764763593673706e-02	1.015030965209007263e-01	5.753324553370475769e-02	1.935468912124633789e-01	3.719989582896232605e-02	7.095263600349426270e-01	1.000000000000000000e+00	4.699990525841712952e-02	7.723823189735412598e-02	6.742354016751050949e-03	9.317283034324645996e-01
2.832834482192993164e+00	2.718958854675292969e-01	8.513814210891723633e-01	2.000413648784160614e-02	1.871427297592163086e-01	6.067866683006286621e-01	1.614762097597122192e-01	2.294364720582962036e-01	1.000000000000000000e+00	6.270124912261962891e-01	1.714146584272384644e-01	5.577837228775024414e-01	3.031039237976074219e-02
2.879274368286132812e+00	2.268163114786148071e-01	6.743966788053512573e-02	8.011872172355651855e-01	1.587389856576919556e-01	4.319157451391220093e-02	2.739869244396686554e-02	1.611084043979644775e-01	1.000000000000000000e+00	1.783773303031921387e-02	4.725146666169166565e-02	5.297902226448059082e-01	3.270896151661872864e-02
2.925714254379272461e+00	2.134039252996444702e-01	1.112620532512664795e-01	8.207696676254272461e-01	4.315195605158805847e-02	6.264328956604003906e-02	2.667613141238689423e-02	2.751154303550720215e-01	1.000000000000000000e+00	4.080662131309509277e-01	2.331092953681945801e-02	5.786546692252159119e-02	6.939399987459182739e-02
2.972154140472412109e+00	2.733047306537628174e-01	5.825936794281005859e-01	1.809708215296268463e-02	7.572694867849349976e-02	5.809976253658533096e-03	4.437874257564544678e-02	1.526980698108673096e-01	1.000000000000000000e+00	5.944113712757825851e-03	9.088143706321716309e-02	1.693209446966648102e-02	4.572585225105285645e-02
3.018594026565551758e+00	2.433861792087554932e-01	8.949094414710998535e-01	6.389052420854568481e-02	1.035805940628051758e-01	1.488535255193710327e-01	4.145236313343048096e-02	1.895790100097656250e-01	1.000000000000000000e+00	1.566935516893863678e-02	1.167575418949127197e-01	4.198322445154190063e-02	5.480507016181945801e-01
3.065033912658691406e+00	2.702474892139434814e-01	9.083731770515441895e-01	4.451883733272552490e-01	1.343379318714141846e-01	4.238070920109748840e-02	1.989754736423492432e-01	2.676822543144226074e-01	1.000000000000000000e+00	1.565488725900650024e-01	9.012887626886367798e-02	2.509212791919708252e-01	7.839742302894592285e-02
3.111474037170410156e+00	2.094947546720504761e-01	3.752105534076690674e-01	6.016914844512939453e-01	1.772171705961227417e-01	7.819363474845886230e-02	4.787414073944091797e-01	8.239316940307617188e-01	1.000000000000000000e+00	1.642299145460128784e-01	2.090362608432769775e-01	1.690111309289932251e-01	3.666964173316955566e-01
3.157913923263549805e+00	2.604442238807678223e-01	6.314596533775329590e-02	4.532734751701354980e-01	1.242333203554153442e-01	6.801604479551315308e-02	1.178287863731384277e-01	1.145118847489356995e-01	1.000000000000000000e+00	1.513116806745529175e-01	3.311716318130493164e-01	1.880360841751098633e-01	9.082369506359100342e-02
3.204353809356689453e+00	1.357182562351226807e-01	1.000000000000000000e+00	3.983052074909210205e-02	1.964989006519317627e-01	7.153708487749099731e-02	9.786899089813232422e-01	2.931557595729827881e-01	2.406123429536819458e-01	1.732733696699142456e-01	7.266642153263092041e-02	2.426303476095199585e-01	6.034816429018974304e-02
3.250793695449829102e+00	3.515024483203887939e-02	1.429962664842605591e-01	3.796885013580322266e-01	4.261956736445426941e-02	7.426738142967224121e-01	1.000000000000000000e+00	3.650689125061035156e-02	1.029847636818885803e-01	1.943576382473111153e-03	9.497218728065490723e-01	2.559408247470855713e-01	8.938544988632202148e-02
3.297233581542968750e+00	7.069600224494934082e-01	1.848575323820114136e-01	3.662272095680236816e-01	4.660061374306678772e-02	6.145726144313812256e-02	1.000000000000000000e+00	3.740443587303161621e-01	8.911021798849105835e-02	6.296641230583190918e-01	2.997661009430885315e-02	3.210559487342834473e-01	8.534976840019226074e-02
3.343673467636108398e+00	5.714491009712219238e-01	3.161700963973999023e-01	4.507607519626617432e-01	1.039734333753585815e-01	9.125037491321563721e-02	1.000000000000000000e+00	4.722560197114944458e-02	1.313272565603256226e-01	8.840022087097167969e-01	8.976864628493785858e-03	2.972632646560668945e-01	9.397917427122592926e-03
3.390113353729248047e+00	2.739002183079719543e-02	8.636531978845596313e-02	1.390512734651565552e-01	1.850960552692413330e-01	1.361659914255142212e-01	1.000000000000000000e+00	4.525887593626976013e-02	5.980497226119041443e-02	2.534650824964046478e-02	3.123447299003601074e-01	7.526102662086486816e-01	4.014246538281440735e-02
3.436553239822387695e+00	2.427425086498260498e-01	7.093948721885681152e-01	1.028731092810630798e-02	6.129056215286254883e-01	1.420623511075973511e-01	1.000000000000000000e+00	1.678097993135452271e-01	9.846830964088439941e-01	1.180152297019958496e-01	1.396345198154449463e-01	4.021598994731903076e-01	6.756181120872497559e-01
3.482993125915527344e+00	4.794357344508171082e-02	1.672869473695755005e-01	6.829903274774551392e-02	7.615429908037185669e-02	7.001760005950927734e-01	1.000000000000000000e+00	3.124528005719184875e-02	3.493236377835273743e-02	2.375573664903640747e-01	1.394763588905334473e-01	2.587537467479705811e-01	9.717612862586975098e-01
3.529433012008666992e+00	2.063222043216228485e-02	1.416628658771514893e-01	3.916609883308410645e-01	3.483330830931663513e-02	2.269079238176345825e-01	1.000000000000000000e+00	1.798814535140991211e-02	1.631688624620437622e-01	6.383971869945526123e-02	4.653653129935264587e-02	2.481293231248855591e-01	9.211219549179077148e-01
3.575872898101806641e+00	6.465315818786621094e-01	4.955203831195831299e-01	5.527197122573852539e-01	7.846547365188598633e-01	5.418086424469947815e-02	1.000000000000000000e+00	1.012077331542968750e-01	1.681689471006393433e-01	4.306092262268066406e-01	5.284585058689117432e-02	2.572689056396484375e-01	6.282678991556167603e-02
3.622313022613525391e+00	5.295237302780151367e-01	7.239581644535064697e-02	8.671534061431884766e-01	1.039675250649452209e-01	1.887479424476623535e-01	1.000000000000000000e+00	1.391974650323390961e-02	3.217519223690032959e-01	3.309525549411773682e-02	1.719775944948196411e-01	4.216317236423492432e-01	4.450239241123199463e-01
3.668752908706665039e+00	1.386648118495941162e-01	5.611464381217956543e-02	9.820166230201721191e-01	1.000000000000000000e+00	4.813010618090629578e-02	1.411757767200469971e-01	9.456194005906581879e-03	2.381454259157180786e-01	2.423096746206283569e-01	4.173675552010536194e-02	9.367624670267105103e-02	9.165360033512115479e-02
3.715192794799804688e+00	3.163260519504547119e-01	3.789320960640907288e-02	4.444504976272583008e-01	1.000000000000000000e+00	5.334625020623207092e-02	1.251048743724822998e-01	1.366257783956825733e-04	8.339855670928955078e-01	2.079466581344604492e-01	2.097831070423126221e-01	3.682872280478477478e-02	2.317707836627960205e-01
3.761632680892944336e+00	5.919359624385833740e-02	9.987743496894836426e-01	2.122981287539005280e-02	1.000000000000000000e+00	1.669006794691085815e-02	4.567527398467063904e-02	4.044353663921356201e-01	3.390657249838113785e-03	2.430313974618911743e-01	7.083270698785781860e-02	1.020366847515106201e-01	1.293671429157257080e-01
3.808072566986083984e+00	6.033473610877990723e-01	6.740249693393707275e-02	7.826828956604003906e-01	1.000000000000000000e+00	2.263512462377548218e-01	1.508239060640335083e-01	8.022933602333068848e-01	1.824130713939666748e-01	3.600328564643859863e-01	5.323194712400436401e-02	8.789185881614685059e-01	4.398703575134277344e-01
3.854512453079223633e+00	7.526617497205734253e-02	5.466834828257560730e-02	8.727741241455078125e-01	1.000000000000000000e+00	6.429647654294967651e-02	4.018617048859596252e-02	1.030767988413572311e-02	2.117990851402282715e-01	3.364685773849487305e-01	1.916760019958019257e-02	8.340802043676376343e-02	9.079915285110473633e-02
3.900952339172363281e+00	4.830862581729888916e-02	3.124493360519409180e-01	2.357157468795776367e-01	1.000000000000000000e+00	1.280041635036468506e-01	7.289829850196838379e-02	7.493101060390472412e-02	1.323175579309463501e-01	2.273784130811691284e-01	9.809883236885070801e-01	1.087462063878774643e-02	1.208471953868865967e-01
3.947392225265502930e+00	4.179187715053558350e-01	5.933136940002441406e-01	2.093412578105926514e-01	1.000000000000000000e+00	1.804271899163722992e-02	1.689174473285675049e-01	1.422469168901443481e-01	1.989053487777709961e-01	2.413503378629684448e-01	8.320889472961425781e-01	2.402544952929019928e-02	7.582913339138031006e-02
3.993832111358642578e+00	9.931670129299163818e-02	4.500901401042938232e-01	5.474036186933517456e-02	1.000000000000000000e+00	9.328880310058593750e-01	2.473031878471374512e-01	8.454803228378295898e-01	1.064512878656387329e-01	7.566877603530883789e-01	2.445341795682907104e-01	1.238157376646995544e-01	4.030996263027191162e-01
4.040272235870361328e+00	3.658265992999076843e-02	3.043083846569061279e-02	9.926433563232421875e-01	1.000000000000000000e+00	6.663241237401962280e-02	4.309209436178207397e-02	1.164313172921538353e-03	2.649356722831726074e-01	2.289846688508987427e-01	2.429486513137817383e-01	8.742199093103408813e-02	1.162857040762901306e-01
4.086711883544921875e+00	6.154757142066955566e-01	4.979658871889114380e-02	9.385363459587097168e-01	1.000000000000000000e+00	1.028803586959838867e-01	1.701903045177459717e-01	2.114480361342430115e-02	2.016113549470901489e-01	2.520435452461242676e-01	1.427699625492095947e-02	3.806867599487304688e-01	6.294657289981842041e-02
4.133152008056640625e+00	4.576515406370162964e-02	1.804569363594055176e-02	1.000000000000000000e+00	7.909703999757766724e-02	1.128832772374153137e-01	1.062897071242332458e-01	5.126112326979637146e-02	2.323548495769500732e-01	4.371401667594909668e-02	6.809773296117782593e-02	1.630961894989013672e-01	3.114595822989940643e-02
4.179591655731201172e+00	2.707642316818237305e-02	2.918637823313474655e-03	1.000000000000000000e+00	3.121957369148731232e-02	1.381880342960357666e-01	9.504369460046291351e-03	2.777277864515781403e-02	1.895051002502441406e-01	1.226739399135112762e-02	1.724304072558879852e-02	1.353163421154022217e-01	9.506988339126110077e-03
4.226031780242919922e+00	2.961291372776031494e-02	8.930311538279056549e-03	1.000000000000000000e+00	3.069137334823608398e-01	1.064278110861778259e-01	2.340999245643615723e-02	2.450439333915710449e-02	1.981072127819061279e-01	7.331039011478424072e-02	1.413192041218280792e-02	1.139162033796310425e-01	2.589038014411926270e-02
4.272471427917480469e+00	2.761902846395969391e-02	3.077855566516518593e-03	1.000000000000000000e+00	7.313580065965652466e-02	1.121363863348960876e-01	1.157914381474256516e-02	2.922412380576133728e-02	1.971338987350463867e-01	2.345958724617958069e-02	2.186397649347782135e-02	1.158534139394760132e-01	9.943172335624694824e-03
4.318911552429199219e+00	8.202037215232849121e-02	1.000000000000000000e+00	9.934652447700500488e-01	2.530308365821838379e-01	6.184355020523071289e-01	1.022205352783203125e-01	5.355032682418823242e-01	2.006056904792785645e-01	1.058398038148880005e-01	7.447510212659835815e-02	4.647580683231353760e-01	1.253023743629455566e-01
4.365351676940917969e+00	2.441893145442008972e-02	5.150828510522842407e-03	1.000000000000000000e+00	1.238410547375679016e-01	9.613735973834991455e-02	1.280953735113143921e-02	2.579268440604209900e-02	2.044511437416076660e-01	3.660601750016212463e-02	3.442208468914031982e-02	1.044144332408905029e-01	1.377440523356199265e-02
4.411791324615478516e+00	2.012693695724010468e-02	6.951839663088321686e-03	1.000000000000000000e+00	1.812076419591903687e-01	1.253750771284103394e-01	2.646259963512420654e-02	1.983994804322719574e-02	1.908724755048751831e-01	4.401616379618644714e-02	3.790445625782012939e-02	1.289620697498321533e-01	1.693230494856834412e-02
4.458231449127197266e+00	2.206988632678985596e-02	3.052557818591594696e-03	1.000000000000000000e+00	6.712629646062850952e-02	1.009100079536437988e-01	2.322499267756938934e-02	1.618132181465625763e-02	1.993474662303924561e-01	1.824308745563030243e-02	4.046720638871192932e-02	1.117169260978698730e-01	9.361213073134422302e-03
4.504671096801757812e+00	2.229658141732215881e-02	5.717191379517316818e-03	1.000000000000000000e+00	1.686532348394393921e-01	1.007242798805236816e-01	2.489286661148071289e-02	1.361445989459753036e-02	1.994810998439788818e-01	4.083958268165588379e-02	3.399126231670379639e-02	1.111996471881866455e-01	1.576151140034198761e-02
4.551111221313476562e+00	1.002708673477172852e-01	4.409021511673927307e-02	1.000000000000000000e+00	3.513819575309753418e-01	1.197955086827278137e-01	8.189472556114196777e-01	8.002404123544692993e-03	2.157804369926452637e-01	1.165171116590499878e-01	2.280402742326259613e-02	3.096442520618438721e-01	7.253134995698928833e-02
4.597550868988037109e+00	4.941482841968536377e-02	4.945284500718116760e-02	9.957084059715270996e-01	3.186573088169097900e-02	1.157737150788307190e-01	1.000000000000000000e+00	3.268901025876402855e-03	2.523451447486877441e-01	3.343315795063972473e-03	4.639037325978279114e-02	2.937702536582946777e-01	3.516980446875095367e-03
4.643990993499755859e+00	5.848423019051551819e-02	5.698843300342559814e-02	9.820696711540222168e-01	4.129695147275924683e-02	4.875566065311431885e-02	1.000000000000000000e+00	1.409717486239969730e-03	2.462551295757293701e-01	1.268937811255455017e-02	2.057156898081302643e-02	2.947244048118591309e-01	3.469700738787651062e-02
4.690430641174316406e+00	8.497857302427291870e-02	8.474688977003097534e-02	9.884369373321533203e-01	6.206469610333442688e-02	2.612316235899925232e-02	1.000000000000000000e+00	7.045300211757421494e-03	2.581255733966827393e-01	9.544021636247634888e-02	1.992397243157029152e-03	2.964793145656585693e-01	7.521134335547685623e-03
4.736870765686035156e+00	2.749649994075298309e-02	7.088073343038558960e-02	1.000000000000000000e+00	6.104098632931709290e-02	6.024397537112236023e-02	9.998420476913452148e-01	2.564188838005065918e-02	2.428703159093856812e-01	3.799489513039588928e-02	3.542308462783694267e-03	3.173224329948425293e-01	2.104271762073040009e-02
4.783310890197753906e+00	3.820850700139999390e-02	5.325920879840850830e-02	9.976198673248291016e-01	4.252205416560173035e-02	7.411017268896102905e-02	1.000000000000000000e+00	4.640611819922924042e-03	2.658315896987915039e-01	3.161374945193529129e-03	2.425393648445606232e-02	2.976604700088500977e-01	1.230589747428894043e-01
4.829750537872314453e+00	4.505833610892295837e-02	5.141981318593025208e-02	9.976618289947509766e-01	3.261230140924453735e-02	1.419283449649810791e-01	1.000000000000000000e+00	1.735875033773481846e-03	2.360063791275024414e-01	2.128376625478267670e-03	1.605193316936492920e-02	3.333751261234283447e-01	9.069554507732391357e-02
4.876190662384033203e+00	2.736870944499969482e-01	4.181246459484100342e-01	1.620202660560607910e-01	8.426745235919952393e-02	2.271890193223953247e-01	1.000000000000000000e+00	1.202371194958686829e-01	9.051872044801712036e-02	2.314739301800727844e-02	7.559201121330261230e-01	2.198442816734313965e-01	7.192598581314086914e-01
4.922630310058593750e+00	3.000396117568016052e-02	6.002269312739372253e-02	9.871123433113098145e-01	5.418025329709053040e-02	6.704797595739364624e-02	1.000000000000000000e+00	4.547490272670984268e-03	2.393844127655029297e-01	3.389413282275199890e-02	5.269324406981468201e-03	3.111645579338073730e-01	4.070010408759117126e-02
4.969070434570312500e+00	3.095467202365398407e-02	6.267690658569335938e-02	9.967254996299743652e-01	3.297610953450202942e-02	5.480752140283584595e-02	1.000000000000000000e+00	2.554586390033364296e-03	2.445788234472274780e-01	2.578727900981903076e-03	2.138342475518584251e-03	3.077706396579742432e-01	2.659977413713932037e-03
5.015510082244873047e+00	2.922537736594676971e-02	5.698342993855476379e-02	9.900354743003845215e-01	3.406099975109100342e-02	5.101616680622100830e-02	1.000000000000000000e+00	1.781738945282995701e-03	2.391737848520278931e-01	3.796030301600694656e-03	5.499650258570909500e-03	3.043446838855743408e-01	8.893819525837898254e-03
5.061950206756591797e+00	3.607267886400222778e-02	6.107773631811141968e-02	9.956523776054382324e-01	3.128701075911521912e-02	7.491796463727951050e-02	1.000000000000000000e+00	3.086560778319835663e-02	2.349184155464172363e-01	1.216766424477100372e-02	3.132097795605659485e-02	3.140312135219573975e-01	3.830630332231521606e-02
5.108389854431152344e+00	5.358467251062393188e-02	5.224113538861274719e-02	9.891824722290039062e-01	3.991741687059402466e-02	8.922792971134185791e-02	1.000000000000000000e+00	8.661982603371143341e-03	2.310117930173873901e-01	3.248765366151928902e-03	3.244766592979431152e-02	3.450284004211425781e-01	4.205327481031417847e-02
5.154829978942871094e+00	3.578307107090950012e-02	5.375902727246284485e-02	9.993312358856201172e-01	3.217767179012298584e-02	6.692613661289215088e-02	1.000000000000000000e+00	1.738927443511784077e-03	2.421556115150451660e-01	1.686612027697265148e-03	5.195156671106815338e-03	3.170263469219207764e-01	1.517536118626594543e-03
5.201269626617431641e+00	5.602960661053657532e-02	5.449264124035835266e-02	9.866184592247009277e-01	4.076916351914405823e-02	5.326945334672927856e-02	1.000000000000000000e+00	3.245161788072437048e-04	2.415745109319686890e-01	5.610601510852575302e-03	6.037679500877857208e-03	3.087007105350494385e-01	1.292637083679437637e-03
5.247709751129150391e+00	3.443114086985588074e-02	9.569594264030456543e-02	9.916053414344787598e-01	1.000000000000000000e+00	2.731658816337585449e-01	1.367160826921463013e-01	6.062591075897216797e-02	1.615629643201828003e-01	2.444315999746322632e-01	2.099400572478771210e-02	2.574095427989959717e-01	4.287309199571609497e-02
5.294149875640869141e+00	3.067445755004882812e-01	3.687248006463050842e-02	9.597368240356445312e-01	1.000000000000000000e+00	4.537983983755111694e-02	8.287795633077621460e-02	2.418294548988342285e-03	8.048238158226013184e-01	2.395877838134765625e-01	2.821740321815013885e-02	6.700057536363601685e-02	9.017409384250640869e-02
5.340589523315429688e+00	3.825600817799568176e-02	9.955783486366271973e-01	3.916469588875770569e-02	1.000000000000000000e+00	4.185995832085609436e-02	1.231519579887390137e-01	2.402874082326889038e-01	2.720676362514495850e-02	2.322562485933303833e-01	1.846008896827697754e-01	1.186184212565422058e-01	8.577376604080200195e-02
5.387029647827148438e+00	8.929477073252201080e-03	1.000000000000000000e+00	3.767086267471313477e-01	9.960092902183532715e-01	4.287636652588844299e-02	6.083087995648384094e-02	3.269173502922058105e-01	6.831689178943634033e-02	2.380658537149429321e-01	7.660960555076599121e-01	9.589670225977897644e-03	2.060089856386184692e-01
5.433469295501708984e+00	4.614136517047882080e-01	2.889782935380935669e-02	9.481054544448852539e-01	1.000000000000000000e+00	9.447123110294342041e-02	1.298954933881759644e-01	6.138838529586791992e-01	1.903284639120101929e-01	2.521432042121887207e-01	9.814283251762390137e-02	3.539028763771057129e-01	1.921516805887222290e-01
5.479909420013427734e+00	1.172284502536058426e-02	9.967024326324462891e-01	4.232726618647575378e-02	1.000000000000000000e+00	1.636416018009185791e-01	8.629030734300613403e-02	2.958489358425140381e-01	3.395486250519752502e-02	2.464831173419952393e-01	1.751801520586013794e-01	4.859660938382148743e-02	4.420548677444458008e-01
5.526349067687988281e+00	3.769353032112121582e-01	3.808425739407539368e-02	9.416610598564147949e-01	1.000000000000000000e+00	4.762696474790573120e-02	1.197446286678314209e-01	3.749433963093906641e-04	9.029635190963745117e-01	2.297514677047729492e-01	1.126765012741088867e-01	5.835112556815147400e-02	1.491747945547103882e-01
5.572789192199707031e+00	9.517928957939147949e-02	9.679349064826965332e-01	3.703253343701362610e-02	1.000000000000000000e+00	4.840518906712532043e-02	2.620718777179718018e-01	2.418017834424972534e-01	1.505606435239315033e-02	2.286340445280075073e-01	1.557419449090957642e-01	2.632107138633728027e-01	8.247070014476776123e-02
5.619228839874267578e+00	1.937602460384368896e-02	1.000000000000000000e+00	1.786445230245590210e-01	9.752429723739624023e-01	4.642350599169731140e-02	2.727013826370239258e-02	4.897396564483642578e-01	3.782272711396217346e-02	2.376613020896911621e-01	2.585996389389038086e-01	3.807756118476390839e-03	2.590821385383605957e-01
5.665668964385986328e+00	6.074373722076416016e-01	3.094506822526454926e-02	8.993963599205017090e-01	1.000000000000000000e+00	9.002622961997985840e-02	1.911698728799819946e-01	5.333466529846191406e-01	1.725728362798690796e-01	2.633581161499023438e-01	3.928068876266479492e-01	9.982114285230636597e-02	2.027881443500518799e-01
5.712108612060546875e+00	5.443735420703887939e-02	1.668245047330856323e-01	9.307084679603576660e-01	1.000000000000000000e+00	2.612996101379394531e-01	3.093287907540798187e-02	6.045929342508316040e-02	2.096613794565200806e-01	2.363188266754150391e-01	1.459321975708007812e-01	3.585234582424163818e-01	7.902643084526062012e-02
5.758548736572265625e+00	5.869641900062561035e-01	2.113385051488876343e-01	3.656042516231536865e-01	1.000000000000000000e+00	1.681969501078128815e-02	2.284334748983383179e-01	4.360700398683547974e-02	2.543976604938507080e-01	2.483220249414443970e-01	9.944567680358886719e-01	3.425645455718040466e-02	1.161603257060050964e-01
5.804988861083984375e+00	2.852330207824707031e-01	5.826257169246673584e-02	1.787012517452239990e-01	1.000000000000000000e+00	4.107325971126556396e-01	2.015054225921630859e-01	3.610279411077499390e-02	1.152097210288047791e-01	2.733530700206756592e-01	9.189964532852172852e-01	2.224049717187881470e-01	1.530895084142684937e-01
5.851428508758544922e+00	7.651761919260025024e-02	1.439258158206939697e-01	8.338752985000610352e-01	1.000000000000000000e+00	1.897578984498977661e-01	1.055453419685363770e-01	2.468547411262989044e-02	4.198058545589447021e-01	2.242746055126190186e-01	7.928895354270935059e-01	1.500203311443328857e-01	3.640638589859008789e-01
5.897868633270263672e+00	8.630127310752868652e-01	9.345825761556625366e-02	5.038158297538757324e-01	1.000000000000000000e+00	2.968816757202148438e-01	2.249684482812881470e-01	7.427942752838134766e-02	1.986414939165115356e-01	2.970233857631683350e-01	4.477564617991447449e-02	5.154002308845520020e-01	6.546304225921630859e-01
5.944308280944824219e+00	5.163287371397018433e-02	2.086459100246429443e-02	1.000000000000000000e+00	1.080640554428100586e-01	1.118348836898803711e-01	7.193941622972488403e-02	6.113425642251968384e-02	2.269794791936874390e-01	6.233654171228408813e-02	8.857662230730056763e-02	1.632467806339263916e-01	3.546621277928352356e-02
5.990748405456542969e+00	2.776079997420310974e-02	2.427049446851015091e-03	1.000000000000000000e+00	2.981236204504966736e-02	1.334735453128814697e-01	7.077116053551435471e-03	3.082766942679882050e-02	1.930153667926788330e-01	1.167063787579536438e-02	1.976852864027023315e-02	1.328485608100891113e-01	1.135344151407480240e-02
6.037188053131103516e+00	2.711848914623260498e-02	6.322717294096946716e-03	1.000000000000000000e+00	2.224218249320983887e-01	1.160906851291656494e-01	1.272822450846433640e-02	2.596112899482250214e-02	1.931001842021942139e-01	5.460299551486968994e-02	1.452314481139183044e-02	1.188626363873481750e-01	2.064859680831432343e-02
6.083628177642822266e+00	2.698586508631706238e-02	2.082898281514644623e-03	1.000000000000000000e+00	5.360606312751770020e-02	1.089545935392379761e-01	4.909055773168802261e-03	2.717589773237705231e-02	1.951231956481933594e-01	1.833256706595420837e-02	1.920694299042224884e-02	1.124746128916740417e-01	8.265613578259944916e-03
6.130067825317382812e+00	3.381161391735076904e-02	7.096581161022186279e-03	1.000000000000000000e+00	6.303326040506362915e-02	3.476212620735168457e-01	1.874401047825813293e-02	4.533980041742324829e-02	9.641887992620468140e-02	3.897000849246978760e-02	3.134673461318016052e-02	2.900473475456237793e-01	2.988923713564872742e-02
6.176507949829101562e+00	2.335923723876476288e-02	4.933266900479793549e-03	1.000000000000000000e+00	1.192725375294685364e-01	9.707113355398178101e-02	7.117963396012783051e-03	2.695750445127487183e-02	1.987092494964599609e-01	3.451928868889808655e-02	3.414976224303245544e-02	1.039885878562927246e-01	1.372025907039642334e-02
6.222948074340820312e+00	1.959296874701976776e-02	4.819523077458143234e-03	1.000000000000000000e+00	1.444308161735534668e-01	1.219844222068786621e-01	9.287208318710327148e-03	2.018267288804054260e-02	1.886605173349380493e-01	3.569851815700531006e-02	3.761148825287818909e-02	1.225007772445678711e-01	1.493088901042938232e-02
6.269387722015380859e+00	2.139529213309288025e-02	2.286011120304465294e-03	1.000000000000000000e+00	5.773026496171951294e-02	1.023435220122337341e-01	7.539981044828891754e-03	1.654204912483692169e-02	1.962086558341979980e-01	1.672413013875484467e-02	3.958331793546676636e-02	1.092361509799957275e-01	8.729145862162113190e-03
6.315827846527099609e+00	2.213142812252044678e-02	3.661175025627017021e-03	1.000000000000000000e+00	1.340022981166839600e-01	9.903663396835327148e-02	1.108493562787771225e-02	1.422808319330215454e-02	1.984842717647552490e-01	3.164541348814964294e-02	3.546844422817230225e-02	1.067398786544799805e-01	1.534391101449728012e-02
6.362267494201660156e+00	1.161215752363204956e-01	6.955025196075439453e-01	1.000000000000000000e+00	1.528044324368238449e-02	1.224162206053733826e-01	3.090652823448181152e-02	2.048408985137939453e-01	2.135508209466934204e-01	2.342593111097812653e-02	8.910290896892547607e-02	1.241546049714088440e-01	3.844785690307617188e-02
6.408707618713378906e+00	4.246952012181282043e-02	1.217116788029670715e-02	1.000000000000000000e+00	8.074700832366943359e-03	1.105400621891021729e-01	3.861299529671669006e-02	6.319886445999145508e-02	2.164582014083862305e-01	3.139341250061988831e-02	6.242940574884414673e-02	1.341748535633087158e-01	2.878999337553977966e-02
6.455147266387939453e+00	2.627423964440822601e-02	2.356237033382058144e-03	1.000000000000000000e+00	2.482040412724018097e-02	1.429682075977325439e-01	6.428766064345836639e-03	3.495523706078529358e-02	1.848102807998657227e-01	1.146668847650289536e-02	2.044617943465709686e-02	1.326855421066284180e-01	1.106045022606849670e-02
6.501587390899658203e+00	2.900211140513420105e-02	4.099417710676789284e-04	1.000000000000000000e+00	1.276576775126159191e-03	1.010732874274253845e-01	4.169174470007419586e-03	2.464463375508785248e-02	1.980480551719665527e-01	4.997632931917905807e-03	1.725446060299873352e-02	1.061119288206100464e-01	5.685225594788789749e-03
6.548027038574218750e+00	2.625593543052673340e-02	5.406228592619299889e-04	1.000000000000000000e+00	1.262879697605967522e-03	1.120255142450332642e-01	5.344057921320199966e-03	3.020443022251129150e-02	1.931653320789337158e-01	6.703609135001897812e-03	2.966200560331344604e-02	1.130081713199615479e-01	7.632202468812465668e-03
6.594467163085937500e+00	8.206363916397094727e-01	1.257722172886133194e-02	1.000000000000000000e+00	3.770012408494949341e-02	2.232803851366043091e-01	1.933627426624298096e-01	4.992853477597236633e-02	2.409933656454086304e-01	5.356128513813018799e-02	6.260652840137481689e-02	3.173241317272186279e-01	3.185725584626197815e-02
6.640906810760498047e+00	1.000000000000000000e+00	6.924257148057222366e-03	2.119018435478210449e-01	5.153966136276721954e-03	5.951248481869697571e-02	2.361612021923065186e-01	1.033819746226072311e-02	6.814624369144439697e-02	5.857266113162040710e-02	2.667283453047275543e-02	5.154597386717796326e-02	2.609423594549298286e-03
6.687346935272216797e+00	1.000000000000000000e+00	1.725038600852712989e-04	7.894904911518096924e-02	3.779072081670165062e-03	2.557437494397163391e-02	2.332915365695953369e-01	3.056145505979657173e-03	2.240782603621482849e-02	5.122395604848861694e-02	1.082540862262248993e-02	4.567548260092735291e-02	8.915449725463986397e-04
6.733787059783935547e+00	1.000000000000000000e+00	2.312853233888745308e-03	3.645866736769676208e-02	4.624659195542335510e-03	2.732481248676776886e-02	2.337249070405960083e-01	2.884647576138377190e-03	8.739115670323371887e-03	4.997823014855384827e-02	8.958611637353897095e-03	4.789220541715621948e-02	4.465601814445108175e-04
6.780226707458496094e+00	1.000000000000000000e+00	9.652160224504768848e-05	3.771045804023742676e-02	4.616860765963792801e-03	3.669870644807815552e-02	2.341846823692321777e-01	2.433482557535171509e-03	7.986427284777164459e-03	4.904991388320922852e-02	9.905447252094745636e-03	4.855353385210037231e-02	3.017136186826974154e-04
6.826666831970214844e+00	1.000000000000000000e+00	3.103123744949698448e-03	3.995992988348007202e-02	9.920651093125343323e-03	5.516991391777992249e-02	2.346505224704742432e-01	7.374519016593694687e-03	1.465619914233684540e-02	6.047768145799636841e-02	1.436841208487749100e-02	4.880369827151298523e-02	1.207895576953887939e-03
6.873106479644775391e+00	1.000000000000000000e+00	7.537581026554107666e-03	2.172628976404666901e-02	2.720012888312339783e-02	6.462985277175903320e-02	2.370533049106597900e-01	3.665870986878871918e-03	1.839283108711242676e-02	6.264716386795043945e-02	1.888440735638141632e-02	3.889568522572517395e-02	2.353202551603317261e-03
6.919546604156494141e+00	1.000000000000000000e+00	2.191827225033193827e-04	2.282535284757614136e-02	3.367311554029583931e-03	3.214981779456138611e-02	2.332285642623901367e-01	1.422215020284056664e-03	7.102844770997762680e-03	5.120918899774551392e-02	7.906687445938587189e-03	4.053269326686859131e-02	3.621974610723555088e-04
6.965986251831054688e+00	1.000000000000000000e+00	5.622517346637323499e-05	2.301957458257675171e-02	4.541229456663131714e-03	3.576163575053215027e-02	2.340321540832519531e-01	1.827488304115831852e-03	4.827882628887891769e-03	4.930584132671356201e-02	8.667241781949996948e-03	4.664641246199607849e-02	1.937622291734442115e-04
7.012426376342773438e+00	1.000000000000000000e+00	1.087065247702412307e-04	2.403144724667072296e-02	5.330523476004600525e-03	5.815206840634346008e-02	2.336371541023254395e-01	2.474206965416669846e-03	6.376950070261955261e-03	4.947899654507637024e-02	1.370268873870372772e-02	4.971105977892875671e-02	1.665252202656120062e-04
7.058866024017333984e+00	1.000000000000000000e+00	9.377861715620383620e-05	2.331747300922870636e-02	6.102967541664838791e-03	5.791151523590087891e-02	2.334314137697219849e-01	2.439156174659729004e-03	1.713492535054683685e-02	4.922445118427276611e-02	1.390775945037603378e-02	4.991758614778518677e-02	1.358606386929750443e-04
7.105306148529052734e+00	1.000000000000000000e+00	3.127905656583607197e-04	2.256362885236740112e-02	6.864253431558609009e-03	4.861315339803695679e-02	2.328250408172607422e-01	2.087539527565240860e-03	3.695739433169364929e-02	4.994119703769683838e-02	1.200578082352876663e-02	4.687850922346115112e-02	2.537186082918196917e-04
7.151745796203613281e+00	1.000000000000000000e+00	1.086003831005655229e-04	2.104788646101951599e-02	6.580546963959932327e-03	3.599819168448448181e-02	2.326176762580871582e-01	1.410861266776919365e-03	6.539329886436462402e-02	4.834754392504692078e-02	9.487741626799106598e-03	4.045095667243003845e-02	1.103723334381356835e-04
7.198185920715332031e+00	1.000000000000000000e+00	4.458178591448813677e-05	2.078215405344963074e-02	5.343439988791942596e-03	3.222208470106124878e-02	2.322501540184020996e-01	1.080210786312818527e-03	8.468648791313171387e-02	4.762087017297744751e-02	8.715213276445865631e-03	3.562987968325614929e-02	7.690093480050563812e-05
7.244626045227050781e+00	1.000000000000000000e+00	1.355145213892683387e-04	2.101884037256240845e-02	7.873542606830596924e-03	1.937814615666866302e-02	2.314775437116622925e-01	7.379523594863712788e-04	1.086863204836845398e-01	4.835005849599838257e-02	6.132522132247686386e-03	3.283016756176948547e-02	1.942936069099232554e-04
7.291065692901611328e+00	1.000000000000000000e+00	4.135584458708763123e-05	1.935589686036109924e-02	6.328687071800231934e-03	1.145262923091650009e-02	2.316526770591735840e-01	4.400470643304288387e-04	1.195831149816513062e-01	4.711586236953735352e-02	4.436766728758811951e-03	3.102067857980728149e-02	1.068306592060253024e-04
7.337505817413330078e+00	1.000000000000000000e+00	3.008644489455036819e-05	1.957583799958229065e-02	5.672799888998270035e-03	9.117911569774150848e-03	2.318212091922760010e-01	3.688863944262266159e-04	1.167065948247909546e-01	4.702514410018920898e-02	3.808776382356882095e-03	3.063209727406501770e-02	4.987185093341395259e-05
7.383945465087890625e+00	1.000000000000000000e+00	6.713897164445370436e-05	1.913494989275932312e-02	6.276447325944900513e-03	7.044859230518341064e-03	2.324776947498321533e-01	3.600106283556669950e-04	1.029764264822006226e-01	4.700901359319686890e-02	3.226943779736757278e-03	3.203085437417030334e-02	1.235973031725734472e-04
7.430385589599609375e+00	1.000000000000000000e+00	6.622773071285337210e-05	1.841479726135730743e-02	7.612176705151796341e-03	7.235854864120483398e-03	2.323736250400543213e-01	5.108801415190100670e-04	1.114967539906501770e-01	4.673625528812408447e-02	3.434064099565148354e-03	3.470147401094436646e-02	1.126362985814921558e-04
7.476825237274169922e+00	1.000000000000000000e+00	6.452665547840297222e-05	1.937274262309074402e-02	8.297426626086235046e-03	1.347644440829753876e-02	2.312217354774475098e-01	8.901059627532958984e-04	1.300798505544662476e-01	4.757552593946456909e-02	5.267426837235689163e-03	3.779051080346107483e-02	1.049077691277489066e-04
7.523265361785888672e+00	1.000000000000000000e+00	6.036782724549993873e-05	2.237743511795997620e-02	1.031432021409273148e-02	1.700333692133426666e-02	2.312024533748626709e-01	1.044177799485623837e-03	1.424055695533752441e-01	4.695666208863258362e-02	6.188390310853719711e-03	4.193747788667678833e-02	1.080465881386771798e-04
7.569705009460449219e+00	1.000000000000000000e+00	4.056042962474748492e-05	2.069696225225925446e-02	1.129537913948297501e-02	1.689440011978149414e-02	2.311120927333831787e-01	1.344271004199981689e-03	1.588414460420608521e-01	4.623655229806900024e-02	6.342181935906410217e-03	4.669910669326782227e-02	3.421545989112928510e-05
7.616145133972167969e+00	1.000000000000000000e+00	3.890468506142497063e-04	1.965267397463321686e-02	1.004476565867662430e-02	1.446273364126682281e-02	2.303011119365692139e-01	1.306006917729973793e-03	1.585748642683029175e-01	4.771758615970611572e-02	6.593586876988410950e-03	3.790298104286193848e-02	5.484305438585579395e-04
7.662585258483886719e+00	1.000000000000000000e+00	1.157668302766978741e-03	2.224658057093620300e-02	1.524158194661140442e-02	3.160474821925163269e-02	2.311062812805175781e-01	2.818132750689983368e-03	1.394213289022445679e-01	4.927986115217208862e-02	1.145327743142843246e-02	4.497500509023666382e-02	1.665727002546191216e-03
7.709024906158447266e+00	1.000000000000000000e+00	3.772023366764187813e-03	2.423161640763282776e-02	2.379215694963932037e-02	2.868472039699554443e-02	2.495706379413604736e-01	3.155791899189352989e-03	2.398042380809783936e-02	5.560129135847091675e-02	1.175600197166204453e-02	5.019642412662506104e-02	2.625389257445931435e-03
7.755465030670166016e+00	7.802757620811462402e-01	1.935879290103912354e-01	2.467926777899265289e-02	8.245113492012023926e-02	4.298939183354377747e-02	1.000000000000000000e+00	3.736455366015434265e-02	4.998143762350082397e-02	6.461773812770843506e-02	2.601464837789535522e-02	2.216602712869644165e-01	2.098310366272926331e-02
7.801904678344726562e+00	7.808800935745239258e-01	5.091018229722976685e-02	1.608844399452209473e-01	2.610568888485431671e-02	1.692375242710113525e-01	1.000000000000000000e+00	1.206853985786437988e-02	5.930301547050476074e-02	3.394568338990211487e-02	3.529776930809020996e-01	2.208237498998641968e-01	5.621318519115447998e-02
7.848344802856445312e+00	7.972993850708007812e-01	5.841970443725585938e-02	6.609130650758743286e-02	3.300625830888748169e-02	2.484675310552120209e-02	1.000000000000000000e+00	3.609041916206479073e-03	3.399049490690231323e-02	9.978707134723663330e-02	5.600398872047662735e-03	2.385046929121017456e-01	2.252694778144359589e-02
7.894784450531005859e+00	8.145886063575744629e-01	1.288496404886245728e-01	1.130566298961639404e-01	5.417464673519134521e-02	3.140287846326828003e-02	1.000000000000000000e+00	2.043697796761989594e-02	4.356944561004638672e-02	3.459506928920745850e-01	6.627094000577926636e-03	2.360238432884216309e-01	4.524045158177614212e-03
7.941224575042724609e+00	7.791639566421508789e-01	1.501902937889099121e-01	5.427317693829536438e-02	4.741743952035903931e-02	5.354236927814781666e-04	1.000000000000000000e+00	2.574551850557327271e-02	3.669540584087371826e-02	3.757309541106224060e-02	4.545812308788299561e-02	2.800109982490539551e-01	4.817826207727193832e-03
7.987664222717285156e+00	2.545892298221588135e-01	5.161478370428085327e-02	2.149534076452255249e-01	2.034930288791656494e-01	5.014910548925399780e-02	6.479505896568298340e-01	2.671784721314907074e-02	1.000000000000000000e+00	1.538568586111068726e-01	2.976522147655487061e-01	6.494596600532531738e-01	3.555827960371971130e-02
8.034104347229003906e+00	2.777289748191833496e-01	1.531382054090499878e-01	1.322640106081962585e-03	5.603800341486930847e-02	6.470567733049392700e-02	1.966215968132019043e-01	4.106310755014419556e-02	1.000000000000000000e+00	1.432079728692770004e-02	3.033332899212837219e-02	3.840012848377227783e-02	2.944263219833374023e-01
8.080544471740722656e+00	1.000000000000000000e+00	5.280407667160034180e-01	1.836737990379333496e-01	1.916612237691879272e-01	2.067809104919433594e-01	2.797102332115173340e-01	2.288453727960586548e-01	8.474050760269165039e-01	6.388476490974426270e-02	1.553260982036590576e-01	2.009393125772476196e-01	4.193145781755447388e-02
8.126984596252441406e+00	1.000000000000000000e+00	2.010218054056167603e-01	1.729230955243110657e-02	8.016363382339477539e-01	1.087169861420989037e-03	4.636360704898834229e-01	5.936457216739654541e-02	8.214285969734191895e-01	2.095792889595031738e-01	2.772537246346473694e-02	5.510951876640319824e-01	4.635206982493400574e-02
8.173423767089843750e+00	6.576481461524963379e-01	6.097018718719482422e-01	1.459791362285614014e-01	6.114975735545158386e-02	1.599039286375045776e-01	1.902635246515274048e-01	8.330531120300292969e-01	1.000000000000000000e+00	2.197438329458236694e-01	2.497685253620147705e-01	5.209917202591896057e-02	4.581924378871917725e-01
8.219863891601562500e+00	3.441485166549682617e-01	3.289311230182647705e-01	1.826830804347991943e-01	1.838068813085556030e-01	7.462470233440399170e-02	1.470966935157775879e-01	5.226328372955322266e-01	1.000000000000000000e+00	8.229439258575439453e-01	8.283352851867675781e-01	2.474663406610488892e-01	1.943701654672622681e-01
8.266304016113281250e+00	2.253510206937789917e-01	8.100982010364532471e-02	3.246509134769439697e-01	7.333816289901733398e-01	4.437457397580146790e-02	1.715863198041915894e-01	5.733717679977416992e-01	4.213166832923889160e-01	2.340338081121444702e-01	1.000000000000000000e+00	8.219024538993835449e-01	2.402904927730560303e-01
8.312744140625000000e+00	4.319515526294708252e-01	2.174706012010574341e-01	1.826474219560623169e-01	1.773313134908676147e-01	8.152714371681213379e-01	5.197864770889282227e-01	1.582407653331756592e-01	2.964922785758972168e-01	5.080063939094543457e-01	1.000000000000000000e+00	6.314553618431091309e-01	1.333923190832138062e-01
8.359183311462402344e+00	7.875119447708129883e-01	7.511873543262481689e-02	2.431355863809585571e-01	5.229973420500755310e-02	2.635364234447479248e-02	2.821805775165557861e-01	7.710887789726257324e-01	1.000000000000000000e+00	2.429293990135192871e-01	8.022368550300598145e-01	5.191697552800178528e-02	2.934007048606872559e-01
8.405623435974121094e+00	1.920662969350814819e-01	6.284217536449432373e-02	4.357771873474121094e-01	1.207851096987724304e-01	7.983430474996566772e-02	1.637892127037048340e-01	1.000000000000000000e+00	3.422279059886932373e-01	1.766507625579833984e-01	9.961149692535400391e-01	1.657842993736267090e-01	3.749279379844665527e-01
8.452063560485839844e+00	1.000000000000000000e+00	3.047101795673370361e-01	1.607036292552947998e-01	2.394177466630935669e-01	1.599614918231964111e-01	2.725344598293304443e-01	1.686232089996337891e-01	1.340235024690628052e-01	4.212873578071594238e-01	6.054914593696594238e-01	5.209495499730110168e-02	6.000696420669555664e-01
8.498503684997558594e+00	1.000000000000000000e+00	3.616392910480499268e-01	4.790392518043518066e-02	3.870451450347900391e-01	3.267949912697076797e-03	2.235720455646514893e-01	1.094568669795989990e-01	6.623096466064453125e-01	1.108392626047134399e-01	1.616048365831375122e-01	2.781063020229339600e-01	4.159747436642646790e-02
8.544942855834960938e+00	1.000000000000000000e+00	1.800655126571655273e-01	1.364362388849258423e-01	1.880514025688171387e-01	5.687715951353311539e-03	2.927237451076507568e-01	5.782631784677505493e-02	2.280042022466659546e-01	1.186763271689414978e-01	1.821038573980331421e-01	7.325546741485595703e-01	5.790501367300748825e-03
8.591382980346679688e+00	1.000000000000000000e+00	5.185376480221748352e-02	3.185577392578125000e-01	4.991026944480836391e-04	1.304657105356454849e-02	2.305416613817214966e-01	7.602448761463165283e-02	6.417482346296310425e-02	1.025785505771636963e-01	5.111347436904907227e-01	4.371603950858116150e-02	1.811599172651767731e-02
8.637823104858398438e+00	1.000000000000000000e+00	2.184843122959136963e-01	1.152201145887374878e-01	7.859526574611663818e-02	2.327391952276229858e-01	3.504925966262817383e-01	2.608183920383453369e-01	3.974875062704086304e-02	6.746831536293029785e-02	3.661218285560607910e-01	3.962855935096740723e-01	9.480997174978256226e-02
8.684263229370117188e+00	6.214364767074584961e-01	6.614038348197937012e-02	1.708937734365463257e-01	2.508416473865509033e-01	1.058816686272621155e-01	1.631066352128982544e-01	2.708117663860321045e-01	4.554063975811004639e-01	7.184033840894699097e-02	5.800050497055053711e-01	1.000000000000000000e+00	1.483677774667739868e-01
8.730703353881835938e+00	1.355497092008590698e-01	5.684397816658020020e-01	2.479728497564792633e-02	2.434499561786651611e-01	3.714692220091819763e-02	2.664381861686706543e-01	1.831547170877456665e-01	1.734499186277389526e-01	2.459797263145446777e-01	1.077133044600486755e-01	1.000000000000000000e+00	1.807065680623054504e-02
8.777142524719238281e+00	1.518845558166503906e-01	4.244878515601158142e-02	4.362019598484039307e-01	2.361978441476821899e-01	3.030193150043487549e-01	1.197753921151161194e-01	5.254346504807472229e-02	3.070064187049865723e-01	3.322350978851318359e-02	9.974169135093688965e-01	1.000000000000000000e+00	3.553371131420135498e-01
8.823582649230957031e+00	4.324547648429870605e-01	1.108873286284506321e-03	3.349571675062179565e-02	2.451809793710708618e-01	2.249129675328731537e-02	8.295627683401107788e-02	2.366665154695510864e-01	8.716905713081359863e-01	3.600341081619262695e-02	1.673605665564537048e-02	1.000000000000000000e+00	1.079208478331565857e-01
8.870022773742675781e+00	1.268688738346099854e-01	7.405380019918084145e-04	8.393346667289733887e-01	2.118740528821945190e-01	1.860523372888565063e-01	4.328566491603851318e-01	1.258987486362457275e-01	3.017497956752777100e-01	6.237747147679328918e-02	1.009445115923881531e-01	1.000000000000000000e+00	3.715358674526214600e-01
8.916462898254394531e+00	2.587347030639648438e-01	2.161315381526947021e-01	7.168181985616683960e-02	2.665360867977142334e-01	3.987687528133392334e-01	5.222249031066894531e-02	8.245081454515457153e-02	4.905374348163604736e-01	9.862247109413146973e-01	2.875273227691650391e-01	1.000000000000000000e+00	1.824091076850891113e-01
8.962902069091796875e+00	2.385022044181823730e-01	9.087184667587280273e-01	3.639000654220581055e-02	2.421002089977264404e-01	7.274734973907470703e-02	5.751765146851539612e-02	6.778659224510192871e-01	6.659285631030797958e-03	2.781794965267181396e-01	7.505302876234054565e-02	1.000000000000000000e+00	2.640349864959716797e-01
9.009342193603515625e+00	4.163298383355140686e-02	1.698316261172294617e-02	2.643582224845886230e-02	2.349365204572677612e-01	4.336205776780843735e-03	8.511014282703399658e-02	4.364079236984252930e-02	7.077671587467193604e-03	5.967199429869651794e-02	4.227336030453443527e-03	1.000000000000000000e+00	5.128656048327684402e-04
9.055782318115234375e+00	4.081917405128479004e-01	3.197498321533203125e-01	2.796930968761444092e-01	2.487140893936157227e-01	4.069318063557147980e-03	1.497734636068344116e-01	2.266362458467483521e-01	5.642955750226974487e-02	3.937665000557899475e-02	7.137598991394042969e-01	1.000000000000000000e+00	4.345206916332244873e-02
9.102222442626953125e+00	9.885630011558532715e-02	1.649406403303146362e-01	4.754327833652496338e-01	4.091596305370330811e-01	1.535669863224029541e-01	1.506435591727495193e-02	8.028022944927215576e-02	1.800807118415832520e-01	7.527309656143188477e-01	2.733778767287731171e-02	1.000000000000000000e+00	4.308486878871917725e-01
