0.000000000000000000e+00	1.317159235477447510e-01	5.699402838945388794e-02	9.489909745752811432e-03	2.201162576675415039e-01	3.658726811408996582e-03	8.388137817382812500e-01	9.298621863126754761e-02	2.729817852377891541e-02	8.605746179819107056e-02	6.692230701446533203e-03	1.000000000000000000e+00	1.579168066382408142e-02
4.643990844488143921e-02	8.290951699018478394e-02	2.590610384941101074e-01	3.143773376941680908e-01	1.947650611400604248e-01	8.272819221019744873e-02	2.382181584835052490e-02	9.786896109580993652e-01	1.388702243566513062e-01	1.000000000000000000e+00	8.553631603717803955e-03	8.751947283744812012e-01	3.297104537487030029e-01
9.287981688976287842e-02	8.784003853797912598e-01	2.686070501804351807e-01	6.425554305315017700e-02	1.675213277339935303e-01	6.155465915799140930e-02	1.635727435350418091e-01	4.096784815192222595e-02	9.093819260597229004e-01	1.000000000000000000e+00	5.777461454272270203e-02	8.835193514823913574e-02	6.560885347425937653e-03
1.393197327852249146e-01	9.484523534774780273e-02	2.687348723411560059e-01	1.297822445631027222e-01	1.826132833957672119e-01	2.615596950054168701e-01	5.075318217277526855e-01	3.328088670969009399e-02	1.152714937925338745e-01	1.000000000000000000e+00	5.512107014656066895e-01	1.368761956691741943e-01	8.674145936965942383e-01
1.857596337795257568e-01	2.150069549679756165e-02	2.816760838031768799e-01	1.557170995511114597e-03	8.088364601135253906e-01	2.496216744184494019e-01	6.667662411928176880e-02	3.704247623682022095e-02	1.179971694946289062e-01	1.000000000000000000e+00	3.170451149344444275e-02	6.424566358327865601e-02	8.280496597290039062e-01
2.321995496749877930e-01	3.952698111534118652e-01	2.212933897972106934e-01	9.280827641487121582e-01	3.973518963903188705e-03	8.308268338441848755e-02	1.227899864315986633e-01	4.614640474319458008e-01	2.050703614950180054e-01	1.000000000000000000e+00	4.014870524406433105e-01	6.622755527496337891e-02	1.146136224269866943e-01
2.786394655704498291e-01	1.054987683892250061e-01	2.592130601406097412e-01	7.424021363258361816e-01	1.349654141813516617e-02	8.919097483158111572e-02	1.751214638352394104e-02	3.795460611581802368e-02	1.897086948156356812e-01	1.000000000000000000e+00	3.633970161899924278e-03	9.881720691919326782e-02	1.778553822077810764e-03
3.250793516635894775e-01	2.867365814745426178e-02	2.789394259452819824e-01	7.405747175216674805e-01	7.285948842763900757e-03	6.640134751796722412e-02	2.994587179273366928e-03	5.915031582117080688e-02	1.723605394363403320e-01	1.000000000000000000e+00	2.398779615759849548e-02	6.101076304912567139e-02	2.145655080676078796e-02
3.715192675590515137e-01	4.874231666326522827e-02	3.018303215503692627e-01	8.468676805496215820e-01	8.781095035374164581e-03	2.781804502010345459e-01	2.269669063389301300e-02	5.618312358856201172e-01	2.435460835695266724e-01	1.000000000000000000e+00	5.903670191764831543e-02	8.753886073827743530e-02	8.890631794929504395e-01
4.179591834545135498e-01	3.578411042690277100e-01	2.253853082656860352e-01	7.007788419723510742e-01	2.055174671113491058e-02	1.088943630456924438e-01	7.353556901216506958e-02	1.230759546160697937e-01	1.394690126180648804e-01	1.000000000000000000e+00	7.349278894253075123e-04	1.492658108472824097e-01	2.292318083345890045e-02
4.643990993499755859e-01	3.918789327144622803e-02	2.968594133853912354e-01	1.193097140640020370e-02	1.205425430089235306e-02	2.470118999481201172e-01	3.533299639821052551e-02	4.822929948568344116e-02	2.449614554643630981e-02	1.000000000000000000e+00	6.720199435949325562e-02	5.155342817306518555e-02	5.426966547966003418e-01
5.108389854431152344e-01	3.171351850032806396e-01	1.735223531723022461e-01	9.155839681625366211e-01	2.574242353439331055e-01	6.108726859092712402e-01	9.207648038864135742e-02	1.096423640847206116e-01	8.022806048393249512e-01	6.281427145004272461e-01	1.627663522958755493e-01	1.000000000000000000e+00	1.464562267065048218e-01
5.572789311408996582e-01	2.439928352832794189e-01	2.811235487461090088e-01	8.011724799871444702e-03	1.382884234189987183e-01	2.511260807514190674e-01	3.651937246322631836e-01	4.942474886775016785e-02	7.970512509346008301e-01	1.000000000000000000e+00	2.679257467389106750e-02	4.742949008941650391e-01	7.724639177322387695e-01
6.037188172340393066e-01	6.870627403259277344e-01	2.051222622394561768e-01	3.586202859878540039e-01	3.315138816833496094e-02	6.528543680906295776e-02	1.777216345071792603e-01	3.750726282596588135e-01	6.000334769487380981e-02	1.000000000000000000e+00	3.034220039844512939e-01	1.113677024841308594e-01	1.117009893059730530e-01
6.501587033271789551e-01	2.861219644546508789e-02	2.904143333435058594e-01	7.458661794662475586e-01	2.519973367452621460e-02	2.570508122444152832e-01	2.956265117973089218e-03	7.195590436458587646e-02	2.123395055532455444e-01	1.000000000000000000e+00	5.829901620745658875e-02	1.679871231317520142e-01	6.673832535743713379e-01
6.965986490249633789e-01	9.186689741909503937e-03	5.613746643066406250e-01	2.206623554229736328e-01	1.449316181242465973e-02	1.718792468309402466e-01	1.026900392025709152e-02	1.113450825214385986e-01	6.053120642900466919e-02	1.000000000000000000e+00	6.388198584318161011e-02	5.791109800338745117e-02	1.550638824701309204e-01
7.430385351181030273e-01	4.327988624572753906e-01	8.282867670059204102e-01	7.911224365234375000e-01	3.588050976395606995e-02	6.334458291530609131e-02	1.575766354799270630e-01	1.873948574066162109e-01	5.041059851646423340e-01	1.000000000000000000e+00	4.699358046054840088e-01	9.561426192522048950e-02	3.231703117489814758e-02
7.894784808158874512e-01	2.307395040988922119e-01	7.143913209438323975e-02	2.526976168155670166e-01	2.738488614559173584e-01	3.938857838511466980e-02	8.547058701515197754e-02	3.552772477269172668e-02	1.000000000000000000e+00	6.134564802050590515e-02	1.495633274316787720e-01	6.860057115554809570e-01	8.631078153848648071e-02
8.359183669090270996e-01	2.489375919103622437e-01	5.260319113731384277e-01	1.463312655687332153e-01	4.183108359575271606e-02	2.923916280269622803e-01	1.828096807003021240e-01	1.223000735044479370e-01	1.000000000000000000e+00	9.846538305282592773e-03	8.695036172866821289e-02	7.933098077774047852e-02	2.279123514890670776e-01
8.823582530021667480e-01	2.318193614482879639e-01	2.164086550474166870e-01	8.169190287590026855e-01	2.384571433067321777e-01	5.311989784240722656e-02	3.583736345171928406e-02	2.891360521316528320e-01	1.000000000000000000e+00	5.733163654804229736e-02	2.347598671913146973e-01	8.320013284683227539e-01	6.339776515960693359e-02
9.287981986999511719e-01	8.680917620658874512e-01	9.813319891691207886e-02	3.092898130416870117e-01	5.620625615119934082e-01	8.169449120759963989e-02	6.028530597686767578e-01	5.970450583845376968e-03	1.000000000000000000e+00	2.862272858619689941e-01	7.791060954332351685e-02	1.740139871835708618e-01	2.604718208312988281e-01
9.752380847930908203e-01	4.925011098384857178e-01	6.356239914894104004e-01	7.940668463706970215e-01	1.507855504751205444e-01	2.554303407669067383e-01	1.446182280778884888e-01	8.388283252716064453e-01	1.000000000000000000e+00	4.588682353496551514e-01	8.608005195856094360e-02	4.812619090080261230e-01	3.516842424869537354e-01
1.021677970886230469e+00	2.510881721973419189e-01	2.862943112850189209e-01	3.501850739121437073e-02	6.070408597588539124e-02	1.390493661165237427e-01	3.222711384296417236e-02	4.576449468731880188e-02	1.000000000000000000e+00	9.890630245208740234e-01	3.655643761157989502e-02	8.942348510026931763e-02	2.544249892234802246e-01
1.068117856979370117e+00	1.036112010478973389e-01	2.231638133525848389e-01	5.091626644134521484e-01	6.484410762786865234e-01	2.203347980976104736e-01	2.810004353523254395e-01	2.567747235298156738e-02	1.553336530923843384e-01	1.000000000000000000e+00	3.030011057853698730e-01	1.121199876070022583e-01	7.383695840835571289e-01
1.114557862281799316e+00	4.004078730940818787e-02	2.735316753387451172e-01	3.370205173268914223e-03	7.743827700614929199e-01	2.587699294090270996e-01	6.964538991451263428e-02	3.739384189248085022e-02	1.882835179567337036e-01	1.000000000000000000e+00	3.846979141235351562e-02	6.456152349710464478e-02	7.390666604042053223e-01
1.160997748374938965e+00	7.501117885112762451e-02	2.185471504926681519e-01	1.936210244894027710e-01	9.238477796316146851e-03	1.000000000000000000e+00	4.075714573264122009e-02	4.291719794273376465e-01	8.217278122901916504e-02	9.739613533020019531e-01	6.460837125778198242e-01	6.095528230071067810e-02	2.090999633073806763e-01
1.207437634468078613e+00	9.511777758598327637e-01	4.340793192386627197e-01	8.873512744903564453e-01	1.717063486576080322e-01	1.942989677190780640e-01	1.921028196811676025e-01	1.383559852838516235e-01	5.143023729324340820e-01	1.000000000000000000e+00	4.396315291523933411e-02	8.031179904937744141e-01	7.616499438881874084e-03
1.253877520561218262e+00	6.384261697530746460e-02	2.678603529930114746e-01	7.463590502738952637e-01	9.214423596858978271e-03	7.087868452072143555e-02	6.816191133111715317e-03	3.840915486216545105e-02	3.194232881069183350e-01	1.000000000000000000e+00	1.556153525598347187e-03	6.819960474967956543e-02	1.706693693995475769e-02
1.300317406654357910e+00	5.866649374365806580e-02	3.140171468257904053e-01	4.471125006675720215e-01	4.000744223594665527e-01	2.145435214042663574e-01	3.529067337512969971e-02	5.066784024238586426e-01	1.630742549896240234e-01	1.000000000000000000e+00	1.724054962396621704e-01	4.744642972946166992e-02	6.708001494407653809e-01
1.346757411956787109e+00	5.810907483100891113e-01	2.856994271278381348e-01	8.279467374086380005e-02	3.932588100433349609e-01	6.423536688089370728e-02	1.477932780981063843e-01	2.677350938320159912e-01	1.055641844868659973e-02	1.000000000000000000e+00	6.621180567890405655e-03	1.158785521984100342e-01	7.152149826288223267e-02
1.393197298049926758e+00	5.213727429509162903e-02	3.008998334407806396e-01	4.110250622034072876e-02	6.861453410238027573e-03	2.346387952566146851e-01	2.665670029819011688e-02	4.267583414912223816e-02	6.295157223939895630e-02	1.000000000000000000e+00	5.422743037343025208e-02	4.096804186701774597e-02	5.206548571586608887e-01
1.439637184143066406e+00	1.865610182285308838e-01	2.554402947425842285e-01	1.027325615286827087e-01	2.295979857444763184e-01	1.427853256464004517e-01	4.530293643474578857e-01	7.244160771369934082e-02	1.901392042636871338e-01	1.000000000000000000e+00	2.620349638164043427e-02	9.836952090263366699e-01	3.243961930274963379e-01
1.486077070236206055e+00	2.032862789928913116e-02	5.035362243652343750e-01	1.740863081067800522e-03	4.581284895539283752e-02	2.827591001987457275e-01	2.867286559194326401e-03	1.391660720109939575e-01	1.487638503313064575e-01	1.000000000000000000e+00	4.669355228543281555e-02	1.338559389114379883e-01	9.771201014518737793e-01
1.532516956329345703e+00	5.513607859611511230e-01	2.310324311256408691e-01	7.599551677703857422e-01	4.968570917844772339e-02	8.584134280681610107e-02	1.466180980205535889e-01	3.364619240164756775e-02	1.766566038131713867e-01	1.000000000000000000e+00	4.389178939163684845e-03	1.512143015861511230e-01	4.330431669950485229e-02
1.578956961631774902e+00	2.979432046413421631e-01	6.290621757507324219e-01	4.312246665358543396e-02	3.967992588877677917e-02	2.915610969066619873e-01	8.229622989892959595e-02	1.374664902687072754e-01	1.000000000000000000e+00	9.404640793800354004e-01	1.763169020414352417e-01	1.007290408015251160e-01	9.327480792999267578e-01
1.625396847724914551e+00	2.386481016874313354e-01	1.000000000000000000e+00	1.622314006090164185e-01	1.180667281150817871e-01	6.336676329374313354e-02	4.037303477525711060e-02	2.243303060531616211e-01	3.132144212722778320e-01	8.942296504974365234e-01	4.761441797018051147e-02	1.809915751218795776e-01	3.033584356307983398e-02
1.671836733818054199e+00	6.006055325269699097e-02	3.198533356189727783e-01	1.596416682004928589e-01	9.100084006786346436e-02	6.059474498033523560e-02	8.001388981938362122e-03	2.696262598037719727e-01	2.175993025302886963e-01	1.000000000000000000e+00	1.421896368265151978e-01	2.675828337669372559e-01	5.140299350023269653e-02
1.718276619911193848e+00	4.121694713830947876e-02	6.821303963661193848e-01	1.017354801297187805e-02	3.519617021083831787e-02	2.809474468231201172e-01	8.619528263807296753e-02	2.377979457378387451e-01	2.138385623693466187e-01	9.990566968917846680e-01	7.225555181503295898e-02	5.196377262473106384e-02	1.000000000000000000e+00
1.764716506004333496e+00	1.908793002367019653e-01	1.000000000000000000e+00	6.606580317020416260e-02	7.151836901903152466e-02	9.480055421590805054e-02	1.590485274791717529e-01	4.956962466239929199e-01	1.003692150115966797e-01	8.761901259422302246e-01	2.089093625545501709e-01	7.472603768110275269e-02	2.195545881986618042e-01
1.811156511306762695e+00	6.989946961402893066e-02	4.008646011352539062e-01	4.087516963481903076e-01	3.604130819439888000e-02	2.823207080364227295e-01	1.138466037809848785e-02	4.111809432506561279e-01	3.725646436214447021e-01	9.987756609916687012e-01	4.939063638448715210e-02	5.136367306113243103e-02	1.000000000000000000e+00
1.857596397399902344e+00	3.732585161924362183e-02	1.000000000000000000e+00	6.543277949094772339e-02	4.988471791148185730e-02	1.209420636296272278e-01	1.597169414162635803e-02	7.928259968757629395e-01	1.467927545309066772e-01	8.296138048171997070e-01	1.625759899616241455e-01	2.687775343656539917e-02	3.650306761264801025e-01
1.904036283493041992e+00	2.522954344749450684e-01	8.412318676710128784e-02	5.144107937812805176e-01	8.898864686489105225e-02	9.276304394006729126e-02	5.080868601799011230e-01	7.474872469902038574e-02	1.000000000000000000e+00	9.826649911701679230e-03	5.706608295440673828e-01	4.095057547092437744e-01	2.806317247450351715e-02
1.950476169586181641e+00	2.466669827699661255e-01	1.158863455057144165e-01	2.502276748418807983e-02	6.512255221605300903e-02	1.856391578912734985e-01	3.457500785589218140e-02	4.327799975872039795e-01	1.000000000000000000e+00	3.047744370996952057e-02	6.479065120220184326e-02	1.870015868917107582e-03	8.649162054061889648e-01
1.996916055679321289e+00	3.572186529636383057e-01	9.937860369682312012e-01	3.182293847203254700e-02	1.681925952434539795e-01	2.674227952957153320e-01	5.945028364658355713e-02	3.649808764457702637e-01	1.000000000000000000e+00	2.382353395223617554e-01	1.854596436023712158e-01	4.268961250782012939e-01	5.855842679738998413e-02
2.043355941772460938e+00	2.285560071468353271e-01	1.322202086448669434e-01	8.204611539840698242e-01	1.754107326269149780e-01	5.025699362158775330e-02	2.702318504452705383e-02	9.763173758983612061e-02	1.000000000000000000e+00	2.127779461443424225e-02	4.990011826157569885e-02	6.254913210868835449e-01	1.404780708253383636e-02
2.089795827865600586e+00	2.180379331111907959e-01	1.790411919355392456e-01	8.429014086723327637e-01	4.572337120771408081e-02	1.662981957197189331e-01	2.945945598185062408e-02	7.816922068595886230e-01	1.000000000000000000e+00	7.660514116287231445e-01	3.940261527895927429e-02	1.014971584081649780e-01	2.033794522285461426e-01
2.136235713958740234e+00	2.392970025539398193e-01	4.780140817165374756e-01	2.260936237871646881e-02	6.552127003669738770e-02	9.363217279314994812e-03	3.575643151998519897e-02	1.373766958713531494e-01	1.000000000000000000e+00	4.297356121242046356e-03	9.064828604459762573e-02	5.418713204562664032e-03	5.199217423796653748e-02
2.182675838470458984e+00	2.303944826126098633e-01	9.395659565925598145e-01	6.642033159732818604e-02	1.125790327787399292e-01	6.421749293804168701e-02	9.316220134496688843e-02	1.874895691871643066e-01	1.000000000000000000e+00	3.512731194496154785e-01	1.108710318803787231e-01	5.535417422652244568e-02	1.388590633869171143e-01
2.229115724563598633e+00	2.172141671180725098e-01	7.951656579971313477e-01	6.392514109611511230e-01	1.047548502683639526e-01	1.947105526924133301e-01	4.198169112205505371e-01	1.981477588415145874e-01	1.000000000000000000e+00	1.277029067277908325e-01	1.081913262605667114e-01	1.355357319116592407e-01	7.346384525299072266e-01
2.275555610656738281e+00	7.780301570892333984e-01	2.314285561442375183e-02	4.640886485576629639e-01	2.822782993316650391e-01	3.653323650360107422e-02	3.654234707355499268e-01	4.732987284660339355e-01	1.000000000000000000e+00	7.243584096431732178e-02	1.860758811235427856e-01	9.185662865638732910e-01	1.220388785004615784e-01
2.321995496749877930e+00	3.794904947280883789e-01	2.549571394920349121e-01	7.327341437339782715e-01	1.152508556842803955e-01	2.801004946231842041e-01	1.582337617874145508e-01	5.711189284920692444e-02	1.000000000000000000e+00	4.430011287331581116e-02	2.652948498725891113e-01	2.906359732151031494e-01	7.060097455978393555e-01
2.368435382843017578e+00	1.672577559947967529e-01	2.450438141822814941e-01	4.273832961916923523e-02	9.921497851610183716e-02	2.268506586551666260e-01	3.905450925230979919e-02	6.003745794296264648e-01	3.407903760671615601e-02	1.000000000000000000e+00	2.507126145064830780e-02	3.062092363834381104e-01	5.460453033447265625e-01
2.414875268936157227e+00	2.972495555877685547e-01	2.192849218845367432e-01	1.104809418320655823e-01	8.477144688367843628e-02	6.389041244983673096e-02	6.510826945304870605e-02	1.409107148647308350e-01	4.597903043031692505e-02	1.000000000000000000e+00	1.212986279278993607e-02	4.539505392313003540e-02	3.131803125143051147e-02
2.461315155029296875e+00	9.234119206666946411e-02	2.770203649997711182e-01	9.792498946189880371e-01	2.088748663663864136e-02	4.851367175579071045e-01	1.146086398512125015e-02	3.980157524347305298e-02	3.417408168315887451e-01	1.000000000000000000e+00	7.905572652816772461e-02	1.635350435972213745e-01	6.673251986503601074e-01
2.507755041122436523e+00	5.282529443502426147e-02	8.806457519531250000e-01	1.158939152956008911e-01	3.363899886608123779e-03	1.000000000000000000e+00	4.792848601937294006e-02	2.001424580812454224e-01	1.008339822292327881e-01	9.559119343757629395e-01	5.680312514305114746e-01	3.626495227217674255e-02	6.995683908462524414e-01
2.554194927215576172e+00	6.747437715530395508e-01	2.204097807407379150e-01	9.586778283119201660e-01	1.333747152239084244e-02	1.003262996673583984e-01	1.591949164867401123e-01	6.142561137676239014e-02	2.021282017230987549e-01	1.000000000000000000e+00	3.886748254299163818e-01	1.066770479083061218e-01	2.117053791880607605e-02
2.600634813308715820e+00	2.460452727973461151e-02	2.320115119218826294e-01	7.092281579971313477e-01	1.455798931419849396e-02	9.265514463186264038e-02	1.497152843512594700e-03	2.895233780145645142e-02	1.678477823734283447e-01	1.000000000000000000e+00	1.543949823826551437e-03	8.857873082160949707e-02	5.156100168824195862e-02
2.647074937820434570e+00	4.963161796331405640e-02	2.294892370700836182e-01	8.572087883949279785e-01	6.517605390399694443e-03	1.045936122536659241e-01	2.651447616517543793e-02	4.015603661537170410e-02	1.989347189664840698e-01	1.000000000000000000e+00	3.610159456729888916e-01	5.672142282128334045e-02	1.878508180379867554e-01
2.693514823913574219e+00	1.427995115518569946e-01	2.428262233734130859e-01	8.290199041366577148e-01	4.644195362925529480e-02	2.070914953947067261e-01	1.609951704740524292e-01	2.860003709793090820e-01	2.526359558105468750e-01	1.000000000000000000e+00	3.455674648284912109e-02	2.355132550001144409e-01	4.093169569969177246e-01
2.739954710006713867e+00	1.335324347019195557e-01	3.971751332283020020e-01	8.329740166664123535e-01	2.130610309541225433e-02	1.310063600540161133e-01	6.618767976760864258e-02	7.687600702047348022e-02	2.043750286102294922e-01	1.000000000000000000e+00	4.588489234447479248e-01	1.230771541595458984e-01	2.206986546516418457e-01
2.786394596099853516e+00	3.660376071929931641e-01	2.931607961654663086e-01	8.646029829978942871e-01	3.669859468936920166e-02	1.923930644989013672e-01	1.194814592599868774e-01	6.036202982068061829e-02	3.152735233306884766e-01	1.000000000000000000e+00	8.627726882696151733e-02	1.955480724573135376e-01	2.491110116243362427e-01
2.832834482192993164e+00	2.300258129835128784e-01	1.318751573562622070e-01	2.362084686756134033e-01	2.371554523706436157e-01	5.891256406903266907e-02	8.914430439472198486e-02	1.721244454383850098e-01	1.000000000000000000e+00	4.654612019658088684e-02	2.283882349729537964e-01	6.562889218330383301e-01	1.702294051647186279e-01
2.879274368286132812e+00	2.307086586952209473e-01	1.961499005556106567e-01	1.247255206108093262e-01	3.977797925472259521e-02	3.410498797893524170e-02	1.371894478797912598e-01	4.070972651243209839e-02	1.000000000000000000e+00	2.553063095547258854e-04	2.133517339825630188e-02	3.796885907649993896e-02	1.654393076896667480e-01
2.925714254379272461e+00	3.095676302909851074e-01	6.642193794250488281e-01	4.899768158793449402e-02	2.814186513423919678e-01	1.000639721751213074e-01	4.956868663430213928e-02	4.896683096885681152e-01	1.000000000000000000e+00	2.921025454998016357e-02	2.046561986207962036e-01	9.955492615699768066e-01	9.124995023012161255e-02
2.972154140472412109e+00	9.924784898757934570e-01	8.946035802364349365e-02	2.574733793735504150e-01	8.072381615638732910e-01	4.429468512535095215e-02	6.678878664970397949e-01	1.219047419726848602e-02	1.000000000000000000e+00	2.131581753492355347e-01	3.731771558523178101e-02	5.211318731307983398e-01	5.398821458220481873e-02
3.018594026565551758e+00	2.375366985797882080e-01	9.698561429977416992e-01	1.717478930950164795e-01	7.398229092359542847e-02	1.887981891632080078e-01	3.281098231673240662e-02	5.242634415626525879e-01	1.000000000000000000e+00	4.126152992248535156e-01	1.425102949142456055e-01	3.816595301032066345e-02	1.770569533109664917e-01
3.065033912658691406e+00	3.216869533061981201e-01	5.982866883277893066e-01	5.411632731556892395e-02	5.017755553126335144e-02	7.956626825034618378e-03	5.303526297211647034e-02	1.724163889884948730e-01	1.000000000000000000e+00	2.443791925907135010e-02	4.570591077208518982e-02	6.796730682253837585e-03	4.365508630871772766e-02
3.111474037170410156e+00	3.014465868473052979e-01	8.411930799484252930e-01	1.434072554111480713e-01	4.787490516901016235e-02	2.858508378267288208e-02	6.709279119968414307e-02	2.207459509372711182e-01	1.000000000000000000e+00	4.381052777171134949e-02	2.663456499576568604e-01	1.645417511463165283e-02	6.433031708002090454e-02
3.157913923263549805e+00	2.142868340015411377e-01	6.686527729034423828e-01	3.262612223625183105e-01	9.970398992300033569e-02	9.201843291521072388e-02	3.421110212802886963e-01	1.436391472816467285e-01	1.000000000000000000e+00	7.713543623685836792e-02	7.030973583459854126e-02	1.245984584093093872e-01	3.645884096622467041e-01
3.204353809356689453e+00	2.813662886619567871e-01	2.760518193244934082e-01	4.260374903678894043e-01	2.576989233493804932e-01	5.727790668606758118e-02	1.378929615020751953e-01	1.573472023010253906e-01	1.000000000000000000e+00	5.545097589492797852e-01	1.521045267581939697e-01	9.679030179977416992e-01	4.802925884723663330e-02
3.250793695449829102e+00	8.394784480333328247e-02	2.793377637863159180e-01	3.545299172401428223e-01	2.667741179466247559e-01	2.712746262550354004e-01	4.305521771311759949e-02	5.844728946685791016e-01	1.909364461898803711e-01	1.000000000000000000e+00	5.953391194343566895e-01	9.740822911262512207e-01	1.718997806310653687e-01
3.297233581542968750e+00	6.220844984054565430e-01	3.068670630455017090e-01	8.375002443790435791e-02	9.579307585954666138e-02	6.590750068426132202e-02	8.743389695882797241e-02	5.846420675516128540e-02	9.280359745025634766e-01	1.000000000000000000e+00	6.154024973511695862e-02	1.841536760330200195e-01	4.076767247170209885e-03
3.343673467636108398e+00	1.244624480605125427e-01	2.346298545598983765e-01	7.080209851264953613e-01	7.130841016769409180e-01	2.064503580331802368e-01	4.528257250785827637e-01	2.589846029877662659e-02	1.866298168897628784e-01	1.000000000000000000e+00	2.211097180843353271e-01	1.702364981174468994e-01	6.977090239524841309e-01
3.390113353729248047e+00	2.655703388154506683e-02	2.628395259380340576e-01	3.296276554465293884e-03	2.484530061483383179e-01	3.418682217597961426e-01	7.057934254407882690e-02	3.483002260327339172e-02	1.347454339265823364e-01	1.000000000000000000e+00	4.716995730996131897e-02	9.322813898324966431e-02	9.695382118225097656e-01
3.436553239822387695e+00	1.363346129655838013e-01	2.252458333969116211e-01	9.676569700241088867e-01	9.669855237007141113e-03	8.735808730125427246e-02	3.479963168501853943e-02	2.105379700660705566e-01	2.129381150007247925e-01	1.000000000000000000e+00	1.656517982482910156e-01	8.369483053684234619e-02	5.496721714735031128e-02
3.482993125915527344e+00	2.893407344818115234e-01	2.361681908369064331e-01	6.234234571456909180e-01	1.025857590138912201e-02	8.795236051082611084e-02	6.469660252332687378e-02	3.146994486451148987e-02	2.291442006826400757e-01	1.000000000000000000e+00	2.556602284312248230e-02	8.084805309772491455e-02	7.701159920543432236e-04
3.529433012008666992e+00	2.717680856585502625e-02	2.895026803016662598e-01	6.108163595199584961e-01	1.063116639852523804e-02	8.020506054162979126e-02	2.586900722235441208e-03	6.252738833427429199e-02	1.386272311210632324e-01	1.000000000000000000e+00	5.055950488895177841e-03	7.245047390460968018e-02	1.244430989027023315e-02
3.575872898101806641e+00	1.552059501409530640e-02	2.681822478771209717e-01	5.718109011650085449e-01	1.317763421684503555e-02	2.781705260276794434e-01	7.636546343564987183e-02	5.076745748519897461e-01	1.333520859479904175e-01	1.000000000000000000e+00	2.590052783489227295e-01	1.229443028569221497e-01	7.367570996284484863e-01
3.622313022613525391e+00	2.219156920909881592e-01	2.258412390947341919e-01	6.897237896919250488e-01	2.746939472854137421e-02	9.295363724231719971e-02	4.564156383275985718e-02	1.230674237012863159e-01	1.747744381427764893e-01	1.000000000000000000e+00	1.214009970426559448e-01	1.576037406921386719e-01	2.438175119459629059e-02
3.668752908706665039e+00	2.827396430075168610e-02	2.451290637254714966e-01	9.827322326600551605e-03	6.411090493202209473e-02	1.750604063272476196e-01	3.250411897897720337e-02	2.990146726369857788e-02	6.968981772661209106e-02	1.000000000000000000e+00	3.268898278474807739e-02	5.011369660496711731e-02	5.026462674140930176e-01
3.715192794799804688e+00	4.919866621494293213e-01	1.877732276916503906e-01	6.550220251083374023e-01	1.761117875576019287e-01	3.540587127208709717e-01	1.190259009599685669e-01	1.062149927020072937e-01	1.000000000000000000e+00	7.006037831306457520e-01	4.953189194202423096e-01	6.302247047424316406e-01	3.087552450597286224e-02
3.761632680892944336e+00	6.134572029113769531e-01	6.560430675745010376e-02	1.535500735044479370e-01	2.582150697708129883e-01	1.915505379438400269e-01	5.640540719032287598e-01	4.856605827808380127e-02	8.035303950309753418e-01	7.623221725225448608e-02	5.199310183525085449e-01	1.000000000000000000e+00	5.355821251869201660e-01
3.808072566986083984e+00	7.864551991224288940e-02	5.454576015472412109e-01	5.245471373200416565e-02	2.480337172746658325e-01	6.808961927890777588e-02	7.856251671910285950e-03	9.197264313697814941e-01	1.994678676128387451e-01	6.094260513782501221e-02	3.497608378529548645e-02	1.000000000000000000e+00	3.560859858989715576e-01
3.854512453079223633e+00	3.375594690442085266e-02	2.110866606235504150e-01	5.962366983294487000e-02	3.082314133644104004e-01	5.301294475793838501e-02	2.150535732507705688e-01	8.248613029718399048e-02	5.514183267951011658e-02	8.610713481903076172e-01	9.566052258014678955e-02	1.000000000000000000e+00	5.987457185983657837e-02
3.900952339172363281e+00	7.637586593627929688e-01	4.447972401976585388e-03	2.057915776968002319e-01	2.772781550884246826e-01	1.686135083436965942e-01	1.538456529378890991e-01	4.623666703701019287e-01	7.958219647407531738e-01	1.141681745648384094e-01	9.681373834609985352e-02	1.000000000000000000e+00	2.528424263000488281e-01
3.947392225265502930e+00	4.931802451610565186e-01	8.040333986282348633e-01	2.635745704174041748e-01	2.179948389530181885e-01	4.519117623567581177e-02	5.890089869499206543e-01	2.152434140443801880e-01	6.316635757684707642e-02	8.528298735618591309e-01	6.432816386222839355e-01	1.000000000000000000e+00	3.261403739452362061e-02
3.993832111358642578e+00	3.682502210140228271e-01	2.344554960727691650e-01	1.107659786939620972e-01	2.350840568542480469e-01	5.774642229080200195e-01	6.600648909807205200e-02	9.845806658267974854e-02	4.474292695522308350e-01	1.000000000000000000e+00	2.338425964117050171e-01	9.958866238594055176e-01	5.931982770562171936e-02
4.040272235870361328e+00	2.641356289386749268e-01	3.598197996616363525e-01	3.493415713310241699e-01	2.695337831974029541e-01	6.742936372756958008e-02	2.751382999122142792e-02	4.281009137630462646e-01	9.152987003326416016e-01	4.099956899881362915e-02	1.719712167978286743e-01	1.000000000000000000e+00	2.056944817304611206e-01
4.086711883544921875e+00	6.683314591646194458e-02	1.699506938457489014e-01	1.524927616119384766e-01	2.290165424346923828e-01	2.217963337898254395e-02	1.630446910858154297e-01	7.623992860317230225e-02	1.362187117338180542e-01	5.439823865890502930e-01	2.147998064756393433e-01	1.000000000000000000e+00	1.413764199241995811e-03
4.133152008056640625e+00	2.936097979545593262e-02	3.578837960958480835e-02	3.235403299331665039e-01	2.308540791273117065e-01	7.189441472291946411e-02	8.282129466533660889e-02	7.844740897417068481e-02	7.245308905839920044e-02	4.514365270733833313e-02	9.834127426147460938e-01	1.000000000000000000e+00	3.095272481441497803e-01
4.179591655731201172e+00	8.125979304313659668e-01	4.072272479534149170e-01	2.243737727403640747e-01	6.486169099807739258e-01	2.014925330877304077e-01	2.297599911689758301e-01	3.611212670803070068e-01	3.634558245539665222e-02	1.649446040391921997e-01	6.956648826599121094e-01	1.000000000000000000e+00	7.446007132530212402e-01
4.226031780242919922e+00	1.000000000000000000e+00	9.412243962287902832e-01	1.446817666292190552e-01	8.663932234048843384e-02	1.494787335395812988e-01	2.422082126140594482e-01	2.638587057590484619e-01	2.782117426395416260e-01	5.356288328766822815e-02	5.875415205955505371e-01	1.814700067043304443e-01	2.163090556859970093e-01
4.272471427917480469e+00	1.000000000000000000e+00	5.288676023483276367e-01	7.732287794351577759e-02	5.995986610651016235e-02	1.232523820362985134e-03	2.378082275390625000e-01	1.556484103202819824e-01	4.079982340335845947e-01	5.307020992040634155e-02	2.681443989276885986e-01	4.040890187025070190e-02	2.221001684665679932e-02
4.318911552429199219e+00	1.000000000000000000e+00	2.999696731567382812e-01	1.205649375915527344e-01	5.269121527671813965e-01	8.897104300558567047e-03	2.772326171398162842e-01	1.210680603981018066e-01	3.499224409461021423e-02	1.424278318881988525e-01	4.617952108383178711e-01	5.841767191886901855e-01	3.832789510488510132e-02
4.365351676940917969e+00	1.000000000000000000e+00	1.355266869068145752e-01	5.348077416419982910e-02	3.729107677936553955e-01	6.677252054214477539e-02	2.454654276371002197e-01	1.675599664449691772e-01	1.659124344587326050e-02	2.079662382602691650e-01	1.597047224640846252e-02	3.654570579528808594e-01	2.447677701711654663e-01
4.411791324615478516e+00	1.000000000000000000e+00	2.199972569942474365e-01	2.196418046951293945e-01	5.339280143380165100e-02	2.813771665096282959e-01	2.396901100873947144e-01	6.657109409570693970e-02	8.450876921415328979e-02	5.343426018953323364e-02	8.397340774536132812e-01	4.118464142084121704e-02	6.192801892757415771e-02
4.458231449127197266e+00	1.000000000000000000e+00	7.286601066589355469e-01	1.190310567617416382e-01	1.656143516302108765e-01	6.363312155008316040e-02	2.339275628328323364e-01	1.779294162988662720e-01	7.263333797454833984e-01	5.396307110786437988e-01	4.844865798950195312e-01	4.552053213119506836e-01	1.954115480184555054e-01
4.504671096801757812e+00	1.000000000000000000e+00	6.935642361640930176e-01	7.422775775194168091e-02	8.767571300268173218e-02	2.905329922214150429e-03	2.336227297782897949e-01	1.719521582126617432e-01	1.124951317906379700e-01	5.639418959617614746e-02	1.382653415203094482e-01	2.379560768604278564e-01	2.205566689372062683e-02
4.551111221313476562e+00	1.000000000000000000e+00	9.157167077064514160e-01	6.617846339941024780e-02	1.611207425594329834e-01	1.344633195549249649e-02	2.294473648071289062e-01	2.353352755308151245e-01	3.074449598789215088e-01	5.925578624010086060e-02	2.494273334741592407e-01	4.731491506099700928e-01	3.249859064817428589e-02
4.597550868988037109e+00	1.000000000000000000e+00	9.591391682624816895e-01	6.109634041786193848e-01	1.039990335702896118e-01	1.453716754913330078e-01	3.193985819816589355e-01	3.254304528236389160e-01	2.280219197273254395e-01	1.103329733014106750e-01	6.024578213691711426e-01	3.657332360744476318e-01	4.581038653850555420e-01
4.643990993499755859e+00	2.475313693284988403e-01	4.522563517093658447e-02	2.191725373268127441e-01	2.218977212905883789e-01	6.295529007911682129e-02	3.457030951976776123e-01	3.957446664571762085e-02	1.000000000000000000e+00	2.597256377339363098e-02	2.349101155996322632e-01	6.820539236068725586e-01	1.383971720933914185e-01
4.690430641174316406e+00	2.238990962505340576e-01	1.131931096315383911e-01	8.831054903566837311e-03	5.754709988832473755e-02	8.105330169200897217e-02	1.692540049552917480e-01	2.076646313071250916e-02	1.000000000000000000e+00	7.440428016707301140e-04	3.844796866178512573e-02	3.541588783264160156e-02	3.606447875499725342e-01
4.736870765686035156e+00	3.622404932975769043e-01	9.979233741760253906e-01	2.796756476163864136e-02	1.494142711162567139e-01	1.605565994977951050e-01	6.234434619545936584e-02	3.780674338340759277e-01	1.000000000000000000e+00	1.740233972668647766e-02	1.815594732761383057e-01	3.289168775081634521e-01	6.249013543128967285e-02
4.783310890197753906e+00	2.246609628200531006e-01	6.081346794962882996e-02	7.867596149444580078e-01	1.750955134630203247e-01	4.590306431055068970e-02	2.739539444446563721e-01	3.003097325563430786e-02	1.000000000000000000e+00	2.231336086988449097e-01	3.369051963090896606e-02	6.335080862045288086e-01	2.901314944028854370e-02
4.829750537872314453e+00	2.398134469985961914e-01	9.528923630714416504e-01	2.192638069391250610e-01	6.779176741838455200e-02	8.733226358890533447e-02	3.527742251753807068e-02	5.337937474250793457e-01	1.000000000000000000e+00	3.709865808486938477e-01	1.154098138213157654e-01	4.247690737247467041e-02	2.009244114160537720e-01
4.876190662384033203e+00	3.050220906734466553e-01	5.572458505630493164e-01	6.488944590091705322e-02	5.533963069319725037e-02	1.053497567772865295e-02	5.374260619282722473e-02	1.391345262527465820e-01	1.000000000000000000e+00	4.305776208639144897e-03	6.645794212818145752e-02	1.169813703745603561e-02	3.827589005231857300e-02
4.922630310058593750e+00	3.378406465053558350e-01	9.510494470596313477e-01	7.129204273223876953e-02	8.341495692729949951e-02	5.257282778620719910e-02	6.090430170297622681e-02	2.164594382047653198e-01	1.000000000000000000e+00	5.657874941825866699e-01	8.448479324579238892e-02	2.521186135709285736e-02	6.485379487276077271e-02
4.969070434570312500e+00	2.517529129981994629e-01	7.268909811973571777e-01	5.890890955924987793e-01	8.221083879470825195e-02	1.536270081996917725e-01	3.604394495487213135e-01	1.635954827070236206e-01	1.000000000000000000e+00	3.668370097875595093e-02	8.350233733654022217e-02	1.139774918556213379e-01	6.164469718933105469e-01
5.015510082244873047e+00	4.656232297420501709e-01	1.159139871597290039e-01	3.554543554782867432e-01	2.650583982467651367e-01	3.126343339681625366e-02	1.217013299465179443e-01	1.793406903743743896e-01	1.000000000000000000e+00	4.249279946088790894e-02	1.846106350421905518e-01	9.529325366020202637e-01	1.100399196147918701e-01
5.061950206756591797e+00	2.578501105308532715e-01	5.974147319793701172e-01	3.484003618359565735e-02	8.336759358644485474e-02	7.312411069869995117e-02	4.572268947958946228e-02	1.943558156490325928e-01	1.000000000000000000e+00	1.284886989742517471e-02	4.878818616271018982e-02	8.498553186655044556e-02	3.901009559631347656e-01
5.108389854431152344e+00	2.579622566699981689e-01	7.625356316566467285e-01	3.383142873644828796e-02	8.658065646886825562e-02	3.272464871406555176e-02	5.083866789937019348e-02	1.833516657352447510e-01	1.000000000000000000e+00	2.249634824693202972e-03	1.623380482196807861e-01	2.170863933861255646e-02	3.737792000174522400e-02
5.154829978942871094e+00	4.208752810955047607e-01	6.128341555595397949e-01	5.945086106657981873e-02	5.876966938376426697e-02	1.962601542472839355e-01	1.304901391267776489e-01	1.546940803527832031e-01	1.000000000000000000e+00	3.223924711346626282e-02	4.851254075765609741e-02	4.346417635679244995e-02	7.573528289794921875e-01
5.201269626617431641e+00	4.039236903190612793e-01	9.943464398384094238e-01	1.273403614759445190e-01	1.589920222759246826e-01	3.457007184624671936e-02	2.578898966312408447e-01	4.505711197853088379e-01	1.000000000000000000e+00	7.015528529882431030e-02	1.242993846535682678e-01	2.334077060222625732e-01	1.665306091308593750e-01
5.247709751129150391e+00	5.980306863784790039e-01	3.971026837825775146e-01	2.771328575909137726e-02	8.204257488250732422e-02	1.034744828939437866e-02	1.713012605905532837e-01	9.608250111341476440e-02	1.000000000000000000e+00	1.808407902717590332e-02	6.641489267349243164e-02	2.608360350131988525e-02	3.509208559989929199e-02
5.294149875640869141e+00	1.000000000000000000e+00	4.573279619216918945e-02	9.479187428951263428e-02	7.649111002683639526e-02	1.232763454318046570e-01	8.385803103446960449e-01	2.926869094371795654e-01	7.970173954963684082e-01	1.788404732942581177e-01	1.177786141633987427e-01	1.938077807426452637e-01	7.256997376680374146e-02
5.340589523315429688e+00	1.437256783246994019e-01	3.734964132308959961e-01	7.144015431404113770e-01	5.926790833473205566e-02	3.255397081375122070e-01	1.000000000000000000e+00	9.453505277633666992e-02	2.793772816658020020e-01	1.578085720539093018e-01	1.159322932362556458e-01	3.050962686538696289e-01	3.093086928129196167e-02
5.387029647827148438e+00	1.136758476495742798e-01	1.793088763952255249e-01	5.067614838480949402e-02	7.826571166515350342e-02	1.757371425628662109e-02	1.000000000000000000e+00	3.170515969395637512e-02	2.314643189311027527e-02	1.431213971227407455e-02	2.534461915493011475e-01	2.433916032314300537e-01	9.882253408432006836e-02
5.433469295501708984e+00	2.993185073137283325e-02	6.321780681610107422e-01	8.315393924713134766e-01	6.109456345438957214e-02	2.740148305892944336e-01	1.000000000000000000e+00	1.253675818443298340e-01	2.775171995162963867e-01	4.416823387145996094e-01	5.272419005632400513e-02	3.826752007007598877e-01	9.675106406211853027e-01
5.479909420013427734e+00	5.760332942008972168e-01	2.470225840806961060e-01	4.213581681251525879e-01	1.392347067594528198e-01	5.205941200256347656e-02	1.000000000000000000e+00	3.452782332897186279e-02	1.564280688762664795e-01	8.768540024757385254e-01	2.889935113489627838e-02	2.617663741111755371e-01	2.617640979588031769e-02
5.526349067687988281e+00	2.012704312801361084e-01	8.787175416946411133e-01	6.344354152679443359e-02	1.115876659750938416e-01	1.585549907758831978e-03	1.000000000000000000e+00	1.718197017908096313e-01	3.111287057399749756e-01	1.356024853885173798e-02	8.498345315456390381e-02	2.424298524856567383e-01	1.893684267997741699e-02
5.572789192199707031e+00	2.559393346309661865e-01	2.998229563236236572e-01	7.247399687767028809e-01	5.625281482934951782e-02	9.164573550224304199e-01	1.000000000000000000e+00	9.176407009363174438e-02	2.346963137388229370e-01	1.724324002861976624e-02	7.379649877548217773e-01	2.928373217582702637e-01	4.622676223516464233e-02
5.619228839874267578e+00	7.032581605017185211e-03	9.729701876640319824e-01	1.278372853994369507e-01	8.101432770490646362e-02	1.579250544309616089e-01	1.000000000000000000e+00	2.687709331512451172e-01	5.921745300292968750e-02	4.001986086368560791e-01	2.210800051689147949e-01	2.465252578258514404e-01	3.409862220287322998e-01
5.665668964385986328e+00	1.468331217765808105e-01	9.418275356292724609e-01	6.543503403663635254e-01	2.506807446479797363e-01	1.215734183788299561e-01	1.000000000000000000e+00	2.077078223228454590e-01	2.037966549396514893e-01	5.773117542266845703e-01	6.227250769734382629e-02	3.716641962528228760e-01	2.890423536300659180e-01
5.712108612060546875e+00	8.506523072719573975e-02	1.000000000000000000e+00	1.053706184029579163e-01	2.419711649417877197e-01	7.828679084777832031e-01	9.733248949050903320e-01	5.180304050445556641e-01	1.192276179790496826e-01	3.984029889106750488e-01	2.335183620452880859e-01	9.411327242851257324e-01	1.569599211215972900e-01
5.758548736572265625e+00	6.979819387197494507e-02	5.507611632347106934e-01	2.106866985559463501e-01	1.315963566303253174e-01	2.543030381202697754e-01	1.000000000000000000e+00	1.173719093203544617e-01	3.794280290603637695e-01	1.544872298836708069e-02	1.208235919475555420e-01	2.698803544044494629e-01	9.892288446426391602e-01
5.804988861083984375e+00	3.943536803126335144e-02	7.011509686708450317e-02	1.337229311466217041e-01	1.760569661855697632e-01	6.713756322860717773e-01	1.000000000000000000e+00	3.456308320164680481e-02	7.430589199066162109e-02	9.263734519481658936e-02	1.847229897975921631e-01	5.845113396644592285e-01	9.974327683448791504e-01
5.851428508758544922e+00	8.225124329328536987e-02	1.302466243505477905e-01	4.726508855819702148e-01	2.967582270503044128e-02	3.401978611946105957e-01	1.000000000000000000e+00	5.047861486673355103e-02	1.768996119499206543e-01	1.679147407412528992e-02	4.921343624591827393e-01	2.440180927515029907e-01	9.188379645347595215e-01
5.897868633270263672e+00	1.243729703128337860e-02	8.542903065681457520e-01	1.648668795824050903e-01	1.218183860182762146e-01	1.753832995891571045e-01	1.000000000000000000e+00	1.816111057996749878e-01	9.416916966438293457e-02	2.046982198953628540e-02	2.211645990610122681e-01	2.648310661315917969e-01	7.052091360092163086e-01
5.944308280944824219e+00	9.293622523546218872e-02	1.189383789896965027e-01	1.295063197612762451e-01	3.575367331504821777e-01	8.108930289745330811e-02	1.000000000000000000e+00	2.100231125950813293e-02	1.179070621728897095e-01	2.488213181495666504e-01	4.095712006092071533e-01	6.450681686401367188e-01	1.498998254537582397e-01
5.990748405456542969e+00	4.609975218772888184e-02	2.219940871000289917e-01	3.905524313449859619e-01	1.000000000000000000e+00	9.832788109779357910e-01	6.615220308303833008e-01	2.519175112247467041e-01	1.184325292706489563e-01	2.371692061424255371e-01	1.168290600180625916e-01	6.340498924255371094e-01	9.909322857856750488e-02
6.037188053131103516e+00	2.182772010564804077e-01	3.692335635423660278e-02	9.744899272918701172e-01	1.000000000000000000e+00	4.345530271530151367e-02	7.470357418060302734e-02	8.008159347809851170e-04	5.902487039566040039e-01	2.462311685085296631e-01	1.784079149365425110e-02	6.956735253334045410e-02	7.154182344675064087e-02
6.083628177642822266e+00	1.367448419332504272e-01	1.000000000000000000e+00	1.099263876676559448e-01	9.958438277244567871e-01	6.127444505691528320e-01	8.091341704130172729e-02	6.352244019508361816e-01	9.079781919717788696e-02	2.305410951375961304e-01	4.770982861518859863e-01	8.237820118665695190e-02	3.296396136283874512e-01
6.130067825317382812e+00	9.724064730107784271e-03	1.000000000000000000e+00	1.658556461334228516e-01	9.962907433509826660e-01	5.641651898622512817e-02	6.490688025951385498e-02	3.566164374351501465e-01	4.134347662329673767e-02	2.409617453813552856e-01	1.702108234167098999e-01	3.367248177528381348e-02	3.269597589969635010e-01
6.176507949829101562e+00	2.575156390666961670e-01	2.886116690933704376e-02	9.483683705329895020e-01	1.000000000000000000e+00	6.502413749694824219e-02	8.108066022396087646e-02	1.694320589303970337e-01	2.017569243907928467e-01	2.494017183780670166e-01	2.567295357584953308e-02	3.251582682132720947e-01	8.737703412771224976e-02
6.222948074340820312e+00	3.455513715744018555e-02	9.440201520919799805e-02	9.850007891654968262e-01	1.000000000000000000e+00	5.967053771018981934e-02	3.427649289369583130e-02	2.241670899093151093e-02	2.284141927957534790e-01	2.284502685070037842e-01	3.875060006976127625e-02	1.391483694314956665e-01	5.646029487252235413e-02
6.269387722015380859e+00	3.348001539707183838e-01	1.610370874404907227e-01	8.632464408874511719e-01	1.000000000000000000e+00	7.664398103952407837e-02	1.632697582244873047e-01	3.455794602632522583e-02	2.640008032321929932e-01	2.393071055412292480e-01	2.811415791511535645e-01	1.026605740189552307e-01	1.010418906807899475e-01
6.315827846527099609e+00	8.235986530780792236e-02	8.121977001428604126e-02	2.244328558444976807e-01	1.000000000000000000e+00	4.478505253791809082e-02	1.529038697481155396e-01	2.113728597760200500e-02	1.389441341161727905e-01	2.458907216787338257e-01	9.789128899574279785e-01	4.629245400428771973e-02	1.093864515423774719e-01
6.362267494201660156e+00	6.626342982053756714e-02	7.989554107189178467e-02	2.267128080129623413e-01	1.000000000000000000e+00	7.334183464990928769e-06	9.213830530643463135e-02	1.322537288069725037e-02	2.167532593011856079e-01	2.305764555931091309e-01	9.656836390495300293e-01	1.674039103090763092e-02	7.554354518651962280e-02
6.408707618713378906e+00	9.818479418754577637e-01	1.791339814662933350e-01	4.457712173461914062e-01	1.000000000000000000e+00	9.103014320135116577e-02	8.727240562438964844e-01	2.061105333268642426e-02	1.575229465961456299e-01	6.968874335289001465e-01	1.396424770355224609e-01	1.916135549545288086e-01	3.841753005981445312e-01
6.455147266387939453e+00	8.237142860889434814e-02	8.466063141822814941e-01	2.790122479200363159e-02	5.031706690788269043e-01	4.577868431806564331e-02	1.000000000000000000e+00	1.827479302883148193e-01	2.131627649068832397e-01	1.450089514255523682e-01	6.237539649009704590e-02	2.464472502470016479e-01	1.539929360151290894e-01
6.501587390899658203e+00	2.387602999806404114e-02	2.041549831628799438e-01	1.975036412477493286e-01	5.354390293359756470e-02	6.134262681007385254e-01	1.000000000000000000e+00	4.421788826584815979e-02	6.509628891944885254e-02	3.392930841073393822e-03	9.494969248771667480e-01	2.435872107744216919e-01	1.236353516578674316e-01
6.548027038574218750e+00	2.961477339267730713e-01	2.157828360795974731e-01	7.670430541038513184e-01	6.964276731014251709e-02	2.141367942094802856e-01	1.000000000000000000e+00	1.791430413722991943e-01	1.845884323120117188e-01	7.102807760238647461e-01	3.704901784658432007e-02	3.915459215641021729e-01	1.215307638049125671e-01
6.594467163085937500e+00	8.168382048606872559e-01	3.539173901081085205e-01	4.333667457103729248e-02	1.021000966429710388e-01	8.843971788883209229e-02	1.000000000000000000e+00	6.167946383357048035e-02	3.421521559357643127e-02	7.157333493232727051e-01	1.159027963876724243e-02	2.573162615299224854e-01	1.269402820616960526e-02
6.640906810760498047e+00	2.182116359472274780e-02	7.411003708839416504e-01	9.050966054201126099e-02	1.929420083761215210e-01	8.336281031370162964e-02	1.000000000000000000e+00	1.936926841735839844e-01	5.056079849600791931e-02	4.177231714129447937e-02	2.634364366531372070e-01	8.865707516670227051e-01	4.388481378555297852e-02
6.687346935272216797e+00	1.741473227739334106e-01	2.099225372076034546e-01	2.847721567377448082e-03	8.950179815292358398e-02	3.615820109844207764e-01	1.000000000000000000e+00	3.453797101974487305e-02	7.491545677185058594e-01	1.281311959028244019e-01	9.372007101774215698e-02	2.326877713203430176e-01	9.820412397384643555e-01
6.733787059783935547e+00	4.624494537711143494e-02	7.599423080682754517e-02	3.740548342466354370e-02	4.505837336182594299e-02	3.012475371360778809e-01	1.000000000000000000e+00	6.134659983217716217e-03	6.357745081186294556e-02	2.674962580204010010e-02	1.961491703987121582e-01	2.299722582101821899e-01	9.803810715675354004e-01
6.780226707458496094e+00	6.585885584354400635e-02	2.235597372055053711e-01	2.315813861787319183e-02	4.579537734389305115e-02	2.229582965373992920e-01	1.000000000000000000e+00	3.100626170635223389e-02	5.362622439861297607e-02	3.832271695137023926e-01	8.510704338550567627e-02	2.264189571142196655e-01	9.267454743385314941e-01
6.826666831970214844e+00	4.881594181060791016e-01	9.250567853450775146e-02	7.003207802772521973e-01	2.305184602737426758e-01	1.037490591406822205e-01	1.000000000000000000e+00	7.348503451794385910e-03	2.218863070011138916e-01	1.238087415695190430e-01	1.896401681005954742e-02	3.718722760677337646e-01	1.605867892503738403e-01
6.873106479644775391e+00	1.245542466640472412e-01	5.312155932188034058e-02	9.140663743019104004e-01	9.312158077955245972e-02	3.604373335838317871e-01	1.000000000000000000e+00	9.700635448098182678e-03	4.303711056709289551e-01	1.317073870450258255e-02	2.362827211618423462e-01	4.344371557235717773e-01	6.905559897422790527e-01
6.919546604156494141e+00	3.073295354843139648e-01	1.103518623858690262e-02	9.109424054622650146e-02	2.939474582672119141e-01	6.104017421603202820e-02	3.580798208713531494e-01	3.279598057270050049e-02	1.000000000000000000e+00	4.672575369477272034e-02	2.435424774885177612e-01	7.562032341957092285e-01	1.636321991682052612e-01
6.965986251831054688e+00	2.252514809370040894e-01	1.404736191034317017e-01	2.961356379091739655e-02	5.395814776420593262e-02	6.023577600717544556e-02	1.452500522136688232e-01	2.766186185181140900e-02	1.000000000000000000e+00	5.516795208677649498e-04	3.253426402807235718e-02	3.091268241405487061e-02	2.682011127471923828e-01
7.012426376342773438e+00	2.456745803356170654e-01	9.979996085166931152e-01	2.499785646796226501e-02	1.502514928579330444e-01	6.417726166546344757e-03	5.425852164626121521e-02	3.539040684700012207e-01	1.000000000000000000e+00	1.495265867561101913e-02	1.488993465900421143e-01	3.698505759239196777e-01	6.965584307909011841e-02
7.058866024017333984e+00	6.481490135192871094e-01	1.019383072853088379e-01	2.591928839683532715e-01	2.907328009605407715e-01	5.822681635618209839e-02	4.874292314052581787e-01	3.864433243870735168e-02	1.000000000000000000e+00	4.307857751846313477e-01	3.231905773282051086e-02	8.715534210205078125e-01	6.017081066966056824e-02
7.105306148529052734e+00	2.304707020521163940e-01	9.844355583190917969e-01	9.783542156219482422e-02	6.018833070993423462e-02	8.422182500362396240e-02	5.297089368104934692e-02	6.880620121955871582e-01	1.000000000000000000e+00	6.081483960151672363e-01	1.070187985897064209e-01	3.573466092348098755e-02	2.464485168457031250e-01
7.151745796203613281e+00	2.305544018745422363e-01	5.503679513931274414e-01	4.743923246860504150e-02	6.017513200640678406e-02	2.522825449705123901e-02	5.451057106256484985e-02	1.486599445343017578e-01	1.000000000000000000e+00	4.764939192682504654e-03	8.029367029666900635e-02	9.683876298367977142e-03	8.456546813249588013e-02
7.198185920715332031e+00	2.606532275676727295e-01	9.455510973930358887e-01	1.177504807710647583e-01	8.191598206758499146e-02	2.719849534332752228e-02	8.712814748287200928e-02	2.141364514827728271e-01	1.000000000000000000e+00	4.526652693748474121e-01	2.473654150962829590e-01	1.685538887977600098e-02	6.416387856006622314e-02
7.244626045227050781e+00	2.236867547035217285e-01	6.876212358474731445e-01	2.637936174869537354e-02	1.475701332092285156e-01	1.790990978479385376e-01	5.837140679359436035e-01	2.974945008754730225e-01	1.000000000000000000e+00	4.021060187369585037e-03	1.253044605255126953e-01	1.530536264181137085e-01	8.114100694656372070e-01
7.291065692901611328e+00	2.367028594017028809e-01	1.090147793292999268e-01	2.228050976991653442e-01	2.924762964248657227e-01	3.464306890964508057e-02	1.197447031736373901e-01	1.121710762381553650e-01	1.000000000000000000e+00	3.558399528264999390e-02	3.060461580753326416e-01	8.643617033958435059e-01	1.195209249854087830e-01
7.337505817413330078e+00	2.333662211894989014e-01	6.009232997894287109e-01	2.529276162385940552e-02	1.431452035903930664e-01	3.862618654966354370e-02	7.527237385511398315e-02	1.572259813547134399e-01	1.000000000000000000e+00	1.739114336669445038e-02	4.685389995574951172e-02	1.156733706593513489e-01	1.913808584213256836e-01
7.383945465087890625e+00	3.944716751575469971e-01	2.279210537672042847e-01	1.383363455533981323e-01	1.088655889034271240e-01	7.290484011173248291e-02	2.389692664146423340e-01	5.352491885423660278e-02	1.000000000000000000e+00	3.411445021629333496e-02	3.288766741752624512e-01	9.886644035577774048e-02	5.827396363019943237e-02
7.430385589599609375e+00	3.826214373111724854e-01	9.415447115898132324e-01	5.188036337494850159e-02	1.250717788934707642e-01	1.207434087991714478e-01	1.194101199507713318e-01	2.375363707542419434e-01	1.000000000000000000e+00	4.206991940736770630e-02	9.515131264925003052e-02	2.329605259001255035e-02	3.943518698215484619e-01
7.476825237274169922e+00	1.000000000000000000e+00	5.769743919372558594e-01	1.483043283224105835e-01	5.108220577239990234e-01	6.406290829181671143e-02	6.136588454246520996e-01	7.468435764312744141e-01	8.662717342376708984e-01	1.651918143033981323e-01	6.390365213155746460e-02	3.774722218513488770e-01	2.496606707572937012e-01
7.523265361785888672e+00	4.555747210979461670e-01	2.965989708900451660e-01	2.445581741631031036e-02	9.272316098213195801e-02	1.857391744852066040e-02	1.072205156087875366e-01	7.073637098073959351e-02	1.000000000000000000e+00	1.406903471797704697e-02	6.582238525152206421e-02	2.971412241458892822e-02	4.412436112761497498e-02
7.569705009460449219e+00	1.000000000000000000e+00	3.911058306694030762e-01	8.010128885507583618e-02	1.388472169637680054e-01	2.578707411885261536e-02	5.423076748847961426e-01	3.588842749595642090e-01	8.605850338935852051e-01	1.107235029339790344e-01	7.714766263961791992e-02	1.903766244649887085e-01	1.899821162223815918e-01
7.616145133972167969e+00	3.993106782436370850e-01	3.425727486610412598e-01	3.947805613279342651e-02	6.211882829666137695e-02	1.939487457275390625e-01	4.202149212360382080e-01	1.419000178575515747e-01	1.000000000000000000e+00	1.707280799746513367e-02	8.735276013612747192e-02	8.576843142509460449e-02	9.009381532669067383e-01
7.662585258483886719e+00	5.573541522026062012e-01	1.045648846775293350e-02	5.583539605140686035e-01	2.381826341152191162e-01	2.710366435348987579e-02	2.304459959268569946e-01	1.639164239168167114e-01	1.000000000000000000e+00	3.874389454722404480e-02	5.531657114624977112e-02	8.858364224433898926e-01	7.221654802560806274e-02
7.709024906158447266e+00	2.606433033943176270e-01	3.739371299743652344e-01	1.037446409463882446e-01	5.837443470954895020e-02	2.036433070898056030e-01	8.842088282108306885e-02	6.257005929946899414e-01	1.000000000000000000e+00	3.500972315669059753e-02	2.368589490652084351e-01	1.108309440314769745e-02	9.555702209472656250e-01
7.755465030670166016e+00	9.172112941741943359e-01	5.393061041831970215e-02	8.581867814064025879e-02	2.771997451782226562e-01	6.649005692452192307e-03	4.177581965923309326e-01	1.292030662298202515e-01	9.724643826484680176e-01	6.004919484257698059e-02	9.473601728677749634e-02	1.000000000000000000e+00	2.911605499684810638e-02
7.801904678344726562e+00	1.000000000000000000e+00	4.236009344458580017e-02	5.038497224450111389e-02	6.283069849014282227e-01	9.244547039270401001e-02	3.485952019691467285e-01	6.493913941085338593e-03	3.583914339542388916e-01	2.081595212221145630e-01	3.176140040159225464e-02	1.580642163753509521e-01	4.118706658482551575e-02
7.848344802856445312e+00	1.000000000000000000e+00	4.673448391258716583e-03	2.012266218662261963e-02	2.325702272355556488e-02	4.644487798213958740e-02	2.374981641769409180e-01	2.707388019189238548e-03	1.496229693293571472e-02	5.859833955764770508e-02	1.351235155016183853e-02	4.209672659635543823e-02	2.035289071500301361e-03
7.894784450531005859e+00	1.000000000000000000e+00	4.204151337035000324e-04	2.276773750782012939e-02	5.077661946415901184e-03	2.283504977822303772e-02	2.334865480661392212e-01	1.335441833361983299e-03	9.644687175750732422e-03	5.184283852577209473e-02	5.580929573625326157e-03	4.290950670838356018e-02	2.855911734513938427e-04
7.941224575042724609e+00	1.000000000000000000e+00	2.329064009245485067e-04	2.025065943598747253e-02	5.300730466842651367e-03	2.660484611988067627e-02	2.349866032600402832e-01	1.642958493903279305e-03	1.029753684997558594e-02	4.965261369943618774e-02	6.531447172164916992e-03	4.708858579397201538e-02	2.049800677923485637e-04
7.987664222717285156e+00	1.000000000000000000e+00	2.594762481749057770e-04	1.985275372862815857e-02	5.727321375161409378e-03	3.731098398566246033e-02	2.357511222362518311e-01	1.825006329454481602e-03	1.248638983815908432e-02	4.904296994209289551e-02	8.970013819634914398e-03	4.768379777669906616e-02	1.614739012438803911e-04
8.034104347229003906e+00	1.000000000000000000e+00	7.376939989626407623e-03	1.127111464738845825e-01	1.063526887446641922e-02	4.423120617866516113e-02	3.289013803005218506e-01	7.679439149796962738e-03	6.350781023502349854e-02	5.953682586550712585e-02	2.487694844603538513e-02	7.697016745805740356e-02	3.677937900647521019e-03
8.080544471740722656e+00	1.953623294830322266e-01	4.171152599155902863e-03	1.000000000000000000e+00	5.766350310295820236e-03	1.297388672828674316e-01	4.254950582981109619e-02	3.775604069232940674e-02	2.013317346572875977e-01	3.133580833673477173e-02	3.568963333964347839e-02	1.290737986564636230e-01	9.362059645354747772e-03
8.126984596252441406e+00	1.934722363948822021e-01	9.613506263121962547e-04	1.000000000000000000e+00	1.492992043495178223e-03	1.453621834516525269e-01	4.474394023418426514e-02	2.839932404458522797e-02	1.871655881404876709e-01	1.690658740699291229e-02	1.698840036988258362e-02	1.414735168218612671e-01	6.329616997390985489e-03
8.173423767089843750e+00	1.246173232793807983e-01	4.193585191387683153e-04	1.000000000000000000e+00	1.510559581220149994e-03	9.873031079769134521e-02	2.806274034082889557e-02	2.232701517641544342e-02	2.061769068241119385e-01	9.621832519769668579e-03	1.470610313117504120e-02	1.075720191001892090e-01	4.955733660608530045e-03
8.219863891601562500e+00	1.452769935131072998e-01	1.124184811487793922e-03	1.000000000000000000e+00	9.383240831084549427e-04	1.293106973171234131e-01	3.403314203023910522e-02	3.113337233662605286e-02	1.944799125194549561e-01	1.518691889941692352e-02	2.865586616098880768e-02	1.272900700569152832e-01	7.356282323598861694e-03
8.266304016113281250e+00	3.729726374149322510e-02	8.142542839050292969e-01	1.000000000000000000e+00	9.480485916137695312e-01	4.232582077383995056e-02	2.257076837122440338e-02	2.121554315090179443e-01	2.354227006435394287e-01	2.303044497966766357e-01	4.247665405273437500e-02	7.454077899456024170e-02	7.280306518077850342e-02
8.312744140625000000e+00	8.599588274955749512e-02	2.922261878848075867e-02	1.000000000000000000e+00	9.979316592216491699e-01	5.312958359718322754e-02	4.095371067523956299e-02	5.993149825371801853e-04	2.322361171245574951e-01	2.329798042774200439e-01	1.325938967056572437e-03	7.486845552921295166e-02	5.825455859303474426e-02
8.359183311462402344e+00	1.266787052154541016e-01	2.962501719594001770e-02	1.000000000000000000e+00	9.987435936927795410e-01	4.807120934128761292e-02	5.171542614698410034e-02	4.353196825832128525e-03	2.247994095087051392e-01	2.346802353858947754e-01	4.767766688019037247e-03	7.038346678018569946e-02	5.803151056170463562e-02
8.405623435974121094e+00	9.902943968772888184e-01	3.032147884368896484e-02	3.313143551349639893e-01	1.000000000000000000e+00	2.273683808743953705e-02	2.781459987163543701e-01	4.729657433927059174e-03	6.940279155969619751e-02	2.787992954254150391e-01	1.867144741117954254e-02	1.021804511547088623e-01	6.870903819799423218e-02
8.452063560485839844e+00	5.900211930274963379e-01	2.978622168302536011e-02	9.978550672531127930e-01	1.000000000000000000e+00	5.458488315343856812e-02	1.561270952224731445e-01	2.702860161662101746e-03	2.166492044925689697e-01	2.617850303649902344e-01	1.030550920404493809e-03	1.039479225873947144e-01	5.371300503611564636e-02
8.498503684997558594e+00	2.617855668067932129e-01	5.761317536234855652e-02	9.442585706710815430e-01	5.864558219909667969e-01	1.223626807332038879e-01	1.000000000000000000e+00	5.337299779057502747e-03	2.327766120433807373e-01	1.653392463922500610e-01	2.522846497595310211e-02	2.956386506557464600e-01	3.516618534922599792e-02
8.544942855834960938e+00	8.006242513656616211e-01	4.712977260351181030e-02	2.151567488908767700e-01	7.337842136621475220e-02	1.173149421811103821e-01	1.000000000000000000e+00	3.468855051323771477e-03	6.496709585189819336e-02	4.493921250104904175e-02	1.986065208911895752e-01	2.232496887445449829e-01	9.645662270486354828e-03
8.591382980346679688e+00	8.064250349998474121e-01	5.221442878246307373e-02	3.157782554626464844e-01	4.726753756403923035e-02	1.887811347842216492e-02	1.000000000000000000e+00	1.192188123241066933e-03	8.597641438245773315e-02	7.987856864929199219e-02	5.373813211917877197e-03	2.357814162969589233e-01	1.266435370780527592e-03
8.637823104858398438e+00	8.118074536323547363e-01	4.934612289071083069e-02	6.133008003234863281e-01	4.731235653162002563e-02	2.770246192812919617e-02	1.000000000000000000e+00	1.250849338248372078e-03	1.525237560272216797e-01	6.850516796112060547e-02	6.196250673383474350e-03	2.591773569583892822e-01	1.637297915294766426e-03
8.684263229370117188e+00	7.872847318649291992e-01	4.315591603517532349e-02	6.625141501426696777e-01	5.543428286910057068e-02	2.977335639297962189e-02	1.000000000000000000e+00	1.228981302119791508e-03	1.646704822778701782e-01	4.340692237019538879e-02	1.366808358579874039e-02	2.792625725269317627e-01	2.288219053298234940e-03
8.730703353881835938e+00	8.092482686042785645e-01	1.600025147199630737e-01	1.604190915822982788e-01	1.583130359649658203e-01	5.203352496027946472e-02	8.901457190513610840e-01	5.403926968574523926e-02	1.000000000000000000e+00	5.090710148215293884e-02	3.029347658157348633e-01	4.716877341270446777e-01	1.960209757089614868e-02
8.777142524719238281e+00	4.977017641067504883e-01	1.943405270576477051e-01	9.928983636200428009e-03	6.403820961713790894e-02	1.058930084109306335e-01	3.059754967689514160e-01	1.808783560991287231e-01	1.000000000000000000e+00	2.629603073000907898e-02	4.741207882761955261e-02	5.846771970391273499e-02	5.024075508117675781e-01
8.823582649230957031e+00	1.000000000000000000e+00	2.445839047431945801e-01	2.062908187508583069e-02	1.039043590426445007e-01	3.347449935972690582e-03	2.779861986637115479e-01	6.487521529197692871e-02	8.143030405044555664e-01	9.049268811941146851e-02	4.454280436038970947e-02	3.890660405158996582e-02	1.360381953418254852e-02
8.870022773742675781e+00	4.217035770416259766e-01	5.269217118620872498e-02	8.198386430740356445e-01	3.799956440925598145e-01	5.285344272851943970e-02	2.286859005689620972e-01	4.611272737383842468e-02	1.000000000000000000e+00	7.726443558931350708e-02	2.060754410922527313e-02	5.326294898986816406e-01	8.800963312387466431e-02
8.916462898254394531e+00	8.042340278625488281e-01	1.701084710657596588e-02	8.286247253417968750e-01	4.642388597130775452e-02	4.980616271495819092e-02	2.277403920888900757e-01	7.171794027090072632e-02	1.000000000000000000e+00	8.559997379779815674e-02	2.205189689993858337e-02	9.573970735073089600e-02	3.207190707325935364e-02
8.962902069091796875e+00	1.000000000000000000e+00	5.130869150161743164e-02	2.058334946632385254e-01	7.061167061328887939e-02	1.801237836480140686e-02	3.694642484188079834e-01	1.107617095112800598e-02	9.206731319427490234e-01	4.435215517878532410e-02	1.848204061388969421e-02	8.334801346063613892e-02	1.184917148202657700e-02
9.009342193603515625e+00	1.000000000000000000e+00	1.164586916565895081e-01	5.592662692070007324e-01	9.236674755811691284e-02	5.137037113308906555e-02	4.027307629585266113e-01	2.309495583176612854e-02	9.184253215789794922e-01	1.597305834293365479e-01	2.122532390058040619e-02	1.099935695528984070e-01	2.344079315662384033e-02
9.055782318115234375e+00	9.774442911148071289e-01	1.947988383471965790e-02	8.405229449272155762e-01	7.629360258579254150e-02	4.696884006261825562e-02	5.447558164596557617e-01	7.027331739664077759e-04	1.000000000000000000e+00	4.382745176553726196e-02	1.052208524197340012e-02	1.613067388534545898e-01	2.890328504145145416e-02
9.102222442626953125e+00	1.000000000000000000e+00	3.369288519024848938e-02	4.396456480026245117e-01	2.323927879333496094e-01	2.620757184922695160e-02	7.712024450302124023e-01	6.726954132318496704e-02	8.897522687911987305e-01	7.825123518705368042e-02	1.427747402340173721e-02	2.903187274932861328e-01	4.049799218773841858e-02
9.148662567138671875e+00	1.000000000000000000e+00	1.219994351267814636e-01	7.184506207704544067e-02	2.021058648824691772e-01	4.731563851237297058e-02	4.560436904430389404e-01	1.349668353796005249e-01	8.069037795066833496e-01	8.319677412509918213e-02	1.693611405789852142e-02	9.668692946434020996e-02	6.887578964233398438e-02
9.195101737976074219e+00	2.080888152122497559e-01	2.990126796066761017e-02	2.629057131707668304e-02	8.954981714487075806e-02	3.285414422862231731e-04	1.000000000000000000e+00	0.000000000000000000e+00	9.258173704147338867e-01	5.862085148692131042e-03	3.542548045516014099e-02	2.407059967517852783e-01	0.000000000000000000e+00
