0.000000000000000000e+00	3.198198974132537842e-02	6.364999711513519287e-02	9.769541621208190918e-01	1.000000000000000000e+00	1.296265721321105957e-01	4.410428106784820557e-01	3.643291303887963295e-03	2.733002603054046631e-01	2.308693379163742065e-01	6.092856451869010925e-02	1.318382620811462402e-01	4.554230272769927979e-01
4.643990844488143921e-02	6.083825230598449707e-01	3.429001271724700928e-01	4.638732224702835083e-02	1.000000000000000000e+00	7.374546676874160767e-02	3.806086778640747070e-01	1.299546062946319580e-01	5.382800474762916565e-02	2.397935092449188232e-01	3.525660187005996704e-02	4.841049015522003174e-01	5.141309648752212524e-02
9.287981688976287842e-02	1.800812482833862305e-01	2.774137854576110840e-01	2.084385156631469727e-01	1.000000000000000000e+00	2.857626043260097504e-02	6.079048663377761841e-02	7.234914600849151611e-02	5.796945840120315552e-02	2.250187098979949951e-01	3.564599156379699707e-02	2.964224219322204590e-01	5.271301046013832092e-02
1.393197327852249146e-01	7.328535318374633789e-01	4.006567969918251038e-02	6.554202991537749767e-05	1.000000000000000000e+00	3.479795996099710464e-03	3.388074636459350586e-01	3.851714776828885078e-03	4.815120249986648560e-03	2.657444775104522705e-01	3.599564370233565569e-04	5.758550763130187988e-02	7.134120911359786987e-02
1.857596337795257568e-01	1.016476973891258240e-01	7.357534766197204590e-01	2.021888270974159241e-02	1.000000000000000000e+00	7.361458539962768555e-01	4.254322499036788940e-02	1.986349672079086304e-01	4.571442678570747375e-02	4.509253799915313721e-01	1.636932641267776489e-01	2.203675173223018646e-02	6.513603329658508301e-01
2.321995496749877930e-01	1.572436690330505371e-01	7.248818874359130859e-01	9.096975624561309814e-02	1.000000000000000000e+00	7.044632434844970703e-01	7.505504041910171509e-02	2.057271897792816162e-01	1.544134225696325302e-02	2.306162565946578979e-01	5.118815898895263672e-01	5.337710492312908173e-03	9.206815063953399658e-02
2.786394655704498291e-01	2.287109941244125366e-01	5.674986541271209717e-02	5.572426915168762207e-01	1.000000000000000000e+00	1.256700009107589722e-01	7.694739103317260742e-02	9.981647133827209473e-02	2.464545965194702148e-01	2.485032677650451660e-01	1.339312363415956497e-02	4.428080469369888306e-02	5.206214785575866699e-01
3.250793516635894775e-01	1.410820987075567245e-02	1.653168350458145142e-01	3.641623770818114281e-03	1.000000000000000000e+00	1.779714226722717285e-01	2.266705036163330078e-02	5.807746946811676025e-02	1.294167153537273407e-02	2.400055229663848877e-01	3.339227661490440369e-02	3.945130482316017151e-02	2.591913044452667236e-01
3.715192675590515137e-01	1.379791796207427979e-01	3.235286101698875427e-02	7.326681166887283325e-02	1.000000000000000000e+00	6.751335263252258301e-01	5.384544655680656433e-02	1.541871111840009689e-02	5.431813374161720276e-02	2.355136722326278687e-01	1.672191768884658813e-01	8.048166520893573761e-03	1.365157365798950195e-01
4.179591834545135498e-01	3.125604987144470215e-01	2.678150832653045654e-01	4.068440794944763184e-01	1.000000000000000000e+00	2.790060043334960938e-01	1.775001287460327148e-01	1.939709931612014771e-01	1.758778244256973267e-01	2.998010516166687012e-01	1.234303116798400879e-01	4.388258233666419983e-02	3.762607872486114502e-01
4.643990993499755859e-01	8.190211653709411621e-01	3.318836912512779236e-02	3.059920296072959900e-02	1.000000000000000000e+00	2.545714080333709717e-01	2.200240790843963623e-01	3.552627563476562500e-02	1.421703211963176727e-02	2.714221775531768799e-01	4.856704920530319214e-02	2.743730135262012482e-02	5.747628211975097656e-02
5.108389854431152344e-01	4.755250215530395508e-01	9.836045503616333008e-01	1.381878256797790527e-01	1.000000000000000000e+00	4.804359003901481628e-02	1.439201384782791138e-01	2.913914620876312256e-01	3.241668269038200378e-02	2.519974112510681152e-01	9.342888742685317993e-02	2.663063071668148041e-02	9.761004894971847534e-02
5.572789311408996582e-01	3.465471565723419189e-01	5.079399049282073975e-02	1.886689066886901855e-01	9.699311852455139160e-01	4.614230990409851074e-01	1.133029386401176453e-01	1.054350510239601135e-01	1.716341078281402588e-01	2.219888865947723389e-01	9.908237308263778687e-02	3.409948199987411499e-02	1.000000000000000000e+00
6.037188172340393066e-01	2.610879242420196533e-01	8.733382821083068848e-02	7.417452931404113770e-01	1.000000000000000000e+00	5.895448327064514160e-01	8.735805749893188477e-02	1.644084043800830841e-02	2.352109551429748535e-01	2.544790506362915039e-01	1.233955696225166321e-01	9.257557243108749390e-02	9.278329610824584961e-01
6.501587033271789551e-01	7.840950489044189453e-01	8.333758115768432617e-01	4.155048429965972900e-01	1.000000000000000000e+00	8.170567452907562256e-02	2.313087284564971924e-01	8.995038270950317383e-01	1.119059622287750244e-01	2.407400757074356079e-01	7.954469323158264160e-02	3.247931301593780518e-01	2.460057288408279419e-01
6.965986490249633789e-01	9.257560968399047852e-01	6.736326813697814941e-01	2.294341921806335449e-01	1.000000000000000000e+00	8.141931891441345215e-02	2.663167715072631836e-01	2.573092877864837646e-01	6.168397888541221619e-02	2.598544061183929443e-01	7.963708788156509399e-02	3.272432982921600342e-01	9.952215105295181274e-02
7.430385351181030273e-01	5.649787187576293945e-01	4.989707097411155701e-02	6.159032583236694336e-01	1.000000000000000000e+00	5.268503352999687195e-02	1.565738171339035034e-01	9.848511777818202972e-03	2.181169092655181885e-01	3.342354893684387207e-01	4.899081774055957794e-03	1.292920410633087158e-01	4.847993701696395874e-02
7.894784808158874512e-01	2.453158050775527954e-01	2.970528230071067810e-02	9.829980134963989258e-01	1.000000000000000000e+00	4.217454697936773300e-03	8.242731541395187378e-02	2.627538982778787613e-03	2.734838128089904785e-01	2.419012933969497681e-01	2.668903907760977745e-03	5.936007574200630188e-02	5.834452807903289795e-02
8.359183669090270996e-01	2.308150827884674072e-01	9.499782919883728027e-01	3.064911365509033203e-01	1.000000000000000000e+00	2.725889086723327637e-01	8.568163216114044189e-02	7.505835294723510742e-01	8.055818825960159302e-02	3.147427737712860107e-01	1.327941715717315674e-01	6.762473285198211670e-02	3.768982589244842529e-01
8.823582530021667480e-01	3.009152114391326904e-01	6.021631509065628052e-02	2.491149604320526123e-01	1.000000000000000000e+00	9.649358391761779785e-01	1.004592329263687134e-01	5.280186533927917480e-01	6.934596598148345947e-02	3.095403611660003662e-01	2.624797523021697998e-01	8.348833769559860229e-02	4.926247298717498779e-01
9.287981986999511719e-01	2.719142735004425049e-01	6.855276226997375488e-02	1.994407549500465393e-02	1.000000000000000000e+00	4.763033390045166016e-01	8.253039419651031494e-02	1.591982096433639526e-01	7.712420076131820679e-02	2.349112927913665771e-01	1.095689609646797180e-01	1.745905280113220215e-01	8.590257167816162109e-02
9.752380847930908203e-01	3.083567321300506592e-01	9.426724910736083984e-01	1.675956249237060547e-01	1.000000000000000000e+00	5.647672340273857117e-02	1.462647318840026855e-01	3.343131840229034424e-01	3.604330494999885559e-02	2.456015646457672119e-01	8.224608004093170166e-02	1.221644058823585510e-01	1.053140610456466675e-01
1.021677970886230469e+00	1.222114935517311096e-01	9.256458282470703125e-01	1.040065102279186249e-02	1.000000000000000000e+00	8.988838089862838387e-05	4.463064074516296387e-01	2.143025696277618408e-01	1.842233538627624512e-02	2.283701896667480469e-01	7.586588710546493530e-02	1.442367136478424072e-01	8.147925883531570435e-02
1.068117856979370117e+00	3.189267516136169434e-01	3.101792000234127045e-02	9.476065039634704590e-01	1.000000000000000000e+00	7.035156488418579102e-01	7.619230449199676514e-02	1.318009644746780396e-01	2.172161787748336792e-01	2.586615979671478271e-01	1.178235635161399841e-01	2.499440163373947144e-01	6.011752411723136902e-02
1.114557862281799316e+00	6.573714613914489746e-01	2.771757729351520538e-02	7.799500226974487305e-01	1.000000000000000000e+00	2.105097919702529907e-01	1.822727769613265991e-01	2.923138253390789032e-02	2.159935832023620605e-01	2.521699368953704834e-01	4.847376048564910889e-02	3.585556447505950928e-01	5.046887323260307312e-02
1.160997748374938965e+00	8.902472257614135742e-01	2.628062292933464050e-02	1.121943593025207520e-01	1.000000000000000000e+00	4.633499085903167725e-01	2.324497699737548828e-01	6.115248426795005798e-02	2.538123913109302521e-02	2.462921887636184692e-01	1.002962067723274231e-01	5.115862488746643066e-01	5.068374425172805786e-02
1.207437634468078613e+00	2.267531305551528931e-01	5.677196383476257324e-02	1.085571423172950745e-01	1.000000000000000000e+00	1.377603858709335327e-01	6.644967198371887207e-02	3.834317252039909363e-02	2.580149285495281219e-02	3.646859526634216309e-01	2.702593803405761719e-02	4.213298559188842773e-01	3.884995356202125549e-02
1.253877520561218262e+00	6.298460811376571655e-02	6.037582457065582275e-02	2.717665433883666992e-01	1.000000000000000000e+00	4.328679442405700684e-01	6.199860572814941406e-01	6.978590786457061768e-02	8.475839346647262573e-02	2.228256464004516602e-01	9.748311340808868408e-02	8.032758831977844238e-01	4.395979642868041992e-02
1.300317406654357910e+00	1.577726453542709351e-01	8.152721822261810303e-02	1.221595099195837975e-03	1.000000000000000000e+00	1.049105171114206314e-02	6.094736978411674500e-02	1.941321045160293579e-02	3.154062433168292046e-04	4.495545029640197754e-01	4.562791436910629272e-04	1.837169677019119263e-01	4.872157797217369080e-02
1.346757411956787109e+00	2.434421889483928680e-02	1.141074746847152710e-01	3.122353553771972656e-01	1.000000000000000000e+00	1.644283719360828400e-02	2.168144285678863525e-02	3.994924202561378479e-02	7.908030599355697632e-02	5.475425720214843750e-01	3.085421631112694740e-04	5.340969562530517578e-01	3.357245773077011108e-02
1.393197298049926758e+00	3.537208831403404474e-04	2.120317965745925903e-01	7.978280773386359215e-04	8.123357892036437988e-01	4.421636462211608887e-02	2.310743182897567749e-02	2.396339736878871918e-02	2.574706450104713440e-04	1.000000000000000000e+00	3.882344753947108984e-04	2.427798137068748474e-02	4.500352963805198669e-02
1.439637184143066406e+00	6.819110512733459473e-01	7.829080522060394287e-02	1.541791018098592758e-03	9.960286617279052734e-01	4.766861721873283386e-02	1.000000000000000000e+00	2.771724015474319458e-02	2.740513533353805542e-02	2.500594258308410645e-01	7.546073175035417080e-04	2.132083624601364136e-01	5.325607955455780029e-02
1.486077070236206055e+00	3.343635424971580505e-02	4.321714490652084351e-02	4.075089003890752792e-03	1.000000000000000000e+00	2.037932425737380981e-01	2.303197048604488373e-02	4.742942750453948975e-02	4.389270395040512085e-02	2.160822600126266479e-01	2.614862285554409027e-02	6.647682189941406250e-01	9.016774892807006836e-01
1.532516956329345703e+00	7.420858740806579590e-01	7.027156651020050049e-02	5.634697619825601578e-03	1.000000000000000000e+00	3.844901919364929199e-03	4.801045954227447510e-01	5.455310270190238953e-02	5.018700286746025085e-02	2.302196025848388672e-01	8.432107861153781414e-04	8.331459164619445801e-01	4.447695985436439514e-02
1.578956961631774902e+00	3.056104779243469238e-01	9.702759385108947754e-01	2.867248952388763428e-01	1.000000000000000000e+00	1.464147716760635376e-01	2.085146605968475342e-01	3.019018769264221191e-01	1.318049132823944092e-01	4.360384047031402588e-01	4.944141507148742676e-01	5.048731565475463867e-01	8.689646422863006592e-02
1.625396847724914551e+00	1.000000000000000000e+00	2.725238800048828125e-01	4.469691514968872070e-01	1.513800676912069321e-02	2.402542680501937866e-01	2.456422895193099976e-01	2.466229945421218872e-01	1.347553730010986328e-01	6.301541626453399658e-02	4.447727501392364502e-01	3.945744410157203674e-02	9.933897256851196289e-01
1.671836733818054199e+00	1.000000000000000000e+00	8.937903046607971191e-01	1.623903363943099976e-01	1.097876355051994324e-01	2.613017559051513672e-01	2.490609884262084961e-01	2.408012747764587402e-01	4.424436762928962708e-02	6.002822890877723694e-02	6.610283851623535156e-01	2.099665403366088867e-01	1.328408867120742798e-01
1.718276619911193848e+00	1.000000000000000000e+00	3.816236853599548340e-01	4.887040704488754272e-02	1.101315543055534363e-01	3.080451674759387970e-02	2.178551405668258667e-01	1.191057711839675903e-01	5.072235465049743652e-01	7.094469666481018066e-02	1.035154387354850769e-01	9.648936241865158081e-02	1.340202540159225464e-01
1.764716506004333496e+00	1.000000000000000000e+00	1.069024875760078430e-01	1.017244607210159302e-01	7.341929078102111816e-01	2.902019396424293518e-02	2.550068795680999756e-01	1.522614955902099609e-01	1.194424089044332504e-02	1.987233310937881470e-01	3.403270840644836426e-01	9.888775348663330078e-01	6.327029317617416382e-02
1.811156511306762695e+00	1.000000000000000000e+00	6.496681272983551025e-02	3.783686161041259766e-01	1.022378541529178619e-02	7.036168128252029419e-02	2.622325122356414795e-01	4.293717071413993835e-02	7.527089118957519531e-02	1.056115329265594482e-01	9.823342561721801758e-01	3.628817945718765259e-02	5.911220237612724304e-02
1.857596397399902344e+00	1.000000000000000000e+00	2.169543504714965820e-01	9.985401481389999390e-02	2.857291996479034424e-01	2.220067679882049561e-01	4.385850429534912109e-01	5.818616971373558044e-02	1.249232292175292969e-01	1.179335415363311768e-01	3.844698965549468994e-01	2.921018004417419434e-01	9.846572279930114746e-01
1.904036283493041992e+00	5.420318841934204102e-01	8.390311002731323242e-01	1.090041473507881165e-01	3.113758265972137451e-01	2.662134170532226562e-01	2.608608901500701904e-01	2.380066961050033569e-01	7.725872099399566650e-02	1.000000000000000000e+00	4.080029129981994629e-01	8.900360465049743652e-01	9.893450140953063965e-01
1.950476169586181641e+00	3.957875967025756836e-01	3.686414361000061035e-01	2.367149889469146729e-01	3.988310694694519043e-02	2.523439824581146240e-01	6.179107427597045898e-01	1.895790100097656250e-01	1.032153889536857605e-01	7.663853168487548828e-01	3.827078044414520264e-01	1.404887735843658447e-01	1.000000000000000000e+00
1.996916055679321289e+00	3.387942910194396973e-01	1.496856063604354858e-01	1.196766719222068787e-01	2.858770266175270081e-02	2.537269294261932373e-01	7.572964578866958618e-02	5.163924098014831543e-01	7.683061808347702026e-02	5.154362916946411133e-01	2.857324108481407166e-02	5.569555237889289856e-02	1.000000000000000000e+00
2.043355941772460938e+00	2.065848000347614288e-02	1.131229847669601440e-01	6.962992548942565918e-01	9.584259986877441406e-02	2.654855847358703613e-01	9.307873994112014771e-02	1.212073396891355515e-02	1.982574909925460815e-01	3.449763655662536621e-01	7.853580117225646973e-01	6.150932982563972473e-02	1.000000000000000000e+00
2.089795827865600586e+00	1.073565557599067688e-01	2.784893512725830078e-01	1.039830502122640610e-02	3.030195832252502441e-03	3.161167800426483154e-01	2.433236315846443176e-02	4.776728525757789612e-02	6.398174166679382324e-02	9.803736805915832520e-01	4.303101077675819397e-02	1.181160192936658859e-02	1.000000000000000000e+00
2.136235713958740234e+00	3.577829897403717041e-01	1.411872804164886475e-01	2.541348934173583984e-01	2.407108247280120850e-02	5.547603368759155273e-01	1.058802604675292969e-01	3.618502616882324219e-02	1.620246618986129761e-01	4.644915759563446045e-01	2.585033774375915527e-01	1.052374243736267090e-01	1.000000000000000000e+00
2.182675838470458984e+00	1.000000000000000000e+00	1.751407980918884277e-02	5.786583423614501953e-01	1.008883863687515259e-02	1.350225806236267090e-01	2.452316731214523315e-01	6.442142277956008911e-02	1.357128322124481201e-01	1.320665329694747925e-01	4.546069502830505371e-01	6.339488178491592407e-02	4.390160441398620605e-01
2.229115724563598633e+00	1.000000000000000000e+00	2.113057114183902740e-02	9.230194985866546631e-02	5.395959019660949707e-01	4.689787328243255615e-02	2.317965775728225708e-01	2.014876902103424072e-02	6.425048708915710449e-01	1.750591546297073364e-01	1.655719876289367676e-01	9.015560150146484375e-02	2.089232653379440308e-01
2.275555610656738281e+00	1.000000000000000000e+00	1.604657322168350220e-01	7.578472048044204712e-02	1.986331045627593994e-01	4.479698538780212402e-01	2.351316064596176147e-01	5.913433432579040527e-02	6.722040176391601562e-01	5.214184895157814026e-02	3.330668509006500244e-01	5.788095593452453613e-01	6.467897295951843262e-01
2.321995496749877930e+00	1.000000000000000000e+00	9.547815471887588501e-02	4.771332442760467529e-01	1.326508470810949802e-03	1.367857158184051514e-01	2.322522252798080444e-01	4.471591114997863770e-02	8.849694579839706421e-02	1.913754940032958984e-01	7.105838656425476074e-01	5.819370970129966736e-02	2.001965977251529694e-02
2.368435382843017578e+00	1.000000000000000000e+00	2.532931864261627197e-01	1.158743575215339661e-01	1.800642609596252441e-01	7.693498730659484863e-01	2.006034553050994873e-01	1.545524895191192627e-01	7.093599438667297363e-01	6.805413216352462769e-02	3.600121140480041504e-01	7.227737307548522949e-01	6.882941722869873047e-01
2.414875268936157227e+00	1.000000000000000000e+00	3.423276841640472412e-01	7.500906586647033691e-01	1.880315095186233521e-01	2.792657911777496338e-01	2.592666447162628174e-01	1.179704591631889343e-01	4.844762980937957764e-01	3.675438463687896729e-01	2.108602076768875122e-01	1.391511261463165283e-01	9.516581892967224121e-01
2.461315155029296875e+00	7.369343936443328857e-02	5.144760608673095703e-01	1.000000000000000000e+00	5.527075529098510742e-01	4.632070958614349365e-01	6.975878775119781494e-02	1.667530834674835205e-01	2.546166479587554932e-01	1.960678100585937500e-01	5.878548026084899902e-01	4.864018410444259644e-02	8.469917774200439453e-01
2.507755041122436523e+00	5.980191230773925781e-01	2.973073162138462067e-02	1.000000000000000000e+00	3.254294097423553467e-01	1.734762452542781830e-02	4.171514809131622314e-01	4.627500101923942566e-02	2.897474765777587891e-01	1.239895820617675781e-01	3.213429357856512070e-03	4.897744357585906982e-01	7.900120690464973450e-03
2.554194927215576172e+00	4.520931243896484375e-01	3.610735014081001282e-02	1.000000000000000000e+00	2.771059274673461914e-01	1.496755927801132202e-01	4.382690489292144775e-01	8.406338281929492950e-03	3.254442811012268066e-01	8.245227485895156860e-02	2.009239420294761658e-02	3.257183432579040527e-01	5.490735769271850586e-01
2.600634813308715820e+00	9.974362701177597046e-02	4.823061823844909668e-02	1.000000000000000000e+00	9.040635824203491211e-02	4.738480597734451294e-02	2.004743553698062897e-02	1.409527752548456192e-02	2.692720293998718262e-01	9.572950750589370728e-02	9.062351658940315247e-03	7.085511088371276855e-02	1.055783480405807495e-01
2.647074937820434570e+00	8.065702319145202637e-01	1.048854440450668335e-01	1.000000000000000000e+00	2.057701498270034790e-01	1.975459903478622437e-01	1.640573889017105103e-01	8.320720493793487549e-02	2.253737002611160278e-01	1.286303550004959106e-01	1.499766260385513306e-01	6.725353002548217773e-02	2.169413864612579346e-01
2.693514823913574219e+00	5.761715769767761230e-01	3.348881751298904419e-02	1.000000000000000000e+00	1.012425944209098816e-01	9.296372532844543457e-02	1.656629145145416260e-01	1.182776466012001038e-01	2.743702232837677002e-01	5.445308610796928406e-02	1.389040797948837280e-01	7.947383075952529907e-02	3.432738184928894043e-01
2.739954710006713867e+00	5.411936342716217041e-02	9.025878272950649261e-03	1.000000000000000000e+00	3.142771311104297638e-03	7.977678626775741577e-02	1.309554465115070343e-02	2.614298602566123009e-03	2.439769953489303589e-01	3.605226427316665649e-02	1.325755752623081207e-02	4.764472693204879761e-02	2.079448252916336060e-01
2.786394596099853516e+00	7.350093126296997070e-02	7.247834652662277222e-02	1.000000000000000000e+00	4.538011923432350159e-02	5.695570632815361023e-02	3.731052577495574951e-02	2.433405444025993347e-02	2.517805099487304688e-01	1.111213304102420807e-02	1.479223817586898804e-01	7.713614404201507568e-02	6.356015056371688843e-02
2.832834482192993164e+00	9.312266111373901367e-02	2.557777166366577148e-01	1.000000000000000000e+00	8.104509115219116211e-01	2.618923485279083252e-01	6.661833822727203369e-02	6.956566125154495239e-02	2.751955986022949219e-01	3.878584802150726318e-01	8.346177637577056885e-02	5.723579600453376770e-02	9.843711853027343750e-01
2.879274368286132812e+00	9.462925791740417480e-02	3.065496981143951416e-01	1.000000000000000000e+00	9.176016449928283691e-01	1.971166580915451050e-01	4.194553196430206299e-02	6.629890948534011841e-02	2.451928555965423584e-01	3.416839540004730225e-01	1.672573834657669067e-01	6.038989871740341187e-02	7.122968435287475586e-01
2.925714254379272461e+00	1.200551837682723999e-01	8.871466666460037231e-02	1.000000000000000000e+00	2.408174239099025726e-02	2.327951490879058838e-01	2.182996645569801331e-02	2.696378715336322784e-02	2.802001833915710449e-01	8.165178820490837097e-03	8.095131814479827881e-02	1.080302596092224121e-01	8.888431787490844727e-01
2.972154140472412109e+00	1.076499670743942261e-01	1.034913435578346252e-01	1.000000000000000000e+00	4.147012531757354736e-02	2.515658140182495117e-01	3.626224398612976074e-02	2.232176065444946289e-02	2.375470101833343506e-01	6.897247582674026489e-02	3.905252814292907715e-01	6.082745641469955444e-02	4.538114964962005615e-01
3.018594026565551758e+00	1.230247020721435547e-01	1.069337688386440277e-02	1.000000000000000000e+00	1.175515577197074890e-01	9.724457561969757080e-02	5.855983495712280273e-02	3.036078251898288727e-02	2.404176592826843262e-01	4.029070958495140076e-02	2.634439170360565186e-01	5.244913697242736816e-02	9.828606992959976196e-02
3.065033912658691406e+00	1.584354937076568604e-01	5.533068180084228516e-01	1.000000000000000000e+00	3.907008096575737000e-02	2.491929233074188232e-01	5.566862225532531738e-02	1.392153352499008179e-01	2.432767748832702637e-01	2.691189944744110107e-02	3.456618189811706543e-01	5.522936582565307617e-02	4.764891564846038818e-01
3.111474037170410156e+00	1.224712356925010681e-01	4.439029470086097717e-02	1.000000000000000000e+00	4.016113653779029846e-02	1.038076952099800110e-01	2.497066371142864227e-02	1.046890672296285629e-02	2.950153350830078125e-01	1.306947227567434311e-02	6.761037558317184448e-02	5.008408427238464355e-02	4.110077321529388428e-01
3.157913923263549805e+00	2.225131094455718994e-01	1.838247664272785187e-02	1.000000000000000000e+00	5.679377913475036621e-02	1.330065131187438965e-01	5.070364847779273987e-02	6.405526399612426758e-02	2.196610271930694580e-01	8.729871362447738647e-02	4.297422990202903748e-02	8.545436710119247437e-02	5.148752406239509583e-02
3.204353809356689453e+00	9.447365999221801758e-01	1.078596636652946472e-01	1.000000000000000000e+00	1.055864766240119934e-01	2.591265141963958740e-01	2.297215461730957031e-01	3.733608499169349670e-02	2.499967962503433228e-01	2.754199206829071045e-01	1.512066274881362915e-01	9.855665266513824463e-02	7.828660011291503906e-01
3.250793695449829102e+00	8.527983427047729492e-01	1.807897984981536865e-01	1.000000000000000000e+00	1.694093272089958191e-02	1.980181038379669189e-01	2.037392407655715942e-01	4.308689013123512268e-02	2.906686961650848389e-01	1.340822130441665649e-01	1.762287914752960205e-01	7.219116389751434326e-02	5.000582933425903320e-01
3.297233581542968750e+00	1.000000000000000000e+00	3.484588861465454102e-01	8.763012290000915527e-01	4.462670534849166870e-02	1.613647788763046265e-01	3.781416714191436768e-01	1.640292108058929443e-01	2.300408333539962769e-01	2.597804069519042969e-01	4.563706368207931519e-02	1.458486616611480713e-01	2.449083775281906128e-01
3.343673467636108398e+00	2.265111804008483887e-01	5.028159543871879578e-02	1.000000000000000000e+00	7.744226604700088501e-03	3.615976572036743164e-01	4.773801937699317932e-02	7.891708984971046448e-03	2.916438877582550049e-01	5.755325034260749817e-02	8.398746699094772339e-02	7.422965764999389648e-02	9.757438898086547852e-01
3.390113353729248047e+00	8.561304211616516113e-01	2.718049883842468262e-01	1.000000000000000000e+00	7.118264585733413696e-02	2.224784344434738159e-01	6.944813728332519531e-01	6.567097455263137817e-02	2.810804843902587891e-01	2.666057944297790527e-01	6.786214709281921387e-01	3.238800764083862305e-01	3.868713974952697754e-01
3.436553239822387695e+00	3.834204375743865967e-01	7.734608054161071777e-01	1.000000000000000000e+00	1.467287838459014893e-01	6.087160483002662659e-02	4.990990161895751953e-01	1.884059906005859375e-01	2.399842143058776855e-01	4.584992676973342896e-02	8.688600063323974609e-01	1.835417300462722778e-01	2.256065607070922852e-01
3.482993125915527344e+00	3.780483901500701904e-01	8.799291253089904785e-01	1.000000000000000000e+00	2.318464033305644989e-02	4.607982933521270752e-02	8.859394490718841553e-02	3.041399121284484863e-01	2.838410139083862305e-01	2.481795102357864380e-02	1.752124577760696411e-01	1.266658902168273926e-01	7.496327906847000122e-02
3.529433012008666992e+00	6.112020015716552734e-01	2.700981684029102325e-02	1.000000000000000000e+00	3.254661709070205688e-02	2.123109996318817139e-01	2.685618102550506592e-01	1.126875914633274078e-02	2.596661448478698730e-01	4.840728268027305603e-02	3.186126351356506348e-01	1.635134369134902954e-01	7.997775673866271973e-01
3.575872898101806641e+00	8.050031661987304688e-01	1.184221473522484303e-03	1.000000000000000000e+00	2.066167257726192474e-02	1.066817417740821838e-01	2.366864085197448730e-01	6.337299477308988571e-03	2.404583245515823364e-01	4.375203326344490051e-02	2.086519747972488403e-01	1.534169167280197144e-01	3.752138912677764893e-01
3.622313022613525391e+00	7.139357924461364746e-01	2.996913529932498932e-02	1.000000000000000000e+00	5.297803878784179688e-01	2.452745437622070312e-01	1.537686884403228760e-01	4.454512149095535278e-02	2.498444616794586182e-01	1.807122975587844849e-01	3.065167926251888275e-02	1.974365413188934326e-01	8.974233269691467285e-01
3.668752908706665039e+00	9.120801091194152832e-02	2.061137184500694275e-02	1.000000000000000000e+00	8.553733825683593750e-01	1.738015413284301758e-01	5.683188885450363159e-02	2.019369974732398987e-02	2.218323051929473877e-01	1.814674437046051025e-01	3.238638490438461304e-02	3.451753556728363037e-01	5.784152746200561523e-01
3.715192794799804688e+00	4.389796257019042969e-01	1.597290486097335815e-02	1.000000000000000000e+00	8.051324635744094849e-03	1.477072238922119141e-01	3.878972530364990234e-01	2.625737397465854883e-05	2.368306964635848999e-01	3.824626654386520386e-02	6.104924082756042480e-01	1.110465303063392639e-01	5.562089681625366211e-01
3.761632680892944336e+00	7.321367412805557251e-02	3.359529888257384300e-03	1.000000000000000000e+00	1.248786575160920620e-03	9.866555929183959961e-01	2.781668445095419884e-03	9.071793407201766968e-03	2.491126060485839844e-01	9.012348600663244724e-04	2.189273387193679810e-01	4.567113518714904785e-02	7.069679498672485352e-01
3.808072566986083984e+00	1.000000000000000000e+00	2.661786600947380066e-02	9.767013192176818848e-01	4.592099487781524658e-01	1.749973297119140625e-01	2.312356680631637573e-01	7.807501405477523804e-02	2.425125539302825928e-01	1.692280769348144531e-01	2.596182189881801605e-02	7.610621303319931030e-02	6.343036293983459473e-01
3.854512453079223633e+00	6.360089033842086792e-02	7.814810425043106079e-02	1.000000000000000000e+00	1.580111533403396606e-01	1.057093590497970581e-01	9.477167129516601562e-01	4.300598055124282837e-02	2.806311845779418945e-01	4.697372391819953918e-02	1.821781881153583527e-02	8.433727622032165527e-01	2.646909058094024658e-01
3.900952339172363281e+00	9.682495594024658203e-01	2.335934201255440712e-03	1.000000000000000000e+00	9.287533909082412720e-02	1.638624668121337891e-01	1.956997215747833252e-01	2.973716892302036285e-02	2.393619716167449951e-01	8.840762078762054443e-02	2.277885377407073975e-02	4.766374230384826660e-01	6.039221882820129395e-01
3.947392225265502930e+00	7.750700414180755615e-02	2.164043718948960304e-03	1.000000000000000000e+00	1.333298683166503906e-01	1.154823899269104004e-01	4.171288013458251953e-02	5.651342496275901794e-02	2.242006659507751465e-01	1.542506553232669830e-02	8.118541240692138672e-01	6.646151542663574219e-01	4.251834154129028320e-01
3.993832111358642578e+00	1.000000000000000000e+00	3.958303015679121017e-03	9.566701054573059082e-01	9.414044208824634552e-03	1.654588244855403900e-02	2.391977310180664062e-01	9.854340460151433945e-04	2.256608903408050537e-01	3.017292544245719910e-02	3.655188484117388725e-03	7.668247818946838379e-02	6.976157310418784618e-04
4.040272235870361328e+00	3.270960450172424316e-01	1.801000982522964478e-01	3.765302002429962158e-01	7.365052103996276855e-01	1.831373125314712524e-01	3.054807186126708984e-01	6.391917169094085693e-02	1.092811226844787598e-01	7.318947315216064453e-01	4.451330602169036865e-01	1.000000000000000000e+00	6.413668990135192871e-01
4.086711883544921875e+00	3.225880563259124756e-01	3.445985913276672363e-01	6.720963120460510254e-02	9.819654375314712524e-02	4.124443233013153076e-01	1.167750358581542969e-01	3.861968517303466797e-01	5.706340074539184570e-02	6.703239679336547852e-01	1.550797224044799805e-01	3.865439891815185547e-01	1.000000000000000000e+00
4.133152008056640625e+00	8.353294432163238525e-02	2.178325206041336060e-01	3.197085559368133545e-01	2.292974665760993958e-02	2.855405509471893311e-01	1.215439103543758392e-02	2.562625147402286530e-02	3.163749277591705322e-01	7.581435441970825195e-01	5.344522371888160706e-02	2.880335040390491486e-02	1.000000000000000000e+00
4.179591655731201172e+00	3.274238854646682739e-02	6.757299602031707764e-02	5.287671461701393127e-03	2.312448769807815552e-01	2.321860939264297485e-01	8.722389489412307739e-02	4.863686487078666687e-02	5.675168707966804504e-02	1.854904294013977051e-01	2.881193719804286957e-02	5.847557187080383301e-01	1.000000000000000000e+00
4.226031780242919922e+00	4.645513370633125305e-02	4.304423630237579346e-01	1.824152539484202862e-03	1.366876903921365738e-02	2.549750506877899170e-01	8.809317834675312042e-03	8.999641984701156616e-02	1.144241243600845337e-01	8.022904992103576660e-01	3.834921866655349731e-02	3.861071541905403137e-02	1.000000000000000000e+00
4.272471427917480469e+00	4.490981996059417725e-02	9.681370854377746582e-02	1.261241883039474487e-01	1.224725972861051559e-02	2.695465087890625000e-01	2.822991646826267242e-02	7.592314481735229492e-01	6.925380229949951172e-02	2.838386595249176025e-01	1.796057820320129395e-01	6.133379414677619934e-02	1.000000000000000000e+00
4.318911552429199219e+00	8.947812765836715698e-02	2.376948744058609009e-01	3.229924142360687256e-01	6.576795130968093872e-02	8.573001623153686523e-01	2.145940437912940979e-02	2.666386365890502930e-01	1.235984861850738525e-01	1.000000000000000000e+00	1.782745867967605591e-01	2.839022278785705566e-01	1.657420545816421509e-01
4.365351676940917969e+00	9.448798298835754395e-01	2.638703882694244385e-01	3.138639330863952637e-01	3.089977800846099854e-02	1.385375410318374634e-01	1.914143711328506470e-01	5.444005131721496582e-02	6.910971999168395996e-01	1.000000000000000000e+00	3.361231833696365356e-02	9.828563034534454346e-02	1.152000799775123596e-01
4.411791324615478516e+00	7.803842425346374512e-02	3.367550075054168701e-01	9.960437417030334473e-01	2.662124112248420715e-02	2.863938808441162109e-01	3.103789985179901123e-01	6.058440357446670532e-02	3.961959779262542725e-01	1.000000000000000000e+00	2.177917361259460449e-01	1.970638185739517212e-01	2.068850100040435791e-01
4.458231449127197266e+00	8.998323976993560791e-02	2.533261179924011230e-01	4.709238931536674500e-02	7.399744987487792969e-01	7.292280197143554688e-01	8.343960344791412354e-02	4.272951930761337280e-02	2.966668307781219482e-01	1.000000000000000000e+00	1.357419937849044800e-01	2.766389027237892151e-02	8.869790434837341309e-01
4.504671096801757812e+00	5.273430049419403076e-02	2.388765811920166016e-01	1.542802751064300537e-01	1.545403432101011276e-02	1.000000000000000000e+00	4.103119298815727234e-02	1.322952508926391602e-01	3.189557045698165894e-02	9.589702486991882324e-01	7.451373338699340820e-01	4.562842473387718201e-02	4.841042309999465942e-02
4.551111221313476562e+00	2.366553097963333130e-01	3.485044538974761963e-01	2.410355396568775177e-02	1.008433923125267029e-01	3.439910113811492920e-01	7.431088387966156006e-02	9.150907397270202637e-02	1.444218158721923828e-01	1.000000000000000000e+00	1.109720245003700256e-01	1.559600532054901123e-01	6.077674403786659241e-02
4.597550868988037109e+00	2.727643549442291260e-01	8.807314932346343994e-02	1.041614040732383728e-01	4.182097315788269043e-01	8.651546239852905273e-01	1.752124875783920288e-01	6.845854222774505615e-02	1.000000000000000000e+00	9.660558402538299561e-02	3.824325799942016602e-01	4.391617327928543091e-02	8.866819739341735840e-02
4.643990993499755859e+00	2.508879303932189941e-01	1.704567074775695801e-01	1.272425055503845215e-02	2.578298449516296387e-01	2.557283937931060791e-01	2.902094423770904541e-01	2.640907764434814453e-01	1.000000000000000000e+00	6.830738484859466553e-02	8.677113801240921021e-02	6.029988825321197510e-02	7.762687802314758301e-01
4.690430641174316406e+00	4.429357051849365234e-01	7.651117444038391113e-01	8.097518086433410645e-01	1.925513893365859985e-01	4.084628224372863770e-01	1.865092217922210693e-01	4.047033786773681641e-01	1.000000000000000000e+00	1.317607760429382324e-01	1.649964302778244019e-01	6.084199547767639160e-01	6.784768402576446533e-02
4.736870765686035156e+00	2.613524496555328369e-01	3.661605715751647949e-02	6.431762576103210449e-01	2.382605820894241333e-01	3.339587152004241943e-01	9.765029698610305786e-02	6.780627369880676270e-02	1.000000000000000000e+00	2.568669803440570831e-02	8.489971607923507690e-02	8.359809517860412598e-01	2.563886111602187157e-03
4.783310890197753906e+00	2.788775265216827393e-01	2.088533937931060791e-01	3.033436462283134460e-02	3.234458565711975098e-01	7.645264863967895508e-01	4.319131746888160706e-02	4.353906586766242981e-02	1.000000000000000000e+00	6.622507423162460327e-02	2.643814384937286377e-01	1.913691498339176178e-02	2.396807372570037842e-01
4.829750537872314453e+00	5.028693079948425293e-01	5.443520843982696533e-02	5.363343954086303711e-01	9.323767423629760742e-01	5.691899731755256653e-02	1.638030856847763062e-01	3.671085536479949951e-01	1.000000000000000000e+00	3.618755638599395752e-01	8.373420685529708862e-02	2.529517412185668945e-01	1.376634985208511353e-01
4.876190662384033203e+00	2.787856459617614746e-01	4.907485842704772949e-02	6.699447333812713623e-02	5.481549501419067383e-01	8.350972533226013184e-01	2.060070633888244629e-01	3.009670786559581757e-02	1.000000000000000000e+00	2.629876136779785156e-01	2.690809369087219238e-01	3.719141483306884766e-01	1.118047609925270081e-01
4.922630310058593750e+00	2.293435484170913696e-01	7.779287546873092651e-02	5.457783862948417664e-02	1.951008588075637817e-01	9.513888508081436157e-02	1.253949105739593506e-01	1.713902503252029419e-02	1.000000000000000000e+00	3.833752870559692383e-02	3.319447860121726990e-02	2.521723136305809021e-02	3.620159626007080078e-01
4.969070434570312500e+00	4.428712725639343262e-01	9.993024468421936035e-01	1.894389651715755463e-02	2.299098819494247437e-01	1.659725159406661987e-01	7.848469913005828857e-02	4.443524479866027832e-01	1.000000000000000000e+00	4.478372633457183838e-02	1.285054534673690796e-01	6.820374131202697754e-01	7.155969738960266113e-02
5.015510082244873047e+00	2.855427563190460205e-01	1.053344830870628357e-01	7.731975913047790527e-01	2.246266752481460571e-01	2.862121164798736572e-01	1.883279830217361450e-01	2.374311387538909912e-01	1.000000000000000000e+00	2.909017913043498993e-02	1.030948311090469360e-01	8.300718665122985840e-01	4.578482732176780701e-02
5.061950206756591797e+00	2.654866874217987061e-01	1.769739687442779541e-01	7.575909495353698730e-01	2.660916149616241455e-01	8.215414285659790039e-01	4.211753234267234802e-02	3.605053946375846863e-02	1.000000000000000000e+00	6.791260838508605957e-01	2.406016439199447632e-01	9.133177995681762695e-02	3.779934346675872803e-01
5.108389854431152344e+00	3.985911011695861816e-01	2.535347267985343933e-02	4.724591225385665894e-02	2.321090698242187500e-01	9.833608865737915039e-01	8.185394853353500366e-02	1.164195761084556580e-01	1.000000000000000000e+00	1.301163733005523682e-01	2.577447891235351562e-01	1.663248986005783081e-01	7.301455736160278320e-02
5.154829978942871094e+00	1.691232621669769287e-01	3.192291259765625000e-01	2.297792211174964905e-02	7.412212342023849487e-02	5.787233710289001465e-01	3.296095132827758789e-02	7.879410684108734131e-02	6.439962387084960938e-01	1.000000000000000000e+00	1.272576153278350830e-01	1.393161118030548096e-01	9.952347278594970703e-01
5.201269626617431641e+00	3.699196875095367432e-02	2.335043549537658691e-01	4.376401305198669434e-01	6.474108900874853134e-03	1.621963232755661011e-01	4.409447312355041504e-02	4.798086732625961304e-02	1.298560351133346558e-01	1.000000000000000000e+00	2.111674845218658447e-02	5.263146758079528809e-02	4.394621029496192932e-02
5.247709751129150391e+00	8.300400525331497192e-02	2.487482130527496338e-01	9.984619021415710449e-01	1.506591029465198517e-02	2.553041875362396240e-01	1.792303659021854401e-02	3.087511472404003143e-02	3.922178149223327637e-01	1.000000000000000000e+00	4.154435172677040100e-02	1.055133864283561707e-01	2.846432328224182129e-01
5.294149875640869141e+00	1.075647696852684021e-01	3.129689693450927734e-01	5.887883305549621582e-01	5.028307437896728516e-02	9.636270999908447266e-01	4.713079705834388733e-02	7.745385169982910156e-02	1.699752956628799438e-01	1.000000000000000000e+00	5.949618220329284668e-01	8.838374912738800049e-02	6.212210059165954590e-01
5.340589523315429688e+00	1.003492847084999084e-01	2.623993158340454102e-01	9.813656210899353027e-01	1.211709529161453247e-02	6.109408736228942871e-01	7.607406377792358398e-02	6.086141988635063171e-02	2.827655375003814697e-01	1.000000000000000000e+00	3.294668197631835938e-01	9.362791478633880615e-02	4.043557867407798767e-02
5.387029647827148438e+00	4.556544870138168335e-02	2.281432002782821655e-01	3.535846190061420202e-04	7.609190940856933594e-01	4.467632621526718140e-02	1.042132154107093811e-01	9.674444049596786499e-02	7.766377180814743042e-02	1.000000000000000000e+00	5.270566325634717941e-03	6.080727279186248779e-02	2.298045204952359200e-03
5.433469295501708984e+00	2.721004486083984375e-01	2.232973724603652954e-01	6.997968554496765137e-01	6.091616302728652954e-02	8.996554017066955566e-01	1.000000000000000000e+00	8.267200738191604614e-02	2.253848314285278320e-01	7.758817076683044434e-02	8.757774233818054199e-01	3.167730271816253662e-01	5.565172433853149414e-02
5.479909420013427734e+00	8.670097589492797852e-02	4.303910136222839355e-01	1.794015057384967804e-02	5.914631485939025879e-02	2.472903728485107422e-01	1.000000000000000000e+00	1.859677731990814209e-01	4.959160089492797852e-02	6.358437240123748779e-02	7.772720605134963989e-02	2.351564019918441772e-01	2.628844678401947021e-01
5.526349067687988281e+00	2.679507434368133545e-02	2.215685248374938965e-01	8.478442206978797913e-03	1.000000000000000000e+00	7.331920415163040161e-02	9.965161681175231934e-01	3.336872532963752747e-02	4.281826317310333252e-02	3.574612438678741455e-01	1.930638216435909271e-02	3.195781409740447998e-01	5.730061233043670654e-02
5.572789192199707031e+00	2.687016129493713379e-01	8.226308226585388184e-02	1.456667184829711914e-01	2.867233380675315857e-02	9.565854668617248535e-01	1.000000000000000000e+00	3.927481174468994141e-02	5.751443654298782349e-02	1.569404155015945435e-01	2.149998992681503296e-01	2.404733300209045410e-01	9.681517258286476135e-03
5.619228839874267578e+00	7.021546363830566406e-02	1.832925975322723389e-01	2.881303243339061737e-02	8.279865235090255737e-02	1.000000000000000000e+00	9.982954859733581543e-01	6.596268713474273682e-02	4.104318469762802124e-02	1.096885800361633301e-01	2.375034540891647339e-01	2.330185920000076294e-01	2.459735423326492310e-02
5.665668964385986328e+00	1.747705340385437012e-01	1.044695004820823669e-01	3.180173635482788086e-01	6.717324256896972656e-02	7.846137881278991699e-01	1.000000000000000000e+00	1.032827794551849365e-01	3.654022216796875000e-01	1.361378878355026245e-01	4.059963524341583252e-01	4.301469922065734863e-01	9.912250563502311707e-03
5.712108612060546875e+00	2.546132504940032959e-01	3.620601445436477661e-02	5.359673500061035156e-02	1.346550285816192627e-01	1.652410030364990234e-01	7.592553645372390747e-02	9.532063603401184082e-01	1.000000000000000000e+00	4.183084145188331604e-02	4.422384873032569885e-02	2.265123650431632996e-02	8.462029695510864258e-01
5.758548736572265625e+00	3.527958989143371582e-01	1.387280672788619995e-01	6.842148303985595703e-01	2.230367958545684814e-01	3.773843944072723389e-01	7.129136472940444946e-02	9.455774724483489990e-02	1.000000000000000000e+00	1.326464861631393433e-01	9.994664043188095093e-02	8.472373485565185547e-01	1.393192410469055176e-01
5.804988861083984375e+00	3.015135824680328369e-01	6.891715340316295624e-03	8.080883026123046875e-01	1.354327797889709473e-01	6.552882790565490723e-01	1.118512824177742004e-01	8.319108933210372925e-02	1.000000000000000000e+00	1.631363853812217712e-02	1.669882386922836304e-01	3.026392161846160889e-01	2.491317316889762878e-02
5.851428508758544922e+00	5.594369173049926758e-01	8.692391216754913330e-02	2.240390889346599579e-02	1.348569244146347046e-01	3.255178034305572510e-01	2.872119247913360596e-01	3.474268689751625061e-02	1.000000000000000000e+00	5.342885479331016541e-02	8.427052944898605347e-02	5.703961476683616638e-02	3.277629315853118896e-01
5.897868633270263672e+00	3.101946115493774414e-01	7.920727729797363281e-01	3.747404813766479492e-01	2.616900801658630371e-01	4.503940343856811523e-01	8.772648870944976807e-02	5.042276978492736816e-01	1.000000000000000000e+00	4.971509799361228943e-02	7.492511868476867676e-01	1.340288966894149780e-01	3.567772805690765381e-01
5.944308280944824219e+00	2.076111882925033569e-01	3.378855809569358826e-02	1.219435967504978180e-02	1.000000000000000000e+00	8.449919521808624268e-03	5.410013347864151001e-02	1.996171660721302032e-02	8.980699777603149414e-01	2.321720868349075317e-01	2.626915834844112396e-02	1.390727143734693527e-02	4.530445486307144165e-02
5.990748405456542969e+00	1.541333198547363281e-01	3.557632118463516235e-02	4.790876526385545731e-03	1.000000000000000000e+00	4.449196567293256521e-04	8.439037948846817017e-02	1.987192779779434204e-03	6.626282930374145508e-01	2.212033271789550781e-01	1.688729412853717804e-02	1.792352646589279175e-02	5.644909292459487915e-02
6.037188053131103516e+00	1.236008703708648682e-01	3.874004632234573364e-02	1.192745636217296124e-03	1.000000000000000000e+00	3.896996495313942432e-04	5.129696428775787354e-02	3.595351940020918846e-03	5.320495367050170898e-01	2.249707877635955811e-01	1.414910331368446350e-02	7.741119712591171265e-03	5.678167566657066345e-02
6.083628177642822266e+00	5.290840193629264832e-02	4.381180182099342346e-02	1.085092662833631039e-03	1.000000000000000000e+00	5.388874560594558716e-04	5.526456236839294434e-02	3.896108129993081093e-03	2.284212261438369751e-01	2.284143269062042236e-01	7.517553400248289108e-03	1.509730704128742218e-02	5.631855875253677368e-02
6.130067825317382812e+00	5.164486914873123169e-02	4.434070736169815063e-02	2.762038493528962135e-03	1.000000000000000000e+00	2.716384187806397676e-04	7.656919211149215698e-02	4.474436864256858826e-03	2.163431495428085327e-01	2.264004647731781006e-01	4.652616567909717560e-03	2.996245212852954865e-02	5.712503939867019653e-02
6.176507949829101562e+00	2.121122367680072784e-02	4.106379672884941101e-02	8.224071934819221497e-04	1.000000000000000000e+00	7.224631845019757748e-04	5.954938009381294250e-02	5.809209775179624557e-03	8.799806237220764160e-02	2.361820042133331299e-01	2.712771063670516014e-03	3.711286187171936035e-02	5.753262713551521301e-02
6.222948074340820312e+00	7.656940072774887085e-02	6.414038687944412231e-02	6.026549339294433594e-01	1.000000000000000000e+00	1.970333419740200043e-02	2.046317756175994873e-01	9.016358852386474609e-02	3.198979794979095459e-01	2.397707849740982056e-01	4.586824402213096619e-02	1.213285773992538452e-01	8.261212706565856934e-02
6.269387722015380859e+00	4.775088652968406677e-02	5.397436674684286118e-03	1.000000000000000000e+00	4.307109490036964417e-02	2.003654092550277710e-02	1.499696914106607437e-02	3.008202835917472839e-02	2.554027736186981201e-01	2.171287685632705688e-02	1.510530523955821991e-02	5.793613940477371216e-02	9.796769358217716217e-03
6.315827846527099609e+00	4.709472507238388062e-02	3.149900352582335472e-03	1.000000000000000000e+00	5.300434306263923645e-02	1.959360763430595398e-02	1.610505022108554840e-02	2.500293031334877014e-02	2.415056973695755005e-01	1.589663885533809662e-02	6.524564232677221298e-03	5.394481867551803589e-02	8.548468351364135742e-03
6.362267494201660156e+00	4.887846112251281738e-02	2.560906112194061279e-03	1.000000000000000000e+00	3.455610200762748718e-02	1.912940293550491333e-02	2.162424288690090179e-02	3.216161206364631653e-02	2.422515153884887695e-01	1.094406563788652420e-02	4.007664043456315994e-03	5.297278612852096558e-02	9.520910680294036865e-03
6.408707618713378906e+00	4.773190617561340332e-02	2.394758164882659912e-03	1.000000000000000000e+00	2.576498501002788544e-02	2.115761116147041321e-02	1.711715012788772583e-02	4.101696237921714783e-02	2.347034215927124023e-01	1.005616970360279083e-02	7.771495729684829712e-03	5.331555753946304321e-02	1.126804854720830917e-02
6.455147266387939453e+00	5.469651892781257629e-02	2.310322364792227745e-03	1.000000000000000000e+00	1.055079419165849686e-02	2.267957851290702820e-02	3.231315687298774719e-02	4.151213541626930237e-02	2.637266218662261963e-01	4.563303198665380478e-03	1.956064440310001373e-02	6.397710740566253662e-02	1.169486343860626221e-02
6.501587390899658203e+00	2.160512655973434448e-01	3.064376651309430599e-04	8.166017532348632812e-01	4.033222049474716187e-02	2.534820325672626495e-02	2.498462609946727753e-02	1.923799747601151466e-03	1.000000000000000000e+00	8.710172842256724834e-04	1.489744614809751511e-02	4.813051596283912659e-02	2.523994306102395058e-03
6.548027038574218750e+00	2.107151448726654053e-01	3.855254326481372118e-04	8.093953728675842285e-01	4.474934190511703491e-02	1.487280335277318954e-02	2.417565137147903442e-02	5.149042117409408092e-04	1.000000000000000000e+00	6.678047939203679562e-04	2.302410826086997986e-02	3.877459838986396790e-02	3.031309926882386208e-03
6.594467163085937500e+00	2.126253992319107056e-01	1.320642512291669846e-02	8.136042952537536621e-01	1.475069224834442139e-01	2.335023693740367889e-02	3.589911386370658875e-02	3.163678105920553207e-03	1.000000000000000000e+00	2.462177723646163940e-02	2.123769745230674744e-02	4.860508441925048828e-02	1.185374800115823746e-02
6.640906810760498047e+00	9.927495568990707397e-02	6.492330878973007202e-02	9.998659491539001465e-01	5.483637005090713501e-02	1.953319087624549866e-02	1.000000000000000000e+00	3.805361455306410789e-03	5.295531749725341797e-01	2.279202081263065338e-02	9.677060879766941071e-03	2.814932167530059814e-01	1.276788418181240559e-03
6.687346935272216797e+00	5.148652940988540649e-02	7.537063211202621460e-02	9.954594969749450684e-01	2.115744352340698242e-01	3.245450556278228760e-02	1.000000000000000000e+00	2.600552048534154892e-03	3.587650656700134277e-01	4.145372658967971802e-02	2.451258525252342224e-02	2.780709862709045410e-01	1.480414811521768570e-02
6.733787059783935547e+00	1.671930402517318726e-02	2.599488198757171631e-01	1.049986761063337326e-02	9.907200932502746582e-01	2.331770583987236023e-02	1.000000000000000000e+00	4.383330792188644409e-02	9.357812255620956421e-02	2.131284177303314209e-01	1.646090485155582428e-02	2.345810085535049438e-01	1.239275559782981873e-01
6.780226707458496094e+00	1.334540266543626785e-02	8.119791746139526367e-02	4.529845435172319412e-03	1.000000000000000000e+00	9.953989647328853607e-04	9.208501577377319336e-01	8.569162455387413502e-04	7.775865495204925537e-02	2.259780615568161011e-01	4.332107491791248322e-03	2.083638906478881836e-01	5.588785186409950256e-02
6.826666831970214844e+00	3.398605063557624817e-02	6.671252846717834473e-02	4.519560839980840683e-03	1.000000000000000000e+00	2.514437772333621979e-03	6.675326228141784668e-01	2.198182977735996246e-03	1.541408449411392212e-01	2.224900722503662109e-01	7.096059620380401611e-03	1.531679779291152954e-01	5.803608894348144531e-02
6.873106479644775391e+00	3.460843861103057861e-02	8.119795471429824829e-02	3.642149642109870911e-02	1.000000000000000000e+00	2.232852391898632050e-03	5.564107894897460938e-01	1.045698579400777817e-02	1.636414527893066406e-01	2.265784889459609985e-01	8.095682598650455475e-03	1.271804124116897583e-01	5.716533958911895752e-02
6.919546604156494141e+00	6.563842296600341797e-02	2.263589389622211456e-02	1.000000000000000000e+00	3.742434084415435791e-01	2.287563122808933258e-02	1.082927510142326355e-01	4.490404948592185974e-02	3.296135067939758301e-01	8.852975070476531982e-02	2.718326821923255920e-02	8.354225009679794312e-02	3.123170882463455200e-02
6.965986251831054688e+00	4.888472706079483032e-02	1.297307293862104416e-02	1.000000000000000000e+00	2.827907204627990723e-01	2.282828465104103088e-02	5.499091744422912598e-02	2.303276769816875458e-02	2.571888566017150879e-01	6.705458462238311768e-02	1.007853262126445770e-02	6.337546557188034058e-02	2.095724642276763916e-02
7.012426376342773438e+00	2.626717090606689453e-01	3.914038464426994324e-02	1.000000000000000000e+00	8.603645861148834229e-02	9.808400273323059082e-02	1.081350073218345642e-01	3.377698734402656555e-02	5.374973416328430176e-01	2.513659000396728516e-02	3.331190347671508789e-02	7.771925628185272217e-02	1.405158936977386475e-01
7.058866024017333984e+00	1.000000000000000000e+00	9.108938276767730713e-03	5.384787321090698242e-01	5.252857506275177002e-02	1.295590102672576904e-01	2.910780310630798340e-01	1.078468095511198044e-02	7.100306749343872070e-01	5.424213409423828125e-02	4.505691304802894592e-02	9.673780947923660278e-02	1.947052031755447388e-02
7.105306148529052734e+00	1.000000000000000000e+00	3.148780204355716705e-03	2.518827617168426514e-01	9.346773475408554077e-02	1.530195623636245728e-01	2.327551394701004028e-01	8.574741892516613007e-03	6.928699016571044922e-01	6.039954721927642822e-02	4.959337785840034485e-02	6.733375042676925659e-02	4.489381797611713409e-03
7.151745796203613281e+00	1.000000000000000000e+00	1.544277276843786240e-02	1.297879517078399658e-01	1.409303545951843262e-01	1.798405200242996216e-01	2.805503010749816895e-01	2.599922120571136475e-01	6.002461314201354980e-01	8.759488165378570557e-02	5.957497283816337585e-02	1.253859549760818481e-01	1.578976958990097046e-01
7.198185920715332031e+00	4.403669536113739014e-01	7.332146912813186646e-02	1.284638345241546631e-01	1.450829654932022095e-01	2.270355075597763062e-01	1.284791678190231323e-01	6.126286387443542480e-01	2.111853063106536865e-01	8.544379472732543945e-02	5.140173435211181641e-02	4.582315683364868164e-02	1.000000000000000000e+00
7.244626045227050781e+00	3.046715818345546722e-02	6.233502179384231567e-02	6.333336979150772095e-02	1.277838796377182007e-01	2.172589898109436035e-01	2.191825024783611298e-02	6.675292253494262695e-01	9.796542674303054810e-02	5.405170470476150513e-02	4.397871345281600952e-02	4.800925031304359436e-03	1.000000000000000000e+00
7.291065692901611328e+00	2.453407198190689087e-01	6.045523285865783691e-02	4.156161099672317505e-02	1.177362948656082153e-01	3.255003094673156738e-01	8.160647004842758179e-02	5.123096108436584473e-01	3.486916124820709229e-01	4.534497112035751343e-02	7.207457721233367920e-02	2.421101368963718414e-02	1.000000000000000000e+00
7.337505817413330078e+00	1.000000000000000000e+00	1.200409699231386185e-02	6.142416223883628845e-02	7.537050545215606689e-02	2.353308051824569702e-01	2.156721651554107666e-01	1.239485442638397217e-01	6.392239332199096680e-01	6.325325369834899902e-02	6.593791395425796509e-02	5.713971704244613647e-02	3.702676594257354736e-01
7.383945465087890625e+00	1.000000000000000000e+00	3.849055385217070580e-03	5.953636392951011658e-02	5.913107842206954956e-02	1.774314939975738525e-01	2.167556583881378174e-01	2.641107141971588135e-02	6.560276746749877930e-01	5.399478599429130554e-02	5.712670832872390747e-02	5.595380812883377075e-02	2.437217719852924347e-02
7.430385589599609375e+00	1.000000000000000000e+00	2.027639187872409821e-03	5.824620649218559265e-02	5.103550478816032410e-02	2.115170359611511230e-01	2.145665884017944336e-01	2.019365318119525909e-02	5.691075921058654785e-01	5.311812460422515869e-02	6.337401270866394043e-02	6.820680201053619385e-02	1.805343851447105408e-02
7.476825237274169922e+00	1.000000000000000000e+00	2.265159972012042999e-03	5.797831341624259949e-02	4.717609286308288574e-02	2.840794324874877930e-01	2.278765887022018433e-01	2.519143559038639069e-02	5.366172790527343750e-01	5.114382505416870117e-02	7.858914881944656372e-02	7.638444006443023682e-02	2.152569033205509186e-02
7.523265361785888672e+00	1.000000000000000000e+00	1.961375353857874870e-03	6.702428311109542847e-02	5.610838904976844788e-02	3.471174240112304688e-01	2.230478823184967041e-01	2.475190348923206329e-02	5.364964008331298828e-01	5.395424365997314453e-02	9.263218939304351807e-02	1.099878773093223572e-01	3.056446462869644165e-02
7.569705009460449219e+00	1.000000000000000000e+00	2.888971706852316856e-03	6.799963116645812988e-02	4.817159473896026611e-02	3.183075785636901855e-01	2.512049973011016846e-01	3.895522281527519226e-02	4.018398821353912354e-01	5.487875640392303467e-02	8.415876328945159912e-02	1.283773928880691528e-01	2.348939515650272369e-02
7.616145133972167969e+00	1.000000000000000000e+00	2.657022327184677124e-03	5.813655257225036621e-02	3.778641298413276672e-02	2.148894965648651123e-01	2.406966388225555420e-01	7.094590365886688232e-02	2.838821113109588623e-01	5.765364319086074829e-02	5.620855838060379028e-02	1.118942946195602417e-01	3.023876994848251343e-02
7.662585258483886719e+00	1.000000000000000000e+00	1.323942793533205986e-03	5.407086014747619629e-02	2.851922810077667236e-02	1.322226375341415405e-01	2.250833511352539062e-01	1.757718808948993683e-02	1.861085742712020874e-01	5.804957449436187744e-02	3.442976623773574829e-02	8.616152405738830566e-02	2.648296952247619629e-02
7.709024906158447266e+00	1.000000000000000000e+00	9.890086948871612549e-04	5.089682340621948242e-02	2.421368286013603210e-02	1.403671950101852417e-01	2.278187870979309082e-01	1.429582573473453522e-02	1.491397172212600708e-01	5.765199661254882812e-02	3.558515384793281555e-02	7.822465896606445312e-02	1.356206182390451431e-02
7.755465030670166016e+00	1.000000000000000000e+00	8.872506441548466682e-04	3.884075582027435303e-02	2.212068811058998108e-02	1.266685277223587036e-01	2.277903258800506592e-01	1.282781735062599182e-02	8.542332053184509277e-02	5.889414250850677490e-02	3.023007325828075409e-02	6.887644529342651367e-02	1.547377370297908783e-02
7.801904678344726562e+00	1.000000000000000000e+00	1.213085255585610867e-03	3.400374203920364380e-02	2.214552834630012512e-02	1.195270195603370667e-01	2.327908426523208618e-01	1.039212942123413086e-02	8.451457321643829346e-02	5.740669369697570801e-02	2.898601815104484558e-02	6.923321634531021118e-02	5.335222464054822922e-03
7.848344802856445312e+00	1.000000000000000000e+00	9.571531554684042931e-04	3.308207169175148010e-02	1.713046990334987640e-02	7.870224863290786743e-02	2.349568754434585571e-01	1.529318746179342270e-02	8.682826906442642212e-02	5.703388527035713196e-02	1.959929987788200378e-02	6.996777653694152832e-02	8.362255990505218506e-03
7.894784450531005859e+00	1.000000000000000000e+00	6.899001309648156166e-04	3.158819675445556641e-02	1.561438851058483124e-02	3.335679322481155396e-02	2.323318421840667725e-01	9.910983033478260040e-03	9.780915826559066772e-02	5.631724745035171509e-02	9.861409664154052734e-03	6.221227720379829407e-02	4.615639336407184601e-03
7.941224575042724609e+00	1.000000000000000000e+00	5.225849454291164875e-04	3.157282620668411255e-02	1.539595518261194229e-02	1.741346158087253571e-02	2.297220677137374878e-01	6.672578398138284683e-03	9.697861224412918091e-02	5.702222138643264771e-02	6.141359917819499969e-03	5.327993631362915039e-02	2.505044220015406609e-03
7.987664222717285156e+00	1.000000000000000000e+00	3.727441944647580385e-04	3.070223517715930939e-02	7.818042300641536713e-03	1.945636793971061707e-02	2.329342961311340332e-01	1.076650433242321014e-02	9.858311712741851807e-02	5.240917950868606567e-02	7.069668266922235489e-03	3.568077087402343750e-02	3.319644369184970856e-03
8.034104347229003906e+00	1.000000000000000000e+00	8.045083959586918354e-04	3.138484433293342590e-02	5.568270105868577957e-03	3.718414530158042908e-02	2.334459275007247925e-01	7.917924784123897552e-03	6.580644845962524414e-02	5.182914063334465027e-02	1.019117236137390137e-02	3.662694990634918213e-02	3.161850152537226677e-03
8.080544471740722656e+00	1.000000000000000000e+00	3.595333546400070190e-03	4.684044420719146729e-02	3.478635475039482117e-02	2.573429793119430542e-02	2.424601465463638306e-01	5.920080468058586121e-03	5.373968482017517090e-01	5.674632266163825989e-02	1.082020346075296402e-02	1.080544218420982361e-01	2.286791801452636719e-02
8.126984596252441406e+00	1.000000000000000000e+00	1.413520332425832748e-02	3.603829070925712585e-02	8.955629169940948486e-02	2.172914594411849976e-01	2.163252234458923340e-01	1.053286790847778320e-01	9.119263887405395508e-01	5.108907073736190796e-02	1.056355163455009460e-01	9.181426465511322021e-02	2.641957439482212067e-02
8.173423767089843750e+00	1.000000000000000000e+00	1.226291898638010025e-02	4.759817942976951599e-02	1.830202788114547729e-01	1.561653241515159607e-02	2.348972409963607788e-01	1.557752111693844199e-04	9.913762211799621582e-01	7.048914581537246704e-02	2.470984682440757751e-02	2.799391560256481171e-02	8.632946014404296875e-02
8.219863891601562500e+00	1.000000000000000000e+00	1.538289338350296021e-01	8.858200907707214355e-02	7.783040404319763184e-02	1.794346421957015991e-01	2.110790759325027466e-01	4.291194677352905273e-02	8.353437781333923340e-01	4.841847345232963562e-02	6.687762588262557983e-02	1.036174893379211426e-01	1.709915101528167725e-01
8.266304016113281250e+00	1.000000000000000000e+00	1.539696566760540009e-02	3.041736185550689697e-01	2.144351452589035034e-01	6.339284032583236694e-02	2.467067092657089233e-01	1.208814047276973724e-02	8.891632556915283203e-01	8.226118981838226318e-02	4.688192531466484070e-02	2.959320247173309326e-01	2.365639954805374146e-01
8.312744140625000000e+00	9.966818690299987793e-01	1.904878020286560059e-01	5.594633221626281738e-01	5.781759023666381836e-01	1.219935268163681030e-01	2.256401777267456055e-01	4.614235833287239075e-02	1.000000000000000000e+00	3.681961297988891602e-01	8.233828842639923096e-02	6.990570574998855591e-02	3.827680051326751709e-01
8.359183311462402344e+00	2.998263537883758545e-01	7.750418782234191895e-02	3.507825434207916260e-01	9.717122316360473633e-01	2.896425127983093262e-02	7.779791951179504395e-02	9.821376204490661621e-02	1.000000000000000000e+00	4.330090284347534180e-01	5.245774611830711365e-02	1.524340659379959106e-01	8.194565027952194214e-02
8.405623435974121094e+00	2.703996598720550537e-01	2.657075226306915283e-01	5.622671172022819519e-02	5.860190093517303467e-02	1.974210441112518311e-01	3.572658449411392212e-02	5.161011219024658203e-02	1.000000000000000000e+00	9.669644236564636230e-01	6.208034977316856384e-02	4.973478242754936218e-02	6.999034434556961060e-02
8.452063560485839844e+00	7.922786474227905273e-01	2.308017760515213013e-01	5.601113438606262207e-01	2.532047629356384277e-01	2.042502164840698242e-01	4.354536533355712891e-01	3.699633851647377014e-02	1.523802876472473145e-01	1.000000000000000000e+00	2.970374524593353271e-01	1.221359968185424805e-01	5.723180770874023438e-01
8.498503684997558594e+00	8.300788402557373047e-01	2.800054848194122314e-01	9.553025960922241211e-01	7.310015708208084106e-02	3.666589260101318359e-01	2.246955037117004395e-01	2.975652739405632019e-02	7.014293670654296875e-01	1.000000000000000000e+00	6.875915825366973877e-02	6.133382394909858704e-02	8.201389312744140625e-01
8.544942855834960938e+00	8.560511469841003418e-01	3.166167736053466797e-01	1.541358828544616699e-01	1.299378089606761932e-02	3.593764007091522217e-01	3.416445851325988770e-01	6.114699691534042358e-02	5.929318070411682129e-02	1.000000000000000000e+00	5.607617273926734924e-02	9.574615955352783203e-02	3.836118578910827637e-01
8.591382980346679688e+00	8.938325643539428711e-01	2.426287382841110229e-01	5.854550004005432129e-01	9.055249392986297607e-03	4.567359983921051025e-01	2.561854422092437744e-01	4.384975880384445190e-02	1.914861202239990234e-01	1.000000000000000000e+00	7.906012982130050659e-02	1.078494861721992493e-01	3.150968253612518311e-01
8.637823104858398438e+00	6.624350547790527344e-01	2.371956706047058105e-01	1.572819612920284271e-02	2.951924204826354980e-01	1.060566231608390808e-01	2.987983226776123047e-01	3.976045921444892883e-02	1.859455741941928864e-02	1.000000000000000000e+00	5.529039073735475540e-03	5.506513714790344238e-01	2.079354673624038696e-01
8.684263229370117188e+00	6.855337619781494141e-01	2.282928079366683960e-01	1.049366965889930725e-01	8.332764357328414917e-02	4.006660282611846924e-01	2.001178711652755737e-01	3.565016686916351318e-01	6.283759325742721558e-02	8.882911801338195801e-01	1.137396842241287231e-01	3.488838970661163330e-01	1.000000000000000000e+00
8.730703353881835938e+00	6.614436507225036621e-01	2.075896710157394409e-01	7.360516190528869629e-01	5.697238445281982422e-02	2.907881736755371094e-01	1.321749836206436157e-01	2.072167396545410156e-02	7.930721044540405273e-01	6.719436645507812500e-01	7.811708748340606689e-02	8.064091205596923828e-02	1.000000000000000000e+00
8.777142524719238281e+00	1.058889627456665039e-01	6.859358400106430054e-02	1.535782590508460999e-02	7.532806694507598877e-02	2.789784669876098633e-01	2.663821876049041748e-01	3.607703000307083130e-02	7.741791009902954102e-02	1.110673993825912476e-01	4.852773621678352356e-02	1.736617088317871094e-01	1.000000000000000000e+00
8.823582649230957031e+00	2.245038300752639771e-01	3.657990097999572754e-01	8.809098042547702789e-03	1.968300156295299530e-02	3.014790713787078857e-01	5.065226554870605469e-02	6.307747215032577515e-02	1.043138727545738220e-01	9.450783133506774902e-01	4.540253803133964539e-02	5.638413131237030029e-02	1.000000000000000000e+00
8.870022773742675781e+00	4.105335772037506104e-01	1.037866994738578796e-01	1.169396340847015381e-01	4.379190970212221146e-03	2.499143928289413452e-01	1.109805852174758911e-01	7.464378476142883301e-01	6.158662587404251099e-02	3.344362080097198486e-01	1.181046292185783386e-01	3.882740437984466553e-02	1.000000000000000000e+00
8.916462898254394531e+00	9.107411503791809082e-01	1.874785721302032471e-01	3.085886538028717041e-01	1.108495593070983887e-01	1.456609815359115601e-01	2.674423158168792725e-01	1.696484833955764771e-01	1.100316569209098816e-01	1.096952930092811584e-01	1.000000000000000000e+00	1.596005707979202271e-01	5.753226280212402344e-01
8.962902069091796875e+00	1.000000000000000000e+00	7.889426946640014648e-01	1.741797178983688354e-01	6.443326175212860107e-02	1.738284826278686523e-01	2.555152475833892822e-01	2.181620150804519653e-01	2.344906926155090332e-01	5.354260653257369995e-02	6.993647217750549316e-01	1.106740906834602356e-01	2.865001261234283447e-01
9.009342193603515625e+00	1.000000000000000000e+00	1.350495219230651855e-01	6.735579371452331543e-01	3.880036771297454834e-01	1.434876620769500732e-01	2.076596319675445557e-01	4.800135269761085510e-02	7.540055513381958008e-01	6.455429792404174805e-01	1.420017033815383911e-01	9.020431339740753174e-02	3.728608191013336182e-01
9.055782318115234375e+00	1.000000000000000000e+00	3.919297456741333008e-02	2.207305431365966797e-01	5.541061162948608398e-01	5.217462033033370972e-02	2.776159346103668213e-01	1.087350025773048401e-01	2.581585384905338287e-02	3.113401532173156738e-01	7.203955650329589844e-01	7.031189799308776855e-01	6.374599784612655640e-02
9.102222442626953125e+00	1.000000000000000000e+00	1.300780922174453735e-01	2.923576831817626953e-01	1.822765450924634933e-03	1.821355819702148438e-01	2.514698505401611328e-01	6.809938699007034302e-02	6.699328869581222534e-02	5.749539658427238464e-02	9.162526130676269531e-01	4.993593692779541016e-02	1.912213116884231567e-01
9.148662567138671875e+00	1.000000000000000000e+00	1.785743981599807739e-01	7.416900992393493652e-02	1.237810254096984863e-01	7.812241464853286743e-02	3.094082176685333252e-01	5.446256697177886963e-02	3.088493458926677704e-02	7.580157518386840820e-01	3.383528813719749451e-02	5.117002129554748535e-01	1.732205003499984741e-01
9.195101737976074219e+00	1.000000000000000000e+00	7.122227549552917480e-02	1.235322356224060059e-01	1.749185174703598022e-01	1.174885481595993042e-01	2.289457768201828003e-01	3.966804444789886475e-01	1.619284041225910187e-02	9.775223582983016968e-02	1.364706456661224365e-01	7.553388476371765137e-01	1.094565466046333313e-01
9.241541862487792969e+00	1.000000000000000000e+00	1.485051363706588745e-01	9.567390382289886475e-02	7.862190902233123779e-02	3.943548724055290222e-02	2.367160022258758545e-01	4.559405520558357239e-02	1.903629861772060394e-02	5.251858234405517578e-01	6.360139232128858566e-03	8.520703017711639404e-02	3.071733377873897552e-02
9.287981986999511719e+00	1.000000000000000000e+00	9.909958578646183014e-03	2.052288204431533813e-01	1.925273835659027100e-01	1.448871791362762451e-01	2.544196546077728271e-01	3.234576061367988586e-02	3.941985964775085449e-02	1.031858697533607483e-01	6.718953847885131836e-01	2.208092212677001953e-01	4.317267537117004395e-01
9.334422111511230469e+00	1.000000000000000000e+00	9.981971979141235352e-01	6.356061249971389771e-02	5.324241146445274353e-02	2.468650192022323608e-01	2.369490712881088257e-01	2.147421836853027344e-01	2.045704610645771027e-02	2.646940946578979492e-01	2.022878974676132202e-01	3.535681962966918945e-02	6.362736225128173828e-01
9.380861282348632812e+00	1.000000000000000000e+00	1.392691745422780514e-03	8.139013499021530151e-02	2.927581779658794403e-03	1.004623621702194214e-02	2.455581724643707275e-01	1.166241057217121124e-02	1.224282570183277130e-02	5.823646485805511475e-02	2.204866409301757812e-01	3.041607141494750977e-02	2.535588480532169342e-02
9.427301406860351562e+00	1.000000000000000000e+00	7.518407106399536133e-01	1.455643624067306519e-01	4.134870134294033051e-03	5.236666649580001831e-02	2.666273117065429688e-01	2.155494689941406250e-01	3.925466537475585938e-02	6.170487999916076660e-01	6.432158406823873520e-03	4.940730333328247070e-02	1.160470992326736450e-01
9.473741531372070312e+00	1.000000000000000000e+00	2.212693244218826294e-01	4.911771714687347412e-01	2.628961391746997833e-02	2.178582400083541870e-01	2.866549789905548096e-01	1.032368019223213196e-01	9.401773661375045776e-02	1.242974847555160522e-01	9.824943542480468750e-01	7.485128194093704224e-02	8.212793618440628052e-02
9.520181655883789062e+00	1.000000000000000000e+00	2.130791693925857544e-01	1.936020106077194214e-01	1.060978844761848450e-01	4.714055955410003662e-01	2.095174640417098999e-01	1.364490389823913574e-01	3.777380287647247314e-02	7.215834856033325195e-01	5.467779636383056641e-01	4.469717442989349365e-01	1.391243934631347656e-01
9.566621780395507812e+00	1.000000000000000000e+00	6.284295320510864258e-01	2.011064887046813965e-01	4.760667681694030762e-01	3.365435302257537842e-01	2.351038902997970581e-01	2.737463712692260742e-01	6.941737979650497437e-02	8.728398084640502930e-01	1.765856295824050903e-01	1.623893678188323975e-01	5.446802973747253418e-01
9.613060951232910156e+00	1.000000000000000000e+00	1.087278500199317932e-02	1.193942874670028687e-01	1.318333595991134644e-01	6.902544200420379639e-02	2.371013462543487549e-01	1.433640066534280777e-02	2.234322577714920044e-02	1.063999682664871216e-01	3.897550404071807861e-01	1.267372518777847290e-01	7.577605545520782471e-03
9.659501075744628906e+00	1.000000000000000000e+00	4.562411606311798096e-01	2.104585915803909302e-01	2.500018477439880371e-01	1.433999240398406982e-01	2.540026009082794189e-01	1.155255287885665894e-01	1.057386770844459534e-01	1.060906276106834412e-01	5.677453279495239258e-01	2.642906308174133301e-01	5.308803915977478027e-01
9.705941200256347656e+00	1.000000000000000000e+00	9.143991023302078247e-02	1.696714609861373901e-01	2.538906633853912354e-01	2.279902994632720947e-01	2.236002385616302490e-01	3.182810842990875244e-01	7.111797481775283813e-02	1.090714931488037109e-01	5.620468035340309143e-02	5.937843322753906250e-01	1.033304929733276367e-01
9.752381324768066406e+00	1.000000000000000000e+00	8.009437918663024902e-01	2.246479988098144531e-01	1.919564157724380493e-01	9.124665260314941406e-01	2.119671404361724854e-01	2.870607078075408936e-01	4.955291375517845154e-02	1.234719157218933105e-01	8.418526649475097656e-01	8.050795793533325195e-01	3.543367236852645874e-02
