0.000000000000000000e+00	8.813771009445190430e-01	2.940821945667266846e-01	9.819779396057128906e-01	1.000000000000000000e+00	5.548263788223266602e-01	5.578578710556030273e-01	7.721210271120071411e-02	2.619017064571380615e-01	2.673560082912445068e-01	4.187883138656616211e-01	1.372421085834503174e-01	6.258469820022583008e-02
4.643990844488143921e-02	7.399915456771850586e-01	1.986468732357025146e-01	1.865096837282180786e-01	1.000000000000000000e+00	8.837215900421142578e-01	1.865722388029098511e-01	8.664589375257492065e-02	1.444413661956787109e-01	2.520908415317535400e-01	2.409201562404632568e-01	1.615210622549057007e-01	5.578982084989547729e-02
9.287981688976287842e-02	4.176182150840759277e-01	2.791612222790718079e-02	6.022811308503150940e-02	1.000000000000000000e+00	3.230131790041923523e-02	1.217478290200233459e-01	7.061184197664260864e-02	1.629921048879623413e-02	2.431317567825317383e-01	8.858593180775642395e-03	3.198669850826263428e-01	5.686386302113533020e-02
1.393197327852249146e-01	5.298978090286254883e-01	3.025509230792522430e-02	4.818243440240621567e-03	1.000000000000000000e+00	3.345430642366409302e-02	1.751798391342163086e-01	6.339439656585454941e-03	5.153026431798934937e-03	2.515859603881835938e-01	1.599448546767234802e-02	3.903020545840263367e-02	1.889848858118057251e-01
1.857596337795257568e-01	2.491895705461502075e-01	9.964540004730224609e-01	1.526532415300607681e-02	1.000000000000000000e+00	5.637378096580505371e-01	8.008024096488952637e-02	3.292717635631561279e-01	9.342800080776214600e-02	2.454721331596374512e-01	1.376973837614059448e-01	1.017056684941053391e-02	4.166249632835388184e-01
2.321995496749877930e-01	1.544367223978042603e-01	6.989867687225341797e-01	2.952923998236656189e-02	1.000000000000000000e+00	4.286979734897613525e-01	2.671887576580047607e-01	1.636057049036026001e-01	1.266234517097473145e-01	3.725652992725372314e-01	2.172930985689163208e-01	4.891131073236465454e-02	7.684703171253204346e-02
2.786394655704498291e-01	2.126960009336471558e-01	4.920404404401779175e-02	3.711499571800231934e-01	1.000000000000000000e+00	1.525980681180953979e-01	1.169785484671592712e-01	1.118774786591529846e-01	1.182745769619941711e-01	2.434678375720977783e-01	1.750323735177516937e-02	3.693583607673645020e-02	6.851801872253417969e-01
3.250793516635894775e-01	1.054941862821578979e-01	8.742365241050720215e-02	1.837306916713714600e-01	1.000000000000000000e+00	1.816850272007286549e-04	2.689453065395355225e-01	1.440029311925172806e-02	1.127117574214935303e-01	2.411491870880126953e-01	1.314824819564819336e-02	1.001215204596519470e-01	4.774085432291030884e-02
3.715192675590515137e-01	2.110909223556518555e-01	5.398489162325859070e-02	2.600856870412826538e-02	1.000000000000000000e+00	2.244034558534622192e-01	1.936126649379730225e-01	8.406251668930053711e-03	7.693693786859512329e-02	2.388492673635482788e-01	4.759024828672409058e-02	3.156303986907005310e-02	2.766079902648925781e-01
4.179591834545135498e-01	4.437768161296844482e-01	3.437809646129608154e-02	1.699145138263702393e-01	1.000000000000000000e+00	1.514039486646652222e-01	1.954046636819839478e-01	1.581201404333114624e-01	1.100372374057769775e-01	2.379630506038665771e-01	3.693556785583496094e-02	8.538255095481872559e-02	9.050406515598297119e-02
4.643990993499755859e-01	8.671053051948547363e-01	3.634242340922355652e-02	8.197280019521713257e-02	1.000000000000000000e+00	2.012144923210144043e-01	2.367766946554183960e-01	2.740626037120819092e-02	2.323154918849468231e-02	2.831547260284423828e-01	4.376372694969177246e-02	3.079437837004661560e-02	1.006390154361724854e-01
5.108389854431152344e-01	4.395252466201782227e-01	4.954215586185455322e-01	7.074474096298217773e-01	1.000000000000000000e+00	1.895978748798370361e-01	1.705616265535354614e-01	1.814740002155303955e-01	1.752999722957611084e-01	4.283027946949005127e-01	6.319276243448257446e-02	7.507199048995971680e-02	8.555313199758529663e-02
5.572789311408996582e-01	3.464909493923187256e-01	4.810574278235435486e-02	6.981934309005737305e-01	1.000000000000000000e+00	2.145644277334213257e-01	3.956435918807983398e-01	7.396472152322530746e-03	1.817587465047836304e-01	2.419254183769226074e-01	1.182792261242866516e-01	1.241619959473609924e-01	2.826567590236663818e-01
6.037188172340393066e-01	2.134737521409988403e-01	2.061453759670257568e-01	3.542144969105720520e-02	1.000000000000000000e+00	3.265639394521713257e-02	8.164532482624053955e-02	2.882401645183563232e-01	5.095955450087785721e-03	2.302444875240325928e-01	1.973627880215644836e-02	4.869593381881713867e-01	9.532397985458374023e-02
6.501587033271789551e-01	1.627642065286636353e-01	6.077342033386230469e-01	2.492206096649169922e-01	1.000000000000000000e+00	8.843302726745605469e-03	6.077405810356140137e-02	1.465371549129486084e-01	7.338780909776687622e-02	2.248785346746444702e-01	4.065443202853202820e-02	2.661452889442443848e-01	7.847013324499130249e-02
6.965986490249633789e-01	7.206843495368957520e-01	3.859701752662658691e-02	6.465610861778259277e-02	1.000000000000000000e+00	5.727718025445938110e-02	2.369484007358551025e-01	3.910897765308618546e-03	1.921679638326168060e-02	2.790474593639373779e-01	1.317264698445796967e-02	8.823073655366897583e-02	5.626083165407180786e-02
7.430385351181030273e-01	1.357503831386566162e-01	8.204963803291320801e-01	2.778055518865585327e-02	1.000000000000000000e+00	8.434302806854248047e-01	4.984937235713005066e-02	2.234447747468948364e-01	1.580700725317001343e-01	2.881985008716583252e-01	1.990166157484054565e-01	3.822753205895423889e-02	8.104750514030456543e-01
7.894784808158874512e-01	8.164906501770019531e-02	5.004541277885437012e-01	5.040619969367980957e-01	1.000000000000000000e+00	5.168746113777160645e-01	2.812032699584960938e-01	1.621598154306411743e-01	2.042330354452133179e-01	3.089893758296966553e-01	1.470616161823272705e-01	3.525321483612060547e-01	1.658117920160293579e-01
8.359183669090270996e-01	7.972463965415954590e-02	6.895900964736938477e-01	1.000000000000000000e+00	3.230066299438476562e-01	7.294550538063049316e-01	2.865129522979259491e-02	1.893052309751510620e-01	2.577224075794219971e-01	1.958062052726745605e-01	1.788527071475982666e-01	2.204858809709548950e-01	6.514702439308166504e-01
8.823582530021667480e-01	5.983424186706542969e-01	7.263641804456710815e-02	1.000000000000000000e+00	6.648832559585571289e-01	1.248161941766738892e-01	7.420290112495422363e-01	2.236144393682479858e-01	2.655335664749145508e-01	2.029796242713928223e-01	5.387350171804428101e-02	2.266910821199417114e-01	4.821191430091857910e-01
9.287981986999511719e-01	7.525801658630371094e-01	5.024403799325227737e-03	1.000000000000000000e+00	1.816369444131851196e-01	3.726575896143913269e-02	1.767655462026596069e-01	6.023420020937919617e-02	3.062774240970611572e-01	7.956880331039428711e-02	9.527308493852615356e-02	7.162654399871826172e-02	1.021212264895439148e-01
9.752380847930908203e-01	4.229269176721572876e-02	2.253804355859756470e-02	1.000000000000000000e+00	1.866190284490585327e-01	1.639409661293029785e-01	3.673041472211480141e-03	9.287396445870399475e-03	2.469202578067779541e-01	1.263856142759323120e-01	3.306032344698905945e-02	4.286833852529525757e-02	2.041070759296417236e-01
1.021677970886230469e+00	7.555749416351318359e-01	2.967130020260810852e-02	1.000000000000000000e+00	1.152356192469596863e-01	1.055620983242988586e-01	1.758079826831817627e-01	6.790222134441137314e-03	2.503463327884674072e-01	1.010237038135528564e-01	2.971721440553665161e-02	7.660523056983947754e-02	8.808583021163940430e-02
1.068117856979370117e+00	7.124314904212951660e-01	6.464367508888244629e-01	1.000000000000000000e+00	3.515277504920959473e-01	3.444547653198242188e-01	1.631803363561630249e-01	4.720130264759063721e-01	2.625304162502288818e-01	4.987598359584808350e-01	4.845692589879035950e-02	7.609382271766662598e-01	9.994189143180847168e-01
1.114557862281799316e+00	6.280223280191421509e-02	6.778724789619445801e-01	1.000000000000000000e+00	3.654379546642303467e-01	7.114488482475280762e-01	4.609123244881629944e-02	1.922495514154434204e-01	2.582945823669433594e-01	1.586716324090957642e-01	4.210504591464996338e-01	4.553204402327537537e-02	8.514336347579956055e-01
1.160997748374938965e+00	4.158957004547119141e-01	2.825878001749515533e-02	1.000000000000000000e+00	2.468188554048538208e-01	4.261138290166854858e-02	3.597042858600616455e-01	1.408951878547668457e-01	2.597004771232604980e-01	1.029927507042884827e-01	5.225614178925752640e-03	6.987848281860351562e-01	1.150143817067146301e-01
1.207437634468078613e+00	6.667122244834899902e-01	4.283272102475166321e-02	1.000000000000000000e+00	6.633213162422180176e-01	1.558561474084854126e-01	1.486819237470626831e-01	3.965037316083908081e-02	6.371981501579284668e-01	3.052061200141906738e-01	2.536788582801818848e-01	5.515447854995727539e-01	4.730500578880310059e-01
1.253877520561218262e+00	1.000000000000000000e+00	3.663394451141357422e-01	6.174588799476623535e-01	7.502902299165725708e-02	1.882024705410003662e-01	2.579391896724700928e-01	1.341727077960968018e-01	5.160763263702392578e-01	5.305812880396842957e-02	9.053087830543518066e-01	6.005589663982391357e-02	7.100020051002502441e-01
1.300317406654357910e+00	1.000000000000000000e+00	3.987520933151245117e-01	9.194896370172500610e-02	6.116862297058105469e-01	5.900217965245246887e-02	2.297086864709854126e-01	9.576290845870971680e-02	1.262665726244449615e-02	8.469957113265991211e-01	8.826955407857894897e-02	3.953502774238586426e-01	3.040632046759128571e-02
1.346757411956787109e+00	1.000000000000000000e+00	3.199301660060882568e-01	1.297352910041809082e-01	4.962997436523437500e-01	3.861732780933380127e-01	2.024244070053100586e-01	3.974989056587219238e-01	5.574160814285278320e-02	4.980876445770263672e-01	1.172507777810096741e-01	6.741100549697875977e-01	5.023379921913146973e-01
1.393197298049926758e+00	4.538387358188629150e-01	1.936354637145996094e-01	1.830058693885803223e-01	1.037199273705482483e-01	4.688836932182312012e-01	1.190827861428260803e-01	3.101613223552703857e-01	8.377397060394287109e-02	6.997742652893066406e-01	1.364470422267913818e-01	4.122621417045593262e-01	1.000000000000000000e+00
1.439637184143066406e+00	1.230116561055183411e-01	2.192190289497375488e-01	3.740558028221130371e-01	1.258566230535507202e-02	3.118518888950347900e-01	2.523345313966274261e-02	2.514854818582534790e-02	1.447654068470001221e-01	7.922975420951843262e-01	3.485305979847908020e-02	8.503079414367675781e-02	1.000000000000000000e+00
1.486077070236206055e+00	2.212212085723876953e-01	7.372023910284042358e-02	6.007436290383338928e-02	4.224257171154022217e-02	2.434166967868804932e-01	5.425124242901802063e-02	1.037925481796264648e-02	1.167069077491760254e-01	1.809337288141250610e-01	1.128805577754974365e-01	1.249350979924201965e-02	1.000000000000000000e+00
1.532516956329345703e+00	1.000000000000000000e+00	9.919091463088989258e-01	1.765457242727279663e-01	1.060200631618499756e-01	1.701091527938842773e-01	2.802562713623046875e-01	4.153008162975311279e-01	1.068357974290847778e-01	6.689149886369705200e-02	6.675019860267639160e-01	1.022600382566452026e-01	6.561725139617919922e-01
1.578956961631774902e+00	9.936282634735107422e-01	1.956224292516708374e-01	3.795394599437713623e-01	5.565096139907836914e-01	1.312102824449539185e-01	2.307768464088439941e-01	6.963431835174560547e-02	7.860070466995239258e-02	1.000000000000000000e+00	1.466533094644546509e-01	3.007942736148834229e-01	1.923998743295669556e-01
1.625396847724914551e+00	9.673720598220825195e-01	3.333403468132019043e-01	6.241771578788757324e-01	7.859976291656494141e-01	3.261047303676605225e-01	2.872965037822723389e-01	7.429870218038558960e-02	1.601083427667617798e-01	8.224560022354125977e-01	3.895534276962280273e-01	1.117873191833496094e-01	1.000000000000000000e+00
1.671836733818054199e+00	2.998147308826446533e-01	1.570896357297897339e-01	1.000000000000000000e+00	9.844670891761779785e-01	1.262891590595245361e-01	9.761332720518112183e-02	1.510090082883834839e-01	2.409296482801437378e-01	2.738290131092071533e-01	2.254903502762317657e-02	1.089806705713272095e-01	4.903054535388946533e-01
1.718276619911193848e+00	1.330959200859069824e-01	2.501610666513442993e-02	1.000000000000000000e+00	5.291246771812438965e-01	4.127396270632743835e-02	6.018786504864692688e-02	1.512643881142139435e-02	2.511575520038604736e-01	1.666853874921798706e-01	4.300483465194702148e-01	4.132238402962684631e-02	1.560953408479690552e-01
1.764716506004333496e+00	5.276980251073837280e-02	1.386191695928573608e-02	1.000000000000000000e+00	1.257872581481933594e-01	2.481276839971542358e-01	1.830290257930755615e-02	4.084433021489530802e-04	2.786532640457153320e-01	3.151526302099227905e-02	6.519308686256408691e-02	4.827772825956344604e-02	8.646080493927001953e-01
1.811156511306762695e+00	4.473870098590850830e-01	5.384083464741706848e-02	1.000000000000000000e+00	5.690453574061393738e-02	7.428941130638122559e-02	3.006148934364318848e-01	5.428640916943550110e-02	2.438635230064392090e-01	2.015158087015151978e-01	1.462313719093799591e-02	2.469356209039688110e-01	2.238325029611587524e-02
1.857596397399902344e+00	6.754599809646606445e-01	6.386160105466842651e-02	1.000000000000000000e+00	1.710471361875534058e-01	3.691303730010986328e-01	1.537051945924758911e-01	2.990310266613960266e-02	2.612229287624359131e-01	8.407501131296157837e-02	6.327821314334869385e-02	6.468393653631210327e-02	8.110354542732238770e-01
1.904036283493041992e+00	3.031955659389495850e-01	4.223282262682914734e-02	1.000000000000000000e+00	1.373355537652969360e-01	3.070575892925262451e-01	1.054522246122360229e-01	1.554658710956573486e-01	2.650851011276245117e-01	1.416395604610443115e-01	5.120051279664039612e-02	4.990704953670501709e-01	8.639206290245056152e-01
1.950476169586181641e+00	4.346957802772521973e-02	1.112035885453224182e-01	1.000000000000000000e+00	6.590288281440734863e-01	2.081060409545898438e-01	1.793831959366798401e-02	2.406608127057552338e-02	2.375062108039855957e-01	3.496479094028472900e-01	1.989848464727401733e-01	5.139981582760810852e-02	4.866431057453155518e-01
1.996916055679321289e+00	8.788350224494934082e-02	1.904654204845428467e-01	1.000000000000000000e+00	4.377176463603973389e-01	2.789649367332458496e-01	1.329795420169830322e-01	3.960265591740608215e-02	4.123846888542175293e-01	2.534902691841125488e-01	1.628895401954650879e-01	6.297338753938674927e-02	8.654865622520446777e-01
2.043355941772460938e+00	5.170837044715881348e-02	2.207625955343246460e-01	1.000000000000000000e+00	8.810960054397583008e-01	1.922857612371444702e-01	7.090488076210021973e-02	5.307223647832870483e-02	2.369748204946517944e-01	2.424149811267852783e-01	4.931188747286796570e-02	6.659332662820816040e-02	4.104634225368499756e-01
2.089795827865600586e+00	6.157587841153144836e-02	1.356274336576461792e-01	1.000000000000000000e+00	5.077424272894859314e-02	2.031503617763519287e-01	6.339197047054767609e-03	6.258738785982131958e-02	2.529540956020355225e-01	1.689439080655574799e-02	3.741923719644546509e-02	1.533500403165817261e-01	5.324390530586242676e-01
2.136235713958740234e+00	6.465400010347366333e-02	2.532925903797149658e-01	1.000000000000000000e+00	4.742324352264404297e-02	1.406340450048446655e-01	1.998405903577804565e-02	7.685564458370208740e-02	2.601848840713500977e-01	1.171476393938064575e-02	1.544184535741806030e-01	1.160248592495918274e-01	5.613630414009094238e-01
2.182675838470458984e+00	7.737758755683898926e-01	3.313646018505096436e-01	1.000000000000000000e+00	6.578628420829772949e-01	2.912924885749816895e-01	2.186107039451599121e-01	1.251922696828842163e-01	4.584285020828247070e-01	1.790976375341415405e-01	7.288039326667785645e-01	6.489961147308349609e-01	7.542647421360015869e-02
2.229115724563598633e+00	3.628880381584167480e-01	2.603392302989959717e-02	1.000000000000000000e+00	3.258530423045158386e-02	1.612081378698348999e-02	1.153079792857170105e-01	4.476172383874654770e-03	2.310449779033660889e-01	4.750914871692657471e-02	1.955431401729583740e-01	5.985531210899353027e-02	9.520784020423889160e-03
2.275555610656738281e+00	2.504152357578277588e-01	8.863506913185119629e-01	1.000000000000000000e+00	2.560009434819221497e-02	3.221426010131835938e-01	9.059168398380279541e-02	2.072969377040863037e-01	2.664907276630401611e-01	3.044795691967010498e-01	3.804558217525482178e-01	8.380010724067687988e-02	8.020814061164855957e-01
2.321995496749877930e+00	1.731232702732086182e-01	1.105992272496223450e-01	1.000000000000000000e+00	5.814428254961967468e-02	9.722944349050521851e-02	3.499294072389602661e-02	3.476994112133979797e-02	2.472715377807617188e-01	2.770897150039672852e-01	7.436195760965347290e-02	7.870092988014221191e-02	2.393978089094161987e-01
2.368435382843017578e+00	5.437930822372436523e-01	7.212988138198852539e-01	1.000000000000000000e+00	1.133385747671127319e-01	1.440706253051757812e-01	1.553903371095657349e-01	2.880296707153320312e-01	2.601806819438934326e-01	2.505061626434326172e-01	4.034429192543029785e-01	1.978278160095214844e-01	5.647065043449401855e-01
2.414875268936157227e+00	3.161762058734893799e-01	7.552092075347900391e-01	2.505933344364166260e-01	7.430319786071777344e-01	6.209817901253700256e-02	1.000000000000000000e+00	1.841915398836135864e-01	9.696540832519531250e-01	1.593018025159835815e-01	6.219299435615539551e-01	7.816675901412963867e-01	1.589756160974502563e-01
2.461315155029296875e+00	2.990246117115020752e-01	4.512334614992141724e-02	1.753142923116683960e-01	3.678576350212097168e-01	7.365818619728088379e-01	6.054510921239852905e-02	5.852905511856079102e-01	1.000000000000000000e+00	1.031065732240676880e-01	2.886588275432586670e-01	1.438918616622686386e-02	3.586904704570770264e-01
2.507755041122436523e+00	2.333168387413024902e-01	1.229976639151573181e-01	6.880435347557067871e-02	2.382073551416397095e-01	4.238500446081161499e-02	1.024836227297782898e-01	2.061312459409236908e-02	1.000000000000000000e+00	4.621332511305809021e-02	2.074723318219184875e-02	2.496575377881526947e-02	2.358488142490386963e-01
2.554194927215576172e+00	3.706710338592529297e-01	9.917864799499511719e-01	2.042457088828086853e-02	7.076783776283264160e-01	5.357654690742492676e-01	5.614471435546875000e-02	2.862654328346252441e-01	1.000000000000000000e+00	1.528970450162887573e-01	1.918790638446807861e-01	4.325184226036071777e-01	7.260715961456298828e-02
2.600634813308715820e+00	2.552306354045867920e-01	1.490253582596778870e-02	4.335604310035705566e-01	2.805117666721343994e-01	2.790856063365936279e-01	3.540154099464416504e-01	4.537560790777206421e-02	1.000000000000000000e+00	3.344632685184478760e-02	1.227501109242439270e-01	9.078379273414611816e-01	4.544985480606555939e-03
2.647074937820434570e+00	2.790571749210357666e-01	2.650328278541564941e-01	2.400118485093116760e-02	5.457533150911331177e-02	9.550865292549133301e-01	4.485233873128890991e-02	1.874275505542755127e-01	1.000000000000000000e+00	3.823930919170379639e-01	1.924141645431518555e-01	1.453881710767745972e-01	4.915404915809631348e-01
2.693514823913574219e+00	3.336686193943023682e-01	9.908456206321716309e-01	5.091401934623718262e-02	6.797563284635543823e-02	1.536062657833099365e-01	5.253934115171432495e-02	5.652636885643005371e-01	1.000000000000000000e+00	1.088178344070911407e-02	1.392381489276885986e-01	3.501758445054292679e-03	1.670260131359100342e-01
2.739954710006713867e+00	2.414072901010513306e-01	9.167403578758239746e-01	3.130501136183738708e-02	1.288236379623413086e-01	4.035009443759918213e-01	3.241906687617301941e-02	2.671529352664947510e-01	1.000000000000000000e+00	2.909999340772628784e-02	1.923781186342239380e-01	7.306418381631374359e-03	4.698060154914855957e-01
2.786394596099853516e+00	2.857261300086975098e-01	4.155317842960357666e-01	3.216086328029632568e-02	4.926285743713378906e-01	4.084425866603851318e-01	2.727897167205810547e-01	1.481382846832275391e-01	1.000000000000000000e+00	7.332994788885116577e-02	1.500161886215209961e-01	8.485799431800842285e-01	2.731215022504329681e-02
2.832834482192993164e+00	4.925922155380249023e-01	1.900276839733123779e-01	8.766717463731765747e-02	3.751582801342010498e-01	8.389445543289184570e-01	1.886891722679138184e-01	7.165346294641494751e-02	1.000000000000000000e+00	8.231011778116226196e-02	3.138217031955718994e-01	3.219196945428848267e-02	1.041594371199607849e-01
2.879274368286132812e+00	2.864130735397338867e-01	4.457871317863464355e-01	2.401369251310825348e-02	4.814866483211517334e-01	1.191556919366121292e-02	1.169341430068016052e-01	1.433220207691192627e-01	1.000000000000000000e+00	9.725429117679595947e-02	1.155229136347770691e-01	3.881877064704895020e-01	2.511810511350631714e-02
2.925714254379272461e+00	3.246580064296722412e-01	9.325051307678222656e-01	2.286435849964618683e-02	3.708130419254302979e-01	1.901251524686813354e-01	5.750980600714683533e-02	2.217965722084045410e-01	1.000000000000000000e+00	5.708055496215820312e-01	6.031827256083488464e-02	1.057669147849082947e-01	7.705113887786865234e-01
2.972154140472412109e+00	1.926139742136001587e-01	6.402841955423355103e-02	1.016604993492364883e-02	1.000000000000000000e+00	1.947443559765815735e-02	3.231510147452354431e-02	1.226098388433456421e-01	8.155507445335388184e-01	2.369346618652343750e-01	2.254226244986057281e-02	3.600289300084114075e-02	7.236371189355850220e-02
3.018594026565551758e+00	4.255819693207740784e-02	3.842166438698768616e-02	3.205958288162946701e-03	1.000000000000000000e+00	1.530819456093013287e-03	3.599344193935394287e-02	1.397283282130956650e-02	1.766549050807952881e-01	2.301314026117324829e-01	6.055240519344806671e-03	1.819504238665103912e-02	6.174239516258239746e-02
3.065033912658691406e+00	1.335172634571790695e-02	3.925756737589836121e-02	2.585086040198802948e-04	1.000000000000000000e+00	1.693839585641399026e-04	3.359878808259963989e-02	3.052442567422986031e-03	5.650443583726882935e-02	2.281018495559692383e-01	2.358342055231332779e-03	7.415312808007001877e-03	5.799551680684089661e-02
3.111474037170410156e+00	1.138816773891448975e-02	4.236413165926933289e-02	8.545551681891083717e-04	1.000000000000000000e+00	2.581976004876196384e-04	3.107132390141487122e-02	3.720861859619617462e-03	4.727424308657646179e-02	2.291907072067260742e-01	1.828870270401239395e-03	9.670611470937728882e-03	5.642269924283027649e-02
3.157913923263549805e+00	1.219493336975574493e-02	4.379612207412719727e-02	1.097755623050034046e-03	1.000000000000000000e+00	2.171776868635788560e-04	3.246859461069107056e-02	5.019982811063528061e-03	5.049022659659385681e-02	2.282478809356689453e-01	2.249032724648714066e-03	1.862725615501403809e-02	5.750279128551483154e-02
3.204353809356689453e+00	1.024457346647977829e-02	3.799685090780258179e-02	1.064430805854499340e-03	1.000000000000000000e+00	2.455861249472945929e-04	3.220593184232711792e-02	3.858014941215515137e-03	4.158707708120346069e-02	2.280838042497634888e-01	1.968089723959565163e-03	3.068868070840835571e-02	5.718632042407989502e-02
3.250793695449829102e+00	3.002280741930007935e-02	4.730433970689773560e-02	3.951447010040283203e-01	1.000000000000000000e+00	1.384805049747228622e-02	2.027018666267395020e-01	7.049856334924697876e-02	1.153367608785629272e-01	2.349791526794433594e-01	3.144820407032966614e-02	1.183209866285324097e-01	7.190280407667160034e-02
3.297233581542968750e+00	4.480399191379547119e-02	3.434719983488321304e-03	1.000000000000000000e+00	4.668567329645156860e-02	2.105725556612014771e-02	1.017869729548692703e-02	3.454945981502532959e-02	2.397969067096710205e-01	1.241763215512037277e-02	1.734421215951442719e-02	5.827509611845016479e-02	1.127508841454982758e-02
3.343673467636108398e+00	4.568340256810188293e-02	2.134916139766573906e-03	1.000000000000000000e+00	5.150604620575904846e-02	2.003129012882709503e-02	5.936869885772466660e-03	2.393369004130363464e-02	2.392261028289794922e-01	1.340440288186073303e-02	6.772834807634353638e-03	5.271161347627639771e-02	8.219069801270961761e-03
3.390113353729248047e+00	4.765400290489196777e-02	1.580309821292757988e-03	1.000000000000000000e+00	3.622231632471084595e-02	1.748712360858917236e-02	5.752259399741888046e-03	2.930219098925590515e-02	2.384584844112396240e-01	9.870534762740135193e-03	4.012202378362417221e-03	4.810985177755355835e-02	8.956990204751491547e-03
3.436553239822387695e+00	4.849054664373397827e-02	1.318642636761069298e-03	1.000000000000000000e+00	3.011506795883178711e-02	1.972302421927452087e-02	6.037807557731866837e-03	4.140447825193405151e-02	2.382400333881378174e-01	8.818449452519416809e-03	6.637675687670707703e-03	4.967307299375534058e-02	1.141864806413650513e-02
3.482993125915527344e+00	4.727760329842567444e-02	6.557174492627382278e-04	1.000000000000000000e+00	9.208134375512599945e-03	2.059202827513217926e-02	6.701209582388401031e-03	4.202759265899658203e-02	2.376855909824371338e-01	3.928328864276409149e-03	1.767279021441936493e-02	5.078432708978652954e-02	1.065675728023052216e-02
3.529433012008666992e+00	3.595005348324775696e-02	4.055244475603103638e-02	4.221107959747314453e-01	1.000000000000000000e+00	3.274190425872802734e-02	3.159029036760330200e-02	1.285210400819778442e-01	1.652722805738449097e-01	2.412448674440383911e-01	2.740061655640602112e-02	6.966343522071838379e-02	1.058389320969581604e-01
3.575872898101806641e+00	8.802448399364948273e-03	3.806354105472564697e-02	2.409778721630573273e-02	1.000000000000000000e+00	1.200999482534825802e-03	3.263400495052337646e-02	7.518167141824960709e-03	3.328184038400650024e-02	2.296215146780014038e-01	3.294283989816904068e-03	1.489573065191507339e-02	5.907585099339485168e-02
3.622313022613525391e+00	7.208585273474454880e-03	3.997203335165977478e-02	4.369203001260757446e-02	1.000000000000000000e+00	2.972527407109737396e-03	3.165355324745178223e-02	5.836457945406436920e-03	3.377810865640640259e-02	2.292254120111465454e-01	5.666846409440040588e-03	1.060718204826116562e-02	5.827754363417625427e-02
3.668752908706665039e+00	4.464523494243621826e-02	3.870178014039993286e-02	1.000000000000000000e+00	8.497437238693237305e-01	1.838655583560466766e-02	8.096697181463241577e-02	5.573644116520881653e-02	2.572584152221679688e-01	2.008920460939407349e-01	2.622777037322521210e-02	8.769799768924713135e-02	5.755044519901275635e-02
3.715192794799804688e+00	4.337761923670768738e-02	9.783901274204254150e-03	1.000000000000000000e+00	2.462469339370727539e-01	2.171752788126468658e-02	1.384909171611070633e-02	2.865920402109622955e-02	2.448790669441223145e-01	5.746924877166748047e-02	1.345434319227933884e-02	5.368930101394653320e-02	2.161016874015331268e-02
3.761632680892944336e+00	5.549236387014389038e-02	1.070389524102210999e-02	1.000000000000000000e+00	2.252426743507385254e-01	2.896833792328834534e-02	1.165234018117189407e-02	2.866430953145027161e-02	2.533859014511108398e-01	5.433123186230659485e-02	1.046405732631683350e-02	5.541286244988441467e-02	3.160180896520614624e-02
3.808072566986083984e+00	1.000000000000000000e+00	2.375625446438789368e-02	7.464731931686401367e-01	2.480817735195159912e-01	1.532956808805465698e-01	2.145260870456695557e-01	1.963928528130054474e-02	7.734757065773010254e-01	9.576664119958877563e-02	5.149844288825988770e-02	9.545341879129409790e-02	8.536485582590103149e-02
3.854512453079223633e+00	1.000000000000000000e+00	6.767274462617933750e-04	2.913264632225036621e-01	5.722014978528022766e-02	1.343132108449935913e-01	2.105068713426589966e-01	8.618999272584915161e-03	7.105700373649597168e-01	5.225046351552009583e-02	4.630634188652038574e-02	6.183515861630439758e-02	1.691162586212158203e-03
3.900952339172363281e+00	1.000000000000000000e+00	1.413019024766981602e-03	1.299570798873901367e-01	5.746239051222801208e-02	1.676105558872222900e-01	2.126830220222473145e-01	2.696751989424228668e-02	6.459349989891052246e-01	5.409191548824310303e-02	6.606115400791168213e-02	6.727980077266693115e-02	1.530501432716846466e-02
3.947392225265502930e+00	3.039470613002777100e-01	5.276449769735336304e-02	1.044998466968536377e-01	1.397272050380706787e-01	2.527137100696563721e-01	6.982268393039703369e-02	5.865479707717895508e-01	2.568029165267944336e-01	7.995736598968505859e-02	6.232999265193939209e-02	6.694722175598144531e-02	1.000000000000000000e+00
3.993832111358642578e+00	4.087044671177864075e-02	5.841558799147605896e-02	7.109867781400680542e-02	1.190255507826805115e-01	2.231961041688919067e-01	1.535357907414436340e-02	6.736596226692199707e-01	1.192518770694732666e-01	5.297600105404853821e-02	4.493591189384460449e-02	4.161119461059570312e-03	1.000000000000000000e+00
4.040272235870361328e+00	1.259457916021347046e-01	6.215167045593261719e-02	5.606147646903991699e-02	1.421233564615249634e-01	2.390054911375045776e-01	3.660708665847778320e-02	6.054635643959045410e-01	1.304403990507125854e-01	6.005057692527770996e-02	5.266542732715606689e-02	8.354159072041511536e-03	1.000000000000000000e+00
4.086711883544921875e+00	1.000000000000000000e+00	2.523333393037319183e-02	5.585843697190284729e-02	9.069224447011947632e-02	2.492068409919738770e-01	2.166909128427505493e-01	1.989614367485046387e-01	5.875089168548583984e-01	6.544981896877288818e-02	7.190740108489990234e-02	6.122035905718803406e-02	4.066707491874694824e-01
4.133152008056640625e+00	1.000000000000000000e+00	7.569904904812574387e-03	5.557059124112129211e-02	6.531817466020584106e-02	1.908708363771438599e-01	2.130846381187438965e-01	4.573250934481620789e-02	6.665660738945007324e-01	5.348033085465431213e-02	5.953906849026679993e-02	5.343175306916236877e-02	1.254168748855590820e-01
4.179591655731201172e+00	1.000000000000000000e+00	2.897495171055197716e-03	5.633577704429626465e-02	6.210881099104881287e-02	2.151653468608856201e-01	2.134897261857986450e-01	2.225251123309135437e-02	5.863726139068603516e-01	5.497252941131591797e-02	6.374893337488174438e-02	6.520560383796691895e-02	2.760436572134494781e-02
4.226031780242919922e+00	1.000000000000000000e+00	1.272283261641860008e-03	5.345075204968452454e-02	4.939965903759002686e-02	2.583102285861968994e-01	2.140459418296813965e-01	1.991905830800533295e-02	5.372247695922851562e-01	5.176415666937828064e-02	7.336709648370742798e-02	7.180570811033248901e-02	1.794017851352691650e-02
4.272471427917480469e+00	1.000000000000000000e+00	1.393211190588772297e-03	5.996676161885261536e-02	5.520898476243019104e-02	3.411978185176849365e-01	2.127647250890731812e-01	3.477493673563003540e-02	5.240659713745117188e-01	5.287308990955352783e-02	9.179406613111495972e-02	9.454650431871414185e-02	2.976782433688640594e-02
4.318911552429199219e+00	1.000000000000000000e+00	1.670179073698818684e-03	6.173844635486602783e-02	5.261716991662979126e-02	3.351053595542907715e-01	2.141484022140502930e-01	2.364968694746494293e-02	4.742444455623626709e-01	5.228646844625473022e-02	9.059894084930419922e-02	1.149053052067756653e-01	3.464824706315994263e-02
4.365351676940917969e+00	1.000000000000000000e+00	1.551014138385653496e-03	6.052607297897338867e-02	4.471580684185028076e-02	2.731238305568695068e-01	2.187043577432632446e-01	7.987698912620544434e-02	3.057420551776885986e-01	5.776465311646461487e-02	6.998065114021301270e-02	1.230958029627799988e-01	2.931300923228263855e-02
4.411791324615478516e+00	1.000000000000000000e+00	1.231295871548354626e-03	4.702590778470039368e-02	3.032229281961917877e-02	1.393027603626251221e-01	2.226185798645019531e-01	2.685496211051940918e-02	2.057736515998840332e-01	5.682898312807083130e-02	3.613783046603202820e-02	8.795265108346939087e-02	2.817440219223499298e-02
4.458231449127197266e+00	1.000000000000000000e+00	9.730869787745177746e-04	4.799485951662063599e-02	2.512949518859386444e-02	1.397476941347122192e-01	2.239496707916259766e-01	1.390299014747142792e-02	1.480972468852996826e-01	5.728789418935775757e-02	3.579921275377273560e-02	8.159311115741729736e-02	1.567432284355163574e-02
4.504671096801757812e+00	1.000000000000000000e+00	1.065864576958119869e-03	3.870981186628341675e-02	2.663413248956203461e-02	1.331771910190582275e-01	2.253242433071136475e-01	1.255778782069683075e-02	9.705124050378799438e-02	5.959393829107284546e-02	3.225239738821983337e-02	6.958813220262527466e-02	1.749892719089984894e-02
4.551111221313476562e+00	1.000000000000000000e+00	1.053722342476248741e-03	3.389317169785499573e-02	2.377352677285671234e-02	1.295355558395385742e-01	2.262115031480789185e-01	1.198406796902418137e-02	7.648471742868423462e-02	5.854219943284988403e-02	3.097203932702541351e-02	6.970059871673583984e-02	7.858077995479106903e-03
4.597550868988037109e+00	1.000000000000000000e+00	4.111295857001096010e-04	3.398091718554496765e-02	1.711114495992660522e-02	8.858779072761535645e-02	2.264409661293029785e-01	1.329878997057676315e-02	6.966637074947357178e-02	5.810917913913726807e-02	2.144499123096466064e-02	6.605350971221923828e-02	5.868105683475732803e-03
4.643990993499755859e+00	1.000000000000000000e+00	7.364263292402029037e-04	3.224332630634307861e-02	1.779357530176639557e-02	4.905533418059349060e-02	2.267329990863800049e-01	1.420107390731573105e-02	9.802117198705673218e-02	5.711878463625907898e-02	1.343626249581575394e-02	6.546629965305328369e-02	7.997293956577777863e-03
4.690430641174316406e+00	1.000000000000000000e+00	4.900489584542810917e-04	3.116559609770774841e-02	1.614401675760746002e-02	2.041503414511680603e-02	2.274961173534393311e-01	6.821919232606887817e-03	8.528900891542434692e-02	5.711534619331359863e-02	6.448968779295682907e-03	5.520315840840339661e-02	2.388952765613794327e-03
4.736870765686035156e+00	1.000000000000000000e+00	3.467700444161891937e-04	3.248421847820281982e-02	1.321759261190891266e-02	1.550709456205368042e-02	2.279487550258636475e-01	9.287192486226558685e-03	9.737037867307662964e-02	5.556304007768630981e-02	6.137396208941936493e-03	4.335953295230865479e-02	2.915259217843413353e-03
4.783310890197753906e+00	1.000000000000000000e+00	3.358275862410664558e-04	3.141572698950767517e-02	5.148353520780801773e-03	3.311938792467117310e-02	2.304431945085525513e-01	9.507129900157451630e-03	7.126101851463317871e-02	5.142937228083610535e-02	9.257253259420394897e-03	3.435218334197998047e-02	3.735577920451760292e-03
4.829750537872314453e+00	1.000000000000000000e+00	2.946058986708521843e-03	3.021002933382987976e-02	8.198035880923271179e-03	2.907111681997776031e-02	2.320512086153030396e-01	6.779344286769628525e-03	4.719809070229530334e-02	5.276338011026382446e-02	8.646959438920021057e-03	3.774565085768699646e-02	4.294256679713726044e-03
4.876190662384033203e+00	1.000000000000000000e+00	4.675294272601604462e-03	1.076349094510078430e-01	2.332825958728790283e-02	2.239365875720977783e-02	2.352986037731170654e-01	3.481110185384750366e-02	2.765183709561824799e-02	6.299959868192672729e-02	8.926350623369216919e-02	3.158605843782424927e-02	8.794551342725753784e-02
4.922630310058593750e+00	1.000000000000000000e+00	3.009583353996276855e-01	7.906313985586166382e-02	5.588422715663909912e-02	6.434794515371322632e-02	2.409043014049530029e-01	7.807853072881698608e-02	1.290332898497581482e-02	5.666752904653549194e-02	1.969442665576934814e-01	7.891639322042465210e-02	1.498675718903541565e-02
4.969070434570312500e+00	1.000000000000000000e+00	1.280189603567123413e-01	5.137088894844055176e-02	9.842080622911453247e-02	1.941831433214247227e-03	2.300926297903060913e-01	3.957360610365867615e-02	2.036864012479782104e-01	7.125660032033920288e-02	8.297882229089736938e-02	2.817220799624919891e-02	1.021408755332231522e-02
5.015510082244873047e+00	1.000000000000000000e+00	9.477680549025535583e-03	7.059683650732040405e-02	4.128572940826416016e-01	7.958199712447822094e-04	2.404032051563262939e-01	4.164221137762069702e-02	5.787665955722332001e-03	1.477312892675399780e-01	1.450460851192474365e-01	4.146056175231933594e-01	2.864364348351955414e-02
5.061950206756591797e+00	1.000000000000000000e+00	2.894194982945919037e-02	2.655214965343475342e-01	2.779850065708160400e-01	5.253283306956291199e-02	2.572131156921386719e-01	1.591622456908226013e-02	6.397812813520431519e-02	1.361448168754577637e-01	5.811794400215148926e-01	3.948961198329925537e-02	2.308074533939361572e-01
5.108389854431152344e+00	1.000000000000000000e+00	1.416036635637283325e-01	3.324435651302337646e-02	4.483993053436279297e-01	2.313635945320129395e-01	3.040346503257751465e-01	2.929558791220188141e-02	5.349837616086006165e-02	3.884460926055908203e-01	3.442211076617240906e-02	1.293296366930007935e-01	9.541576504707336426e-01
5.154829978942871094e+00	1.000000000000000000e+00	5.197117924690246582e-01	9.443612694740295410e-01	1.423992402851581573e-02	1.915845721960067749e-01	2.223429381847381592e-01	2.929416298866271973e-01	2.285562008619308472e-01	7.269644141197204590e-01	4.858197867870330811e-01	9.206852316856384277e-02	5.897282958030700684e-01
5.201269626617431641e+00	1.000000000000000000e+00	6.292574852705001831e-02	5.089513659477233887e-01	1.942823976278305054e-01	9.001172333955764771e-02	2.303717732429504395e-01	2.605316229164600372e-02	5.812804698944091797e-01	6.440225988626480103e-02	3.794222474098205566e-01	3.908084928989410400e-01	1.185470521450042725e-01
5.247709751129150391e+00	1.000000000000000000e+00	4.243752732872962952e-02	2.920922264456748962e-02	5.382268503308296204e-02	1.752098500728607178e-01	2.275381833314895630e-01	8.488060906529426575e-03	4.537872076034545898e-01	4.794496297836303711e-02	8.308701962232589722e-02	2.711328864097595215e-02	7.403529882431030273e-01
5.294149875640869141e+00	1.000000000000000000e+00	5.180472135543823242e-02	8.843988925218582153e-02	2.631075493991374969e-02	4.722552001476287842e-02	2.324503958225250244e-01	6.251773238182067871e-02	2.294670790433883667e-02	2.506144940853118896e-01	7.363067567348480225e-02	6.282601505517959595e-02	2.490767091512680054e-02
5.340589523315429688e+00	1.000000000000000000e+00	8.366854488849639893e-02	4.688975587487220764e-02	4.819978494197130203e-03	3.515617549419403076e-02	2.356558144092559814e-01	2.017784118652343750e-02	5.310243926942348480e-03	2.809959948062896729e-01	4.057683795690536499e-02	4.009384289383888245e-02	1.954453531652688980e-03
5.387029647827148438e+00	1.000000000000000000e+00	5.605794489383697510e-02	1.051744446158409119e-01	4.964341223239898682e-02	5.864858254790306091e-02	3.027208149433135986e-01	7.380468770861625671e-03	4.325676709413528442e-02	1.378829479217529297e-01	1.151941046118736267e-01	9.030596911907196045e-02	2.404390424489974976e-01
5.433469295501708984e+00	3.971979320049285889e-01	4.062547162175178528e-02	5.811533927917480469e-01	2.429879307746887207e-01	5.681227520108222961e-02	2.913413643836975098e-01	8.230226486921310425e-02	9.392134100198745728e-02	6.310246139764785767e-02	9.078904390335083008e-01	1.000000000000000000e+00	5.184654891490936279e-02
5.479909420013427734e+00	3.128618299961090088e-01	8.301534056663513184e-01	3.982265666127204895e-02	2.338906526565551758e-01	6.170706748962402344e-01	3.890892565250396729e-01	2.501647174358367920e-01	2.743596732616424561e-01	4.216424003243446350e-02	1.668101847171783447e-01	1.000000000000000000e+00	4.735748171806335449e-01
5.526349067687988281e+00	5.522048845887184143e-02	7.782725095748901367e-01	4.490376263856887817e-02	2.455342262983322144e-01	2.436484768986701965e-02	8.309634327888488770e-01	2.800386548042297363e-01	6.976400315761566162e-02	3.199168667197227478e-02	1.264815628528594971e-01	1.000000000000000000e+00	1.160148978233337402e-01
5.572789192199707031e+00	1.633911281824111938e-01	2.487528026103973389e-01	5.865140259265899658e-02	2.245780080556869507e-01	8.553742170333862305e-01	3.723858296871185303e-02	8.064718842506408691e-01	3.117142245173454285e-02	3.941561877727508545e-01	1.622080951929092407e-01	1.000000000000000000e+00	6.177130341529846191e-01
5.619228839874267578e+00	9.813334345817565918e-01	1.418031286448240280e-02	3.785573542118072510e-01	4.367434084415435791e-01	3.314491212368011475e-01	2.268046438694000244e-01	1.045617833733558655e-01	6.239643320441246033e-02	1.449956446886062622e-01	5.096370577812194824e-01	1.000000000000000000e+00	7.569419592618942261e-02
5.665668964385986328e+00	1.000000000000000000e+00	8.778591454029083252e-02	1.589515805244445801e-01	3.548239767551422119e-01	2.243126928806304932e-01	3.209169209003448486e-01	2.010635584592819214e-01	5.700438842177391052e-02	4.503272175788879395e-01	4.692619442939758301e-01	9.791656136512756348e-01	1.189755275845527649e-01
5.712108612060546875e+00	9.469464421272277832e-01	2.647333443164825439e-01	4.174853116273880005e-02	6.432477384805679321e-02	1.225304901599884033e-01	1.955991089344024658e-01	5.195663496851921082e-02	6.932044625282287598e-01	1.000000000000000000e+00	4.063815250992774963e-02	1.219483092427253723e-01	5.853483453392982483e-03
5.758548736572265625e+00	1.313813030719757080e-01	3.067547380924224854e-01	9.069695472717285156e-01	3.946827948093414307e-01	2.973214685916900635e-01	3.952844142913818359e-01	4.652316868305206299e-02	2.621875405311584473e-01	1.000000000000000000e+00	7.987791895866394043e-01	1.587696373462677002e-01	8.503440022468566895e-01
5.804988861083984375e+00	2.581148147583007812e-01	3.843151926994323730e-01	1.795709431171417236e-01	3.057078272104263306e-02	3.532423675060272217e-01	1.651808917522430420e-01	5.993429571390151978e-02	4.806386530399322510e-01	1.000000000000000000e+00	5.824011564254760742e-02	8.773232996463775635e-02	9.881575107574462891e-01
5.851428508758544922e+00	1.163810789585113525e-01	2.890574336051940918e-01	1.652143597602844238e-01	1.204048842191696167e-02	8.928325772285461426e-01	3.622509241104125977e-01	6.984203308820724487e-02	8.035489171743392944e-02	1.000000000000000000e+00	3.406486809253692627e-01	1.437194347381591797e-01	9.027589559555053711e-01
5.897868633270263672e+00	2.365332692861557007e-01	2.355395555496215820e-01	9.172283411026000977e-01	1.809859722852706909e-01	1.000000000000000000e+00	1.113978326320648193e-01	9.190670400857925415e-02	3.228389620780944824e-01	9.754195809364318848e-01	3.510067462921142578e-01	2.532904148101806641e-01	1.513758748769760132e-01
5.944308280944824219e+00	1.748877316713333130e-01	3.162907063961029053e-01	1.515879034996032715e-01	8.508005142211914062e-01	6.556262820959091187e-02	1.245167106389999390e-01	8.979163318872451782e-02	7.041010260581970215e-01	1.000000000000000000e+00	2.078823149204254150e-01	7.485342025756835938e-02	5.926523730158805847e-02
5.990748405456542969e+00	2.494839280843734741e-01	5.027139186859130859e-02	2.079339474439620972e-01	2.102965116500854492e-01	4.437479376792907715e-01	4.326262325048446655e-02	8.695062398910522461e-01	1.000000000000000000e+00	9.965653717517852783e-02	1.163409873843193054e-01	1.300341263413429260e-02	9.142622947692871094e-01
6.037188053131103516e+00	2.876947224140167236e-01	2.749912254512310028e-02	8.076276183128356934e-01	1.247453689575195312e-01	3.853712975978851318e-01	4.886361956596374512e-02	1.070989295840263367e-02	1.000000000000000000e+00	4.562430456280708313e-02	1.013007014989852905e-01	3.439781963825225830e-01	9.397847950458526611e-02
6.083628177642822266e+00	3.679878115653991699e-01	2.068844623863697052e-02	7.883679270744323730e-01	3.646814227104187012e-01	6.715199351310729980e-02	1.642995923757553101e-01	4.116827622056007385e-02	1.000000000000000000e+00	9.236061573028564453e-02	1.934924349188804626e-02	5.407387018203735352e-01	1.871839165687561035e-02
6.130067825317382812e+00	7.360626459121704102e-01	4.667031764984130859e-02	6.076160445809364319e-02	1.588797420263290405e-01	1.602389812469482422e-01	2.414098829030990601e-01	2.053480967879295349e-02	1.000000000000000000e+00	5.122432857751846313e-02	5.690026283264160156e-02	4.059685766696929932e-02	1.193541511893272400e-01
6.176507949829101562e+00	3.191741108894348145e-01	1.938506662845611572e-01	1.766249388456344604e-01	2.993534207344055176e-01	9.752595424652099609e-01	6.420157849788665771e-02	3.362571001052856445e-01	1.000000000000000000e+00	1.178998425602912903e-01	6.141336560249328613e-01	8.903116732835769653e-02	1.513050943613052368e-01
6.222948074340820312e+00	2.451970279216766357e-01	2.056959122419357300e-01	2.992751635611057281e-02	9.171191602945327759e-02	9.922910332679748535e-01	1.000000000000000000e+00	1.191253289580345154e-01	6.062462925910949707e-01	7.163961231708526611e-02	2.283559441566467285e-01	2.437824010848999023e-01	6.149768084287643433e-02
6.269387722015380859e+00	8.832920342683792114e-02	1.805902123451232910e-01	3.664200007915496826e-01	4.150280356407165527e-02	8.978376388549804688e-01	1.000000000000000000e+00	5.092301964759826660e-02	1.646430939435958862e-01	6.533365231007337570e-03	9.361684322357177734e-01	2.245811372995376587e-01	1.147437170147895813e-01
6.315827846527099609e+00	1.374085694551467896e-01	1.230588555335998535e-01	6.254118680953979492e-02	9.984769225120544434e-01	3.329323977231979370e-02	1.000000000000000000e+00	2.392720431089401245e-02	9.964840114116668701e-02	4.026475548744201660e-01	1.238267589360475540e-02	2.316860109567642212e-01	1.399141550064086914e-01
6.362267494201660156e+00	3.527550101280212402e-01	2.102186083793640137e-01	6.111776083707809448e-02	9.640485644340515137e-01	7.681800723075866699e-01	1.000000000000000000e+00	8.347967267036437988e-02	7.299803942441940308e-02	3.305932283401489258e-01	1.766339093446731567e-01	2.601125836372375488e-01	6.930265575647354126e-02
6.408707618713378906e+00	9.821634739637374878e-02	2.431754618883132935e-01	1.815285533666610718e-01	4.078350961208343506e-02	9.782832860946655273e-01	1.000000000000000000e+00	2.680287361145019531e-01	9.329103678464889526e-02	2.954803779721260071e-02	2.161272913217544556e-01	2.366793304681777954e-01	9.526550024747848511e-02
6.455147266387939453e+00	1.696919053792953491e-01	6.198517605662345886e-02	1.209931001067161560e-01	1.186461672186851501e-01	9.822071194648742676e-01	1.000000000000000000e+00	1.495903283357620239e-01	7.612709701061248779e-02	5.201223120093345642e-02	2.445594370365142822e-01	2.590590715408325195e-01	5.216714367270469666e-02
6.501587390899658203e+00	2.500185370445251465e-01	1.343671530485153198e-01	1.115153059363365173e-01	7.519325613975524902e-01	5.444092303514480591e-02	4.788517653942108154e-01	5.644008517265319824e-02	1.000000000000000000e+00	1.525403857231140137e-01	2.115902304649353027e-01	4.113323688507080078e-01	1.733524352312088013e-01
6.548027038574218750e+00	2.444956451654434204e-01	7.232511043548583984e-02	8.361606858670711517e-03	2.271911352872848511e-01	1.105087697505950928e-01	2.234669327735900879e-01	9.163238853216171265e-02	1.000000000000000000e+00	3.611958026885986328e-02	5.477299913763999939e-02	4.555977508425712585e-02	5.066306591033935547e-01
6.594467163085937500e+00	2.659876346588134766e-01	1.294043511152267456e-01	4.859785437583923340e-01	9.303634762763977051e-01	5.819185376167297363e-01	1.264484375715255737e-01	6.148916855454444885e-02	1.000000000000000000e+00	2.755074799060821533e-01	1.615875065326690674e-01	1.845089644193649292e-01	2.338570803403854370e-01
6.640906810760498047e+00	2.121282666921615601e-01	3.567457497119903564e-01	7.926725149154663086e-01	2.893493771553039551e-01	8.426046371459960938e-02	9.116790294647216797e-01	6.642642617225646973e-02	1.000000000000000000e+00	5.707408860325813293e-02	4.956046864390373230e-02	2.517909705638885498e-01	2.923805117607116699e-01
6.687346935272216797e+00	2.362097948789596558e-01	4.549508392810821533e-01	1.772958934307098389e-01	9.560099244117736816e-02	9.772672504186630249e-02	1.000000000000000000e+00	1.123416349291801453e-01	2.105021327733993530e-01	2.534810639917850494e-02	8.750950098037719727e-01	2.056008428335189819e-01	3.373579978942871094e-01
6.733787059783935547e+00	5.377015098929405212e-02	7.626659423112869263e-02	1.797078996896743774e-01	9.918954372406005859e-01	4.105494022369384766e-01	1.000000000000000000e+00	3.485444560647010803e-02	1.590716540813446045e-01	2.152974158525466919e-01	1.331338584423065186e-01	3.067063093185424805e-01	2.442206144332885742e-01
6.780226707458496094e+00	1.944984868168830872e-02	8.176489919424057007e-02	1.587251666933298111e-03	1.000000000000000000e+00	1.689524739049375057e-03	9.256734848022460938e-01	1.626984332688152790e-03	9.764467924833297729e-02	2.295518964529037476e-01	5.575476679950952530e-03	2.118093818426132202e-01	5.193639174103736877e-02
6.826666831970214844e+00	3.872323781251907349e-02	6.527664512395858765e-02	1.370801241137087345e-03	1.000000000000000000e+00	1.791478280210867524e-04	6.355974674224853516e-01	2.555945422500371933e-03	1.720852106809616089e-01	2.224888801574707031e-01	7.574812974780797958e-03	1.477902680635452271e-01	5.796490609645843506e-02
6.873106479644775391e+00	4.253288358449935913e-02	7.070488482713699341e-02	6.419580313377082348e-04	1.000000000000000000e+00	4.890815471298992634e-04	5.262938737869262695e-01	3.394342493265867233e-03	1.905941069126129150e-01	2.258267551660537720e-01	5.709567107260227203e-03	1.199196055531501770e-01	5.628081038594245911e-02
6.919546604156494141e+00	4.545708373188972473e-02	4.880265519022941589e-02	8.020354434847831726e-04	1.000000000000000000e+00	3.751302137970924377e-04	1.088800430297851562e-01	9.102705866098403931e-03	1.857440322637557983e-01	2.293241322040557861e-01	5.180210340768098831e-03	3.213248401880264282e-02	5.743378028273582458e-02
6.965986251831054688e+00	3.783305361866950989e-02	4.075831547379493713e-02	5.666936049237847328e-04	1.000000000000000000e+00	2.166108897654339671e-04	4.213767871260643005e-02	4.378871526569128036e-03	1.557121127843856812e-01	2.271834909915924072e-01	5.561946425586938858e-03	2.911070175468921661e-02	5.671951174736022949e-02
7.012426376342773438e+00	1.508596632629632950e-02	5.123406648635864258e-02	5.829785019159317017e-03	1.000000000000000000e+00	4.069869406521320343e-03	3.541086614131927490e-01	6.150923669338226318e-03	3.971412032842636108e-02	2.806572318077087402e-01	1.044733822345733643e-02	1.256757974624633789e-01	5.900324508547782898e-02
7.058866024017333984e+00	1.706663751974701881e-03	7.922484725713729858e-02	5.718619795516133308e-04	1.000000000000000000e+00	1.258906559087336063e-03	9.945431947708129883e-01	6.098952726460993290e-04	2.377333678305149078e-02	2.267835587263107300e-01	2.077383454889059067e-03	2.265935838222503662e-01	5.231031775474548340e-02
7.105306148529052734e+00	5.729503463953733444e-04	8.344694226980209351e-02	5.391373997554183006e-04	9.957045912742614746e-01	3.464954788796603680e-04	1.000000000000000000e+00	1.882510550785809755e-04	2.970409952104091644e-02	2.221404314041137695e-01	2.536253305152058601e-03	2.229421138763427734e-01	5.651319399476051331e-02
7.151745796203613281e+00	7.270504138432443142e-04	7.863514125347137451e-02	4.320720036048442125e-04	1.000000000000000000e+00	3.003155288752168417e-04	9.975897669792175293e-01	1.094326726160943508e-04	2.406065911054611206e-02	2.242945581674575806e-01	1.701590837910771370e-03	2.258224785327911377e-01	5.373507365584373474e-02
7.198185920715332031e+00	4.410466179251670837e-03	8.141623437404632568e-02	7.538855425082147121e-04	1.000000000000000000e+00	1.473395503126084805e-03	9.960430264472961426e-01	6.869169301353394985e-04	2.723377943038940430e-02	2.270133197307586670e-01	2.567805815488100052e-03	2.248692661523818970e-01	5.249098315834999084e-02
7.244626045227050781e+00	2.935812342911958694e-03	8.597050607204437256e-02	7.549867732450366020e-04	1.000000000000000000e+00	8.474222850054502487e-04	9.985464215278625488e-01	3.228821558877825737e-03	2.729875221848487854e-02	2.240479439496994019e-01	2.868402982130646706e-03	2.241100519895553589e-01	5.845847353339195251e-02
7.291065692901611328e+00	5.161485075950622559e-02	1.135027706623077393e-01	3.690894227474927902e-03	1.000000000000000000e+00	1.393665559589862823e-03	9.876337647438049316e-01	1.036755274981260300e-02	2.145444899797439575e-01	2.372003346681594849e-01	2.915597520768642426e-03	2.459419667720794678e-01	5.067756399512290955e-02
7.337505817413330078e+00	2.246952801942825317e-01	3.370900824666023254e-02	7.921075448393821716e-03	1.000000000000000000e+00	2.257260121405124664e-02	8.648405224084854126e-02	1.328522562980651855e-01	9.559938907623291016e-01	2.238030731678009033e-01	2.612660452723503113e-02	8.378463797271251678e-03	1.665371060371398926e-01
7.383945465087890625e+00	2.322005033493041992e-01	8.216336369514465332e-02	6.046773865818977356e-02	1.000000000000000000e+00	2.877659350633621216e-02	6.365855783224105835e-02	1.026357058435678482e-02	9.614987969398498535e-01	3.285458385944366455e-01	6.463002413511276245e-02	1.289947517216205597e-02	5.096992850303649902e-02
7.430385589599609375e+00	2.669214010238647461e-01	6.137961894273757935e-02	2.362426668405532837e-01	9.916311502456665039e-01	1.488998252898454666e-02	1.112827882170677185e-01	1.816781237721443176e-02	1.000000000000000000e+00	2.154506742954254150e-01	3.278288245201110840e-02	1.247148364782333374e-01	5.371686816215515137e-02
7.476825237274169922e+00	2.776228189468383789e-01	4.062394797801971436e-02	6.236277986317873001e-03	9.950200319290161133e-01	7.451897952705621719e-03	1.285749226808547974e-01	2.385448897257447243e-03	1.000000000000000000e+00	2.334826290607452393e-01	2.220278978347778320e-02	2.282949723303318024e-02	6.745671480894088745e-02
7.523265361785888672e+00	2.197598516941070557e-01	1.003866642713546753e-01	1.221524085849523544e-02	1.000000000000000000e+00	3.678563516587018967e-03	6.474648416042327881e-02	2.752544358372688293e-02	9.498291015625000000e-01	2.215424329042434692e-01	5.657040700316429138e-02	3.603745717555284500e-03	6.424176692962646484e-02
7.569705009460449219e+00	2.343141585588455200e-01	1.176943480968475342e-01	9.240492247045040131e-03	1.000000000000000000e+00	1.095495652407407761e-02	8.581408858299255371e-02	5.588657781481742859e-02	9.506732225418090820e-01	2.195713371038436890e-01	2.393881790339946747e-02	7.276219781488180161e-03	6.681358814239501953e-02
7.616145133972167969e+00	2.293077707290649414e-01	1.770527064800262451e-01	1.904624514281749725e-02	1.000000000000000000e+00	2.342951670289039612e-02	7.891900837421417236e-02	3.427902981638908386e-02	9.671039581298828125e-01	2.175546586513519287e-01	3.489442542195320129e-02	7.206843234598636627e-03	1.084243059158325195e-01
7.662585258483886719e+00	2.315462231636047363e-01	3.854198753833770752e-02	5.758053157478570938e-03	1.000000000000000000e+00	4.942832747474312782e-04	6.169287860393524170e-02	2.677419222891330719e-03	9.681518077850341797e-01	2.213738411664962769e-01	2.406436391174793243e-02	6.999372504651546478e-03	4.882604628801345825e-02
7.709024906158447266e+00	2.388092875480651855e-01	4.382497817277908325e-02	9.074240922927856445e-03	1.000000000000000000e+00	2.848695032298564911e-03	8.195159584283828735e-02	5.172847304493188858e-03	9.495961070060729980e-01	2.186200320720672607e-01	4.114910960197448730e-02	6.900014355778694153e-03	5.621236562728881836e-02
7.755465030670166016e+00	2.233215421438217163e-01	6.612571328878402710e-02	3.752872347831726074e-03	1.000000000000000000e+00	6.754120811820030212e-03	8.035396039485931396e-02	9.391004219651222229e-03	9.533252716064453125e-01	2.245621532201766968e-01	2.403755299746990204e-02	1.237324345856904984e-02	6.989260762929916382e-02
7.801904678344726562e+00	2.252662777900695801e-01	4.021562635898590088e-02	4.066343884915113449e-03	1.000000000000000000e+00	4.366031382232904434e-03	8.687025308609008789e-02	2.524522133171558380e-03	9.531958699226379395e-01	2.207219451665878296e-01	2.160212397575378418e-02	8.397916331887245178e-03	6.926504522562026978e-02
7.848344802856445312e+00	2.253193855285644531e-01	3.590285778045654297e-02	3.317659487947821617e-03	1.000000000000000000e+00	4.914915654808282852e-03	7.912182062864303589e-02	2.304967492818832397e-03	9.524642825126647949e-01	2.206122875213623047e-01	2.212038636207580566e-02	7.244028616696596146e-03	5.811438336968421936e-02
7.894784450531005859e+00	2.467143982648849487e-01	3.141473978757858276e-02	1.947494596242904663e-02	1.000000000000000000e+00	1.427127122879028320e-01	1.245464831590652466e-01	7.067205850034952164e-03	9.514088034629821777e-01	2.243431657552719116e-01	5.749738961458206177e-02	1.380251348018646240e-02	7.207037508487701416e-02
7.941224575042724609e+00	2.200243622064590454e-01	2.923334017395973206e-02	1.291507855057716370e-02	1.000000000000000000e+00	1.331505132839083672e-03	8.613071590662002563e-02	1.920255454024299979e-04	9.507590532302856445e-01	2.185922563076019287e-01	3.027917258441448212e-02	1.060590986162424088e-02	5.613309517502784729e-02
7.987664222717285156e+00	2.219335883855819702e-01	3.840835765004158020e-02	1.126662269234657288e-02	1.000000000000000000e+00	7.204854045994579792e-04	1.173648685216903687e-01	1.959901535883545876e-03	9.515385627746582031e-01	2.191073745489120483e-01	2.218268625438213348e-02	1.483729202300310135e-02	5.570898205041885376e-02
8.034104347229003906e+00	2.206305563449859619e-01	3.237599506974220276e-02	3.718186635524034500e-03	1.000000000000000000e+00	9.269195725210011005e-04	1.115359812974929810e-01	1.231599715538322926e-03	9.462152123451232910e-01	2.175429612398147583e-01	2.721513621509075165e-02	1.907784305512905121e-02	5.697022378444671631e-02
8.080544471740722656e+00	2.187390625476837158e-01	3.022926487028598785e-02	5.030185449868440628e-03	1.000000000000000000e+00	8.712059352546930313e-04	6.706853210926055908e-02	2.556959167122840881e-03	9.491297006607055664e-01	2.180477827787399292e-01	2.766644023358821869e-02	1.021780725568532944e-02	5.439209938049316406e-02
8.126984596252441406e+00	2.213256806135177612e-01	3.216140344738960266e-02	1.248783990740776062e-02	1.000000000000000000e+00	1.282016164623200893e-03	6.818403303623199463e-02	1.238874858245253563e-03	9.518656730651855469e-01	2.174943685531616211e-01	2.226868085563182831e-02	2.892587566748261452e-03	6.029620766639709473e-02
8.173423767089843750e+00	2.251018583774566650e-01	2.958599850535392761e-02	1.387578435242176056e-02	1.000000000000000000e+00	1.077640336006879807e-03	7.612046599388122559e-02	4.954878822900354862e-04	9.492420554161071777e-01	2.211312651634216309e-01	2.294082194566726685e-02	6.822057999670505524e-03	5.101973563432693481e-02
8.219863891601562500e+00	2.226943075656890869e-01	3.177394345402717590e-02	1.117708999663591385e-02	1.000000000000000000e+00	7.913242443464696407e-04	7.705109566450119019e-02	1.031421008519828320e-03	9.488284587860107422e-01	2.184171825647354126e-01	2.520268224179744720e-02	5.991838406771421432e-03	5.455620586872100830e-02
8.266304016113281250e+00	2.218780666589736938e-01	3.246228024363517761e-02	8.773894980549812317e-03	1.000000000000000000e+00	7.721239235252141953e-04	7.347434014081954956e-02	1.318081398494541645e-03	9.488952159881591797e-01	2.200842052698135376e-01	2.598774060606956482e-02	5.102725699543952942e-03	5.376613885164260864e-02
8.312744140625000000e+00	2.237603664398193359e-01	2.779213152825832367e-02	7.578859105706214905e-03	1.000000000000000000e+00	1.959320157766342163e-03	6.597822904586791992e-02	2.300462918356060982e-03	9.505761265754699707e-01	2.189535647630691528e-01	2.468777634203433990e-02	2.951085800305008888e-03	5.641723051667213440e-02
8.359183311462402344e+00	2.305713891983032227e-01	2.873197384178638458e-02	9.691360406577587128e-03	1.000000000000000000e+00	7.227457244880497456e-04	6.975089758634567261e-02	8.413529139943420887e-04	9.506616592407226562e-01	2.186428606510162354e-01	2.357971854507923126e-02	3.905095625668764114e-03	5.481738224625587463e-02
8.405623435974121094e+00	2.229070067405700684e-01	2.769260294735431671e-02	7.191217504441738129e-03	1.000000000000000000e+00	1.092776772566139698e-03	6.442185491323471069e-02	7.233377546072006226e-04	9.503753781318664551e-01	2.188952416181564331e-01	2.270074561238288879e-02	7.098170928657054901e-03	5.451489239931106567e-02
8.452063560485839844e+00	4.249878823757171631e-01	2.403136193752288818e-01	2.007762044668197632e-01	2.472585439682006836e-01	1.488164961338043213e-01	1.325826048851013184e-01	8.685870468616485596e-02	5.519954860210418701e-02	4.634132087230682373e-01	6.522034108638763428e-02	1.000000000000000000e+00	4.909980110824108124e-03
8.498503684997558594e+00	6.659162044525146484e-02	7.419403642416000366e-02	7.347844243049621582e-01	2.157556265592575073e-01	1.060831919312477112e-01	1.690339855849742889e-02	8.054585754871368408e-02	1.513420343399047852e-01	3.223239481449127197e-01	4.143373668193817139e-01	1.000000000000000000e+00	2.639917656779289246e-02
8.544942855834960938e+00	1.421431005001068115e-01	9.341254830360412598e-01	4.964246228337287903e-02	5.242117047309875488e-01	6.846338510513305664e-01	2.714863605797290802e-02	3.072672784328460693e-01	1.691898852586746216e-01	9.848726540803909302e-02	3.306216299533843994e-01	1.000000000000000000e+00	2.285986244678497314e-01
8.591382980346679688e+00	1.030698046088218689e-01	9.993568658828735352e-01	5.180559679865837097e-02	2.562855482101440430e-01	9.138210415840148926e-01	1.123696472495794296e-02	2.900143265724182129e-01	9.290964901447296143e-02	3.336996212601661682e-02	3.349887132644653320e-01	1.000000000000000000e+00	4.413471817970275879e-01
8.637823104858398438e+00	8.587607741355895996e-02	1.019475832581520081e-01	4.682753682136535645e-01	2.257367372512817383e-01	9.686300158500671387e-01	4.209368489682674408e-03	8.497630804777145386e-02	1.181972697377204895e-01	4.111447632312774658e-01	2.125660628080368042e-01	1.000000000000000000e+00	3.593281209468841553e-01
8.684263229370117188e+00	1.030733287334442139e-01	5.460526328533887863e-03	1.006923094391822815e-01	3.541126847267150879e-01	8.615641593933105469e-01	1.700436696410179138e-02	8.482377231121063232e-02	1.616825535893440247e-02	6.366235017776489258e-02	2.621554732322692871e-01	1.000000000000000000e+00	8.179133757948875427e-03
8.730703353881835938e+00	5.444389954209327698e-02	3.439370170235633850e-02	3.155844286084175110e-02	2.310334593057632446e-01	8.547120094299316406e-01	6.436326541006565094e-03	6.312765926122665405e-02	2.218158170580863953e-02	5.600805208086967468e-02	2.013649195432662964e-01	1.000000000000000000e+00	2.552829384803771973e-01
8.777142524719238281e+00	8.534035831689834595e-02	3.502193093299865723e-01	3.441688790917396545e-02	3.927969336509704590e-01	9.021672010421752930e-01	7.746854797005653381e-03	1.686194837093353271e-01	3.328131977468729019e-03	3.931268751621246338e-01	2.078781723976135254e-01	1.000000000000000000e+00	3.704657033085823059e-02
8.823582649230957031e+00	1.792391091585159302e-01	1.206802763044834137e-02	1.701560318470001221e-01	3.647809624671936035e-01	6.865162253379821777e-01	3.997202590107917786e-02	1.530616730451583862e-01	2.155123502016067505e-01	5.817759782075881958e-02	6.423382759094238281e-01	1.000000000000000000e+00	6.831878423690795898e-02
8.870022773742675781e+00	1.207978501915931702e-01	5.201011896133422852e-01	3.054689466953277588e-01	1.767399162054061890e-01	6.432089209556579590e-02	9.413030743598937988e-02	8.343273401260375977e-02	5.127983912825584412e-02	9.571554064750671387e-01	1.000000000000000000e+00	4.771113395690917969e-02	8.965269476175308228e-02
8.916462898254394531e+00	7.770289778709411621e-01	3.091868944466114044e-02	2.888166308403015137e-01	4.422920942306518555e-01	2.846394479274749756e-01	2.281160950660705566e-01	2.552386820316314697e-01	3.587367385625839233e-02	1.529856324195861816e-01	1.000000000000000000e+00	2.872509062290191650e-01	9.673098474740982056e-02
8.962902069091796875e+00	4.311676025390625000e-01	5.501411482691764832e-02	2.935336232185363770e-01	9.990762472152709961e-01	2.777711953967809677e-03	2.433930784463882446e-01	3.796656429767608643e-02	1.039226278662681580e-01	3.408339619636535645e-01	1.000000000000000000e+00	3.906869888305664062e-02	5.588522180914878845e-02
9.009342193603515625e+00	6.191618740558624268e-02	3.446104824542999268e-01	9.730642437934875488e-01	4.304691776633262634e-02	1.550978571176528931e-01	4.015117287635803223e-01	8.595074713230133057e-02	2.306259870529174805e-01	9.807515144348144531e-01	1.000000000000000000e+00	2.271860539913177490e-01	4.490775242447853088e-02
9.055782318115234375e+00	3.405921161174774170e-02	7.126642465591430664e-01	2.328686565160751343e-01	3.587363064289093018e-01	3.410565108060836792e-02	2.227572798728942871e-01	1.786466836929321289e-01	6.771906465291976929e-02	5.899411067366600037e-02	1.000000000000000000e+00	4.544555842876434326e-01	2.455141693353652954e-01
9.102222442626953125e+00	3.640598058700561523e-02	5.473862215876579285e-02	2.421208471059799194e-01	1.000000000000000000e+00	6.850913912057876587e-02	1.358261555433273315e-01	1.219855528324842453e-02	2.948458306491374969e-02	3.414707779884338379e-01	9.981452822685241699e-01	5.562497675418853760e-02	2.359951287508010864e-01
9.148662567138671875e+00	1.488434672355651855e-01	9.330505877733230591e-02	2.651244401931762695e-01	8.603311777114868164e-01	6.896340847015380859e-02	1.300439685583114624e-01	3.605912625789642334e-02	4.783676937222480774e-02	4.621093273162841797e-01	1.000000000000000000e+00	4.370554909110069275e-02	1.144878789782524109e-01
9.195101737976074219e+00	9.447759985923767090e-01	1.287380754947662354e-01	2.694089412689208984e-01	8.420082181692123413e-02	2.160515636205673218e-01	4.111522734165191650e-01	6.702370196580886841e-02	1.549091339111328125e-01	3.147532939910888672e-01	1.000000000000000000e+00	2.602568566799163818e-01	6.531230360269546509e-02
9.241541862487792969e+00	3.218029439449310303e-01	5.863599777221679688e-01	2.712779678404331207e-02	1.656214892864227295e-01	3.649303019046783447e-01	2.458335012197494507e-01	1.231357678771018982e-01	7.051457464694976807e-02	1.000000000000000000e+00	1.322303563356399536e-01	6.344416141510009766e-01	9.924086928367614746e-01
9.287981986999511719e+00	7.406545281410217285e-01	1.291170269250869751e-01	1.758564114570617676e-01	8.073396235704421997e-02	4.288703203201293945e-01	1.889669597148895264e-01	6.209952831268310547e-01	5.372670292854309082e-02	5.125532746315002441e-01	9.944658726453781128e-02	2.734972350299358368e-02	1.000000000000000000e+00
9.334422111511230469e+00	3.137472644448280334e-02	1.256229430437088013e-01	5.738085508346557617e-02	4.423108324408531189e-02	2.390733063220977783e-01	6.465624552220106125e-03	5.006486773490905762e-01	4.651525989174842834e-02	4.761963784694671631e-01	3.789511322975158691e-02	2.100115828216075897e-02	1.000000000000000000e+00
9.380861282348632812e+00	4.686933010816574097e-02	2.383524030447006226e-01	8.093696236610412598e-01	1.546556875109672546e-02	4.151639938354492188e-01	1.469226479530334473e-01	3.396134451031684875e-02	2.101754695177078247e-01	9.286342263221740723e-01	1.000000000000000000e+00	1.203968450427055359e-01	9.586005210876464844e-01
9.427301406860351562e+00	1.778991520404815674e-01	2.183455675840377808e-01	7.693897187709808350e-02	7.991225272417068481e-02	4.258080720901489258e-01	7.055800408124923706e-02	4.250602051615715027e-02	6.379863619804382324e-02	8.241322636604309082e-01	9.272043406963348389e-02	2.397527918219566345e-02	1.000000000000000000e+00
9.473741531372070312e+00	1.760238707065582275e-01	1.334708333015441895e-01	1.817402541637420654e-01	2.721578180789947510e-01	3.185768425464630127e-01	3.334350287914276123e-01	2.677578851580619812e-02	1.222279220819473267e-01	1.983549445867538452e-01	8.774960041046142578e-01	2.366940081119537354e-01	1.000000000000000000e+00
9.520181655883789062e+00	1.457073912024497986e-02	2.357811108231544495e-02	2.108683437108993530e-01	2.451179549098014832e-02	4.237792193889617920e-01	5.862895026803016663e-02	9.051679633557796478e-03	8.365280926227569580e-02	2.381539903581142426e-02	9.463867545127868652e-01	6.960872560739517212e-03	1.000000000000000000e+00
9.566621780395507812e+00	3.028994798660278320e-01	1.345040053129196167e-01	1.389164328575134277e-01	2.211856991052627563e-01	8.323132991790771484e-01	2.625224292278289795e-01	3.206949830055236816e-01	1.236628443002700806e-01	4.781336784362792969e-01	5.170768499374389648e-01	6.984574198722839355e-01	1.000000000000000000e+00
9.613060951232910156e+00	2.762786448001861572e-01	3.097177147865295410e-01	1.819818317890167236e-01	2.426040321588516235e-01	1.669927537441253662e-01	2.008521854877471924e-01	1.059427782893180847e-01	4.302658885717391968e-02	5.317776203155517578e-01	7.303450256586074829e-02	1.000000000000000000e+00	9.848213754594326019e-03
9.659501075744628906e+00	5.840703472495079041e-02	4.860555008053779602e-02	4.377453625202178955e-01	2.295967638492584229e-01	2.349631786346435547e-01	2.895081182941794395e-03	7.241822779178619385e-02	8.970461040735244751e-02	2.359608560800552368e-01	1.859453618526458740e-01	1.000000000000000000e+00	3.250937908887863159e-02
9.705941200256347656e+00	8.854899555444717407e-02	6.842576265335083008e-01	8.859233558177947998e-02	3.343113064765930176e-01	9.864221215248107910e-01	7.831053808331489563e-03	2.702227234840393066e-01	1.172876264899969101e-02	5.234302207827568054e-02	3.610484302043914795e-01	1.000000000000000000e+00	5.901693180203437805e-02
9.752381324768066406e+00	8.063087612390518188e-02	4.420448541641235352e-01	5.778284370899200439e-02	2.702689468860626221e-01	1.180883273482322693e-01	8.352875709533691406e-03	1.000000000000000000e+00	1.547462493181228638e-02	7.024840265512466431e-02	2.556739374995231628e-02	9.753191471099853516e-01	2.019263207912445068e-01
9.798820495605468750e+00	9.115468710660934448e-02	1.151477918028831482e-01	3.722064495086669922e-01	2.244645804166793823e-01	9.773426055908203125e-01	3.918646834790706635e-03	1.045656651258468628e-01	9.475363790988922119e-02	4.553323984146118164e-01	2.061929553747177124e-01	1.000000000000000000e+00	3.791814744472503662e-01
9.845260620117187500e+00	9.171856939792633057e-02	9.291688911616802216e-03	6.775286793708801270e-02	2.897882163524627686e-01	7.568219304084777832e-01	1.633778400719165802e-02	1.008075326681137085e-01	6.724797654896974564e-03	4.281959310173988342e-02	3.065278530120849609e-01	1.000000000000000000e+00	1.233607623726129532e-02
9.891700744628906250e+00	6.272960454225540161e-02	2.007151767611503601e-02	4.178872704505920410e-02	2.458993047475814819e-01	8.896421194076538086e-01	6.517035420984029770e-03	6.735012680292129517e-02	1.565186493098735809e-02	1.183409839868545532e-01	2.015350759029388428e-01	1.000000000000000000e+00	3.187278807163238525e-01
9.938140869140625000e+00	1.425875723361968994e-01	1.487869471311569214e-01	6.285092234611511230e-01	2.310592383146286011e-01	7.081293463706970215e-01	3.531788289546966553e-02	8.849103748798370361e-02	1.200966611504554749e-01	6.832569837570190430e-01	3.236860632896423340e-01	1.000000000000000000e+00	2.532439120113849640e-02
9.984580039978027344e+00	7.394875586032867432e-02	7.935171574354171753e-02	1.313594728708267212e-01	4.780047833919525146e-01	8.360866308212280273e-01	1.994749158620834351e-02	9.118831157684326172e-02	4.551957547664642334e-02	1.324804872274398804e-01	3.204354047775268555e-01	1.000000000000000000e+00	3.211095929145812988e-01
1.003102016448974609e+01	2.178930640220642090e-01	9.902482628822326660e-01	2.936977334320545197e-02	2.477910071611404419e-01	7.740870863199234009e-02	5.368974059820175171e-02	5.623576045036315918e-01	3.730169031769037247e-03	2.359210997819900513e-01	7.098176330327987671e-02	1.000000000000000000e+00	1.457613110542297363e-01
1.007746028900146484e+01	6.318661570549011230e-01	4.333607256412506104e-01	4.581168591976165771e-01	2.470373958349227905e-01	6.980008631944656372e-02	2.209929674863815308e-01	9.920431375503540039e-01	7.881973683834075928e-02	2.770454585552215576e-01	3.583402931690216064e-01	1.000000000000000000e+00	2.789788842201232910e-01
1.012390041351318359e+01	5.056894570589065552e-02	5.913405418395996094e-01	1.642123213969171047e-03	2.415376156568527222e-01	3.527960926294326782e-02	2.535024881362915039e-01	1.874123066663742065e-01	1.144866552203893661e-02	2.629398107528686523e-01	2.966454625129699707e-02	1.000000000000000000e+00	5.872531980276107788e-02
1.017034053802490234e+01	4.851009696722030640e-02	2.564033567905426025e-01	1.482753455638885498e-01	3.747711777687072754e-01	5.015728473663330078e-01	1.047112420201301575e-02	1.326813995838165283e-01	3.302438557147979736e-02	7.699227929115295410e-01	1.048459410667419434e-01	1.000000000000000000e+00	1.833812445402145386e-01
1.021677970886230469e+01	8.557306975126266479e-02	5.316271185874938965e-01	1.957593262195587158e-01	1.000000000000000000e+00	6.652335524559020996e-01	6.894136220216751099e-02	1.990545243024826050e-01	1.289983242750167847e-01	3.100973367691040039e-01	8.178160190582275391e-01	9.171691536903381348e-01	1.831090301275253296e-01
1.026321983337402344e+01	2.819666862487792969e-01	1.857956200838088989e-01	5.402121543884277344e-01	1.000000000000000000e+00	9.589019417762756348e-02	1.319590359926223755e-01	7.352505624294281006e-02	9.784253686666488647e-02	8.514779806137084961e-01	7.145652174949645996e-01	9.528006315231323242e-01	1.579068601131439209e-01
1.030965995788574219e+01	2.559974193572998047e-01	2.017993852496147156e-02	8.474539518356323242e-01	8.317722082138061523e-01	7.860950380563735962e-02	8.350101858377456665e-02	7.390369474887847900e-02	3.544290065765380859e-01	1.775862276554107666e-01	3.003377914428710938e-01	1.000000000000000000e+00	1.440349370241165161e-01
1.035610008239746094e+01	1.174323782324790955e-01	3.090248443186283112e-02	6.881833076477050781e-01	1.000000000000000000e+00	5.386040732264518738e-02	1.500912010669708252e-01	4.953129217028617859e-02	1.502692252397537231e-01	2.176005393266677856e-01	2.381394505500793457e-01	9.496589899063110352e-01	1.407877951860427856e-01
1.040253925323486328e+01	3.107377514243125916e-02	9.440032839775085449e-01	2.137690782546997070e-02	6.935513019561767578e-01	2.576313912868499756e-02	2.904309928417205811e-01	2.714799940586090088e-01	1.449310313910245895e-02	1.335493475198745728e-01	1.183501109480857849e-01	1.000000000000000000e+00	1.693282127380371094e-01
1.044897937774658203e+01	3.111359179019927979e-01	1.244010478258132935e-01	8.682928979396820068e-03	8.237181901931762695e-01	1.805469393730163574e-02	1.450478881597518921e-01	7.216966897249221802e-02	4.683731123805046082e-03	4.644982218742370605e-01	1.969462446868419647e-02	1.000000000000000000e+00	5.378095433115959167e-02
1.049541950225830078e+01	9.341441839933395386e-02	9.416162371635437012e-01	9.720683097839355469e-02	7.601826190948486328e-01	5.317870378494262695e-01	1.585923880338668823e-01	2.647142708301544189e-01	5.138511210680007935e-02	7.511574029922485352e-01	2.344106286764144897e-01	1.000000000000000000e+00	8.989270776510238647e-02
1.054185962677001953e+01	3.857520520687103271e-01	1.402793824672698975e-01	4.017969965934753418e-01	1.000000000000000000e+00	2.913222610950469971e-01	1.163373515009880066e-01	6.747681647539138794e-02	3.379634618759155273e-01	7.056048512458801270e-01	7.368104904890060425e-02	8.416170477867126465e-01	1.355640739202499390e-01
1.058829975128173828e+01	2.930306196212768555e-01	3.217130154371261597e-02	7.614855468273162842e-02	1.000000000000000000e+00	3.404003009200096130e-02	1.078333631157875061e-01	1.038950830698013306e-01	1.373355556279420853e-02	2.284778654575347900e-01	1.116606146097183228e-01	9.205557107925415039e-01	9.319948405027389526e-02
1.063473892211914062e+01	2.248900532722473145e-01	1.002242118120193481e-01	2.156797237694263458e-02	1.000000000000000000e+00	1.165763214230537415e-01	8.708307892084121704e-02	5.957708135247230530e-02	5.018446128815412521e-03	4.506302177906036377e-01	5.493421480059623718e-02	8.210588693618774414e-01	1.084412410855293274e-01
1.068117904663085938e+01	4.092482924461364746e-01	6.046223267912864685e-02	2.254768088459968567e-02	9.795324802398681641e-01	9.019952267408370972e-02	5.125939846038818359e-01	5.779006704688072205e-02	2.526271343231201172e-02	2.584586739540100098e-01	5.661926791071891785e-02	1.000000000000000000e+00	1.193501576781272888e-01
1.072761917114257812e+01	7.706287503242492676e-02	2.301693558692932129e-01	4.534713625907897949e-01	7.329261898994445801e-01	2.557742893695831299e-01	1.422435939311981201e-01	5.639925003051757812e-01	1.073980554938316345e-01	2.222416549921035767e-01	5.648372769355773926e-01	1.000000000000000000e+00	4.060411751270294189e-01
1.077405929565429688e+01	7.474333047866821289e-01	9.281847742386162281e-04	9.280546903610229492e-01	2.123183459043502808e-01	4.015291482210159302e-02	1.750659942626953125e-01	5.421531200408935547e-02	1.995362341403961182e-01	6.699570268392562866e-02	2.924779653549194336e-01	1.000000000000000000e+00	6.954867276363074780e-04
