Sira	Kod	Nota53	NotaAE	Koma53	KomaAE	Pay	Payda	Ms	LNS	Bas	Soz1
1	9	Si4b1	B4b1	313	313	1	8	333	95	96	ARANAĞME
2	9	Re5	D5	327	327	1	8	333	95	96	.
3	9			-1	-1	1	16	167	100	0	.
4	9	Si4b1	B4b1	313	313	1	16	167	95	96	.
5	9	Do5	C5	318	318	1	16	167	95	96	.
6	9	Re5	D5	327	327	1	16	167	95	96	.
7	9	Mi5	E5	336	336	1	8	333	95	96	.
8	9	Re5	D5	327	327	1	8	333	95	96	.
9	9	Si4b1	B4b1	313	313	1	8	333	95	96	.
10	9	Sol4	G4	296	296	1	8	333	95	96	.
11	11	Si4b1	B4b1	313	313	1	8	333	95	96	.
12	9	Si4b1	B4b1	313	313	1	16	167	95	96	.
13	9	Sol4	G4	296	296	1	16	167	95	96	.
14	9	La4	A4	305	305	1	16	167	95	96	.
15	9	Sol4	G4	296	296	1	16	167	95	96	.
16	9	La4	A4	305	305	1	16	167	95	96	.
17	9	Sol4	G4	296	296	1	16	167	95	96	.
18	9	Si4b1	B4b1	313	313	1	4	667	95	96	.
19	9			-1	-1	1	4	667	100	0	.
20	9	Do5	C5	318	318	1	16	167	95	96	.
21	9	Si4b1	B4b1	313	313	1	16	167	95	96	.
22	9	La4	A4	305	305	1	16	167	95	96	.
23	9	Sol4	G4	296	296	1	16	167	95	96	.
24	9	La4	A4	305	305	1	8	333	95	96	.
25	9	Si4b1	B4b1	313	313	1	8	333	95	96	.
26	9	Do5	C5	318	318	1	8	333	95	96	.
27	9	Mi5	E5	336	336	1	8	333	95	96	.
28	9	Re5	D5	327	327	1	4	667	95	96	.
29	11	Si4b1	B4b1	313	313	1	8	333	95	96	.
30	9	Si4b1	B4b1	313	313	1	16	167	95	96	.
31	9	Sol4	G4	296	296	1	16	167	95	96	.
32	9	La4	A4	305	305	1	16	167	95	96	.
33	9	Sol4	G4	296	296	1	16	167	95	96	.
34	9	La4	A4	305	305	1	16	167	95	96	.
35	9	Si4b1	B4b1	313	313	1	16	167	95	96	.
36	9	Sol4	G4	296	296	3	16	500	95	96	.
37	9	Re4	D4	274	274	1	16	167	95	96	.
38	9	Sol4	G4	296	296	1	4	667	95	96	.
39	9	Si4b1	B4b1	313	313	1	8	333	95	96	ARANAĞME
40	9	Re5	D5	327	327	1	8	333	95	96	.
41	9			-1	-1	1	16	167	100	0	.
42	9	Si4b1	B4b1	313	313	1	16	167	95	96	.
43	9	Do5	C5	318	318	1	16	167	95	96	.
44	9	Re5	D5	327	327	1	16	167	95	96	.
45	9	Mi5	E5	336	336	1	8	333	95	96	.
46	9	Re5	D5	327	327	1	8	333	95	96	.
47	9	Si4b1	B4b1	313	313	1	8	333	95	96	.
48	9	Sol4	G4	296	296	1	8	333	95	96	.
49	11	Si4b1	B4b1	313	313	1	8	333	95	96	.
50	9	Si4b1	B4b1	313	313	1	16	167	95	96	.
51	9	Sol4	G4	296	296	1	16	167	95	96	.
52	9	La4	A4	305	305	1	16	167	95	96	.
53	9	Sol4	G4	296	296	1	16	167	95	96	.
54	9	La4	A4	305	305	1	16	167	95	96	.
55	9	Sol4	G4	296	296	1	16	167	95	96	.
56	9	Si4b1	B4b1	313	313	1	4	667	95	96	.
57	9			-1	-1	1	4	667	100	0	.
58	9	Do5	C5	318	318	1	16	167	95	96	.
59	9	Si4b1	B4b1	313	313	1	16	167	95	96	.
60	9	La4	A4	305	305	1	16	167	95	96	.
61	9	Sol4	G4	296	296	1	16	167	95	96	.
62	9	La4	A4	305	305	1	8	333	95	96	.
63	9	Si4b1	B4b1	313	313	1	8	333	95	96	.
64	9	Do5	C5	318	318	1	8	333	95	96	.
65	9	Mi5	E5	336	336	1	8	333	95	96	.
66	9	Re5	D5	327	327	1	4	667	95	96	.
67	11	Si4b1	B4b1	313	313	1	8	333	95	96	.
68	9	Si4b1	B4b1	313	313	1	16	167	95	96	.
69	9	Sol4	G4	296	296	1	16	167	95	96	.
70	9	La4	A4	305	305	1	16	167	95	96	.
71	9	Sol4	G4	296	296	1	16	167	95	96	.
72	9	La4	A4	305	305	1	16	167	95	96	.
73	9	Si4b1	B4b1	313	313	1	16	167	95	96	.
74	9	Sol4	G4	296	296	3	16	500	95	96	.
75	9	Re4	D4	274	274	1	16	167	95	96	.
76	9	Sol4	G4	296	296	1	4	667	95	96	.
77	9	Si4b1	B4b1	313	313	3	16	500	95	96	gelzemin
78	9	Sol4	G4	296	296	1	16	167	95	96	mez_
79	9	La4	A4	305	305	1	8	333	95	96	ol
80	9	Si4b1	B4b1	313	313	1	8	333	95	96	du 
81	9	La4	A4	305	305	1	8	333	95	96	hiç 
82	9	Sol4	G4	296	296	1	8	333	95	96	se
83	9	Si4b1	B4b1	313	313	1	4	667	95	96	sin  
84	9	Re4	D4	274	274	3	16	500	95	96	Söy
85	9	Mi4	E4	283	283	1	16	167	95	96	le 
86	9	Fa4#4	F4#4	291	291	1	8	333	95	96	ca
87	9	Re4	D4	274	274	1	8	333	95	96	nım 
88	9	Mi4	E4	283	283	1	8	333	95	96	ner
89	9	Fa4#4	F4#4	291	291	1	8	333	95	96	de
90	9	Re4	D4	274	274	1	4	667	95	96	sin  
91	9	Do5	C5	318	318	1	16	167	95	96	U
92	9	Si4b1	B4b1	313	313	3	16	500	95	96	zak
93	9	La4	A4	305	305	1	8	333	95	96	la
94	9	Si4b1	B4b1	313	313	1	8	333	95	96	ra 
95	9	Do5	C5	318	318	1	8	333	95	96	mı 
96	9	Mi5	E5	336	336	1	8	333	95	96	git
97	9	Re5	D5	327	327	1	4	667	95	96	tin  
98	9	Si4b1	B4b1	313	313	3	16	500	95	96	Han
99	9	Sol4	G4	296	296	1	16	167	95	96	gi 
100	9	La4	A4	305	305	1	8	333	95	96	giz
101	9	Si4b1	B4b1	313	313	1	8	333	95	96	li 
102	9	La4	A4	305	305	1	8	333	95	96	yer
103	9	Re4	D4	274	274	1	8	333	95	96	de
104	9	Sol4	G4	296	296	1	4	667	95	96	sin  
105	9	Si4b1	B4b1	313	313	3	16	500	95	96	gel zemin
106	9	Sol4	G4	296	296	1	16	167	95	96	mez_
107	9	La4	A4	305	305	1	8	333	95	96	ol
108	9	Si4b1	B4b1	313	313	1	8	333	95	96	du 
109	9	La4	A4	305	305	1	8	333	95	96	hiç 
110	9	Sol4	G4	296	296	1	8	333	95	96	se
111	9	Si4b1	B4b1	313	313	1	4	667	95	96	sin  
112	9	Re4	D4	274	274	3	16	500	95	96	Söy
113	9	Mi4	E4	283	283	1	16	167	95	96	le 
114	9	Fa4#4	F4#4	291	291	1	8	333	95	96	ca
115	9	Re4	D4	274	274	1	8	333	95	96	nım 
116	9	Mi4	E4	283	283	1	8	333	95	96	ner
117	9	Fa4#4	F4#4	291	291	1	8	333	95	96	de
118	9	Re4	D4	274	274	1	4	667	95	96	sin  
119	9	Do5	C5	318	318	1	16	167	95	96	U
120	9	Si4b1	B4b1	313	313	3	16	500	95	96	zak
121	9	La4	A4	305	305	1	8	333	95	96	la
122	9	Si4b1	B4b1	313	313	1	8	333	95	96	ra 
123	9	Do5	C5	318	318	1	8	333	95	96	mı 
124	9	Mi5	E5	336	336	1	8	333	95	96	git
125	9	Re5	D5	327	327	1	4	667	95	96	tin  
126	9	Si4b1	B4b1	313	313	3	16	500	95	96	Han
127	9	Sol4	G4	296	296	1	16	167	95	96	gi 
128	9	La4	A4	305	305	1	8	333	95	96	giz
129	9	Si4b1	B4b1	313	313	1	8	333	95	96	li 
130	9	La4	A4	305	305	1	8	333	95	96	yer
131	9	Re4	D4	274	274	1	8	333	95	96	de
132	9	Sol4	G4	296	296	1	4	667	95	96	sin  
133	9	Si4b1	B4b1	313	313	1	16	167	95	96	SAZ
134	9	Do5	C5	318	318	1	16	167	95	96	.
135	9	Re5	D5	327	327	1	16	167	95	96	.
136	9	Mi5	E5	336	336	1	16	167	95	96	.
137	9	Re5	D5	327	327	1	16	167	95	96	.
138	9	Do5	C5	318	318	1	16	167	95	96	.
139	9	Si4b1	B4b1	313	313	1	16	167	95	96	.
140	9	Do5	C5	318	318	1	16	167	95	96	.
141	9	Re5	D5	327	327	1	4	667	95	96	.
142	9			-1	-1	1	4	667	100	0	.
143	9	Re5	D5	327	327	1	16	167	95	96	.
144	9	Sol5	G5	349	349	1	16	167	95	96	.
145	9	Fa5#4	F5#4	344	344	1	16	167	95	96	.
146	9	Mi5	E5	336	336	1	16	167	95	96	.
147	9	Re5	D5	327	327	1	16	167	95	96	.
148	9	Do5	C5	318	318	1	16	167	95	96	.
149	9	Si4b1	B4b1	313	313	1	16	167	95	96	.
150	9	La4	A4	305	305	1	16	167	95	96	.
151	9	Sol4	G4	296	296	1	8	333	95	96	.
152	9	Re4	D4	274	274	1	8	333	95	96	.
153	9	Sol4	G4	296	296	1	4	667	95	96	.
154	9	Si4b1	B4b1	313	313	1	8	333	95	96	Kal nakarat
155	9	Re5	D5	327	327	1	8	333	95	96	bim 
156	9			-1	-1	1	8	333	100	0	
157	9	Do5	C5	318	318	1	16	167	95	96	se
158	9	Re5	D5	327	327	1	16	167	95	96	ni 
159	9	Mi5	E5	336	336	1	8	333	95	96	öz
160	9	Re5	D5	327	327	3	8	1000	95	96	ler  
161	9	Si4b1	B4b1	313	313	3	16	500	95	96	Yol
162	9	Sol4	G4	296	296	1	16	167	95	96	la
163	9	La4	A4	305	305	1	8	333	95	96	rı
164	9	Si4b1	B4b1	313	313	1	8	333	95	96	nı 
165	9	Do5	C5	318	318	1	8	333	95	96	göz
166	9	Si4b1	B4b1	313	313	1	8	333	95	96	ler  
167	9			-1	-1	1	4	667	100	0	
168	9	Do5	C5	318	318	3	16	500	95	96	Ner
169	9	Si4b1	B4b1	313	313	1	16	167	95	96	de 
170	9	La4	A4	305	305	1	8	333	95	96	ver
171	9	Si4b1	B4b1	313	313	1	8	333	95	96	di
172	9	Do5	C5	318	318	1	8	333	95	96	ğin 
173	9	Mi5	E5	336	336	1	8	333	95	96	söz
174	9	Re5	D5	327	327	1	4	667	95	96	ler  
175	9	Si4b1	B4b1	313	313	1	16	167	95	96	Ni
176	9	Sol4	G4	296	296	3	16	500	95	96	çin 
177	9	La4	A4	305	305	1	16	167	95	96	ne
178	9	Si4b1	B4b1	313	313	3	16	500	95	96	den 
179	9	La4	A4	305	305	1	8	333	95	96	gel
180	9	Re4	D4	274	274	1	8	333	95	96	me
181	9	Sol4	G4	296	296	1	4	667	95	96	din  
182	9	Si4b1	B4b1	313	313	1	8	333	95	96	Kal nakarat
183	9	Re5	D5	327	327	1	8	333	95	96	bim 
184	9			-1	-1	1	8	333	100	0	
185	9	Do5	C5	318	318	1	16	167	95	96	se
186	9	Re5	D5	327	327	1	16	167	95	96	ni 
187	9	Mi5	E5	336	336	1	8	333	95	96	öz
188	9	Re5	D5	327	327	3	8	1000	95	96	ler  
189	9	Si4b1	B4b1	313	313	3	16	500	95	96	Yol
190	9	Sol4	G4	296	296	1	16	167	95	96	la
191	9	La4	A4	305	305	1	8	333	95	96	rı
192	9	Si4b1	B4b1	313	313	1	8	333	95	96	nı 
193	9	Do5	C5	318	318	1	8	333	95	96	göz
194	9	Si4b1	B4b1	313	313	1	8	333	95	96	ler  
195	9			-1	-1	1	4	667	100	0	
196	9	Do5	C5	318	318	3	16	500	95	96	Ner
197	9	Si4b1	B4b1	313	313	1	16	167	95	96	de 
198	9	La4	A4	305	305	1	8	333	95	96	ver
199	9	Si4b1	B4b1	313	313	1	8	333	95	96	di
200	9	Do5	C5	318	318	1	8	333	95	96	ğin 
201	9	Mi5	E5	336	336	1	8	333	95	96	söz
202	9	Re5	D5	327	327	1	4	667	95	96	ler  
203	9	Si4b1	B4b1	313	313	1	16	167	95	96	Ni
204	9	Sol4	G4	296	296	3	16	500	95	96	çin 
205	9	La4	A4	305	305	1	16	167	95	96	ne
206	9	Si4b1	B4b1	313	313	3	16	500	95	96	den 
207	9	La4	A4	305	305	1	8	333	95	96	gel
208	9	Re4	D4	274	274	1	8	333	95	96	me
209	9	Sol4	G4	296	296	1	4	667	95	96	din  
210	9	Si4b1	B4b1	313	313	1	8	333	95	96	ARANAĞME
211	9	Re5	D5	327	327	1	8	333	95	96	.
212	9			-1	-1	1	16	167	100	0	.
213	9	Si4b1	B4b1	313	313	1	16	167	95	96	.
214	9	Do5	C5	318	318	1	16	167	95	96	.
215	9	Re5	D5	327	327	1	16	167	95	96	.
216	9	Mi5	E5	336	336	1	8	333	95	96	.
217	9	Re5	D5	327	327	1	8	333	95	96	.
218	9	Si4b1	B4b1	313	313	1	8	333	95	96	.
219	9	Sol4	G4	296	296	1	8	333	95	96	.
220	11	Si4b1	B4b1	313	313	1	8	333	95	96	.
221	9	Si4b1	B4b1	313	313	1	16	167	95	96	.
222	9	Sol4	G4	296	296	1	16	167	95	96	.
223	9	La4	A4	305	305	1	16	167	95	96	.
224	9	Sol4	G4	296	296	1	16	167	95	96	.
225	9	La4	A4	305	305	1	16	167	95	96	.
226	9	Sol4	G4	296	296	1	16	167	95	96	.
227	9	Si4b1	B4b1	313	313	1	4	667	95	96	.
228	9			-1	-1	1	4	667	100	0	.
229	9	Do5	C5	318	318	1	16	167	95	96	.
230	9	Si4b1	B4b1	313	313	1	16	167	95	96	.
231	9	La4	A4	305	305	1	16	167	95	96	.
232	9	Sol4	G4	296	296	1	16	167	95	96	.
233	9	La4	A4	305	305	1	8	333	95	96	.
234	9	Si4b1	B4b1	313	313	1	8	333	95	96	.
235	9	Do5	C5	318	318	1	8	333	95	96	.
236	9	Mi5	E5	336	336	1	8	333	95	96	.
237	9	Re5	D5	327	327	1	4	667	95	96	.
238	11	Si4b1	B4b1	313	313	1	8	333	95	96	.
239	9	Si4b1	B4b1	313	313	1	16	167	95	96	.
240	9	Sol4	G4	296	296	1	16	167	95	96	.
241	9	La4	A4	305	305	1	16	167	95	96	.
242	9	Sol4	G4	296	296	1	16	167	95	96	.
243	9	La4	A4	305	305	1	16	167	95	96	.
244	9	Si4b1	B4b1	313	313	1	16	167	95	96	.
245	9	Sol4	G4	296	296	3	16	500	95	96	.
246	9	Re4	D4	274	274	1	16	167	95	96	.
247	9	Sol4	G4	296	296	1	4	667	95	96	.
248	9	Si4b1	B4b1	313	313	1	8	333	95	96	ARANAĞME
249	9	Re5	D5	327	327	1	8	333	95	96	.
250	9			-1	-1	1	16	167	100	0	.
251	9	Si4b1	B4b1	313	313	1	16	167	95	96	.
252	9	Do5	C5	318	318	1	16	167	95	96	.
253	9	Re5	D5	327	327	1	16	167	95	96	.
254	9	Mi5	E5	336	336	1	8	333	95	96	.
255	9	Re5	D5	327	327	1	8	333	95	96	.
256	9	Si4b1	B4b1	313	313	1	8	333	95	96	.
257	9	Sol4	G4	296	296	1	8	333	95	96	.
258	11	Si4b1	B4b1	313	313	1	8	333	95	96	.
259	9	Si4b1	B4b1	313	313	1	16	167	95	96	.
260	9	Sol4	G4	296	296	1	16	167	95	96	.
261	9	La4	A4	305	305	1	16	167	95	96	.
262	9	Sol4	G4	296	296	1	16	167	95	96	.
263	9	La4	A4	305	305	1	16	167	95	96	.
264	9	Sol4	G4	296	296	1	16	167	95	96	.
265	9	Si4b1	B4b1	313	313	1	4	667	95	96	.
266	9			-1	-1	1	4	667	100	0	.
267	9	Do5	C5	318	318	1	16	167	95	96	.
268	9	Si4b1	B4b1	313	313	1	16	167	95	96	.
269	9	La4	A4	305	305	1	16	167	95	96	.
270	9	Sol4	G4	296	296	1	16	167	95	96	.
271	9	La4	A4	305	305	1	8	333	95	96	.
272	9	Si4b1	B4b1	313	313	1	8	333	95	96	.
273	9	Do5	C5	318	318	1	8	333	95	96	.
274	9	Mi5	E5	336	336	1	8	333	95	96	.
275	9	Re5	D5	327	327	1	4	667	95	96	.
276	11	Si4b1	B4b1	313	313	1	8	333	95	96	.
277	9	Si4b1	B4b1	313	313	1	16	167	95	96	.
278	9	Sol4	G4	296	296	1	16	167	95	96	.
279	9	La4	A4	305	305	1	16	167	95	96	.
280	9	Sol4	G4	296	296	1	16	167	95	96	.
281	9	La4	A4	305	305	1	16	167	95	96	.
282	9	Si4b1	B4b1	313	313	1	16	167	95	96	.
283	9	Sol4	G4	296	296	3	16	500	95	96	.
284	9	Re4	D4	274	274	1	16	167	95	96	.
285	9	Sol4	G4	296	296	1	4	667	95	96	.
286	9	Si4b1	B4b1	313	313	3	16	500	95	96	Gü zemin
287	9	Sol4	G4	296	296	1	16	167	95	96	ze
288	9	La4	A4	305	305	1	8	333	95	96	lim 
289	9	Si4b1	B4b1	313	313	1	8	333	95	96	gül
290	9	La4	A4	305	305	1	8	333	95	96	ler 
291	9	Sol4	G4	296	296	1	8	333	95	96	aç
292	9	Si4b1	B4b1	313	313	1	4	667	95	96	sın  
293	9	Re4	D4	274	274	3	16	500	95	96	E
294	9	Mi4	E4	283	283	1	16	167	95	96	lem
295	9	Fa4#4	F4#4	291	291	1	8	333	95	96	ler 
296	9	Re4	D4	274	274	1	8	333	95	96	biz
297	9	Mi4	E4	283	283	1	8	333	95	96	den 
298	9	Fa4#4	F4#4	291	291	1	8	333	95	96	kaç
299	9	Re4	D4	274	274	1	4	667	95	96	sın  
300	9	Do5	C5	318	318	1	16	167	95	96	Se
301	9	Si4b1	B4b1	313	313	3	16	500	95	96	vi
302	9	La4	A4	305	305	1	8	333	95	96	şip 
303	9	Si4b1	B4b1	313	313	1	8	333	95	96	kok
304	9	Do5	C5	318	318	1	8	333	95	96	laş
305	9	Mi5	E5	336	336	1	8	333	95	96	ma
306	9	Re5	D5	327	327	1	4	667	95	96	mız  
307	9	Si4b1	B4b1	313	313	3	16	500	95	96	Et
308	9	Sol4	G4	296	296	1	16	167	95	96	ra
309	9	La4	A4	305	305	1	8	333	95	96	fa 
310	9	Si4b1	B4b1	313	313	1	8	333	95	96	neş
311	9	La4	A4	305	305	1	8	333	95	96	e 
312	9	Re4	D4	274	274	1	8	333	95	96	saç
313	9	Sol4	G4	296	296	1	4	667	95	96	sın  
314	9	Si4b1	B4b1	313	313	3	16	500	95	96	Gü zemin
315	9	Sol4	G4	296	296	1	16	167	95	96	ze
316	9	La4	A4	305	305	1	8	333	95	96	lim 
317	9	Si4b1	B4b1	313	313	1	8	333	95	96	gül
318	9	La4	A4	305	305	1	8	333	95	96	ler 
319	9	Sol4	G4	296	296	1	8	333	95	96	aç
320	9	Si4b1	B4b1	313	313	1	4	667	95	96	sın  
321	9	Re4	D4	274	274	3	16	500	95	96	E
322	9	Mi4	E4	283	283	1	16	167	95	96	lem
323	9	Fa4#4	F4#4	291	291	1	8	333	95	96	ler 
324	9	Re4	D4	274	274	1	8	333	95	96	biz
325	9	Mi4	E4	283	283	1	8	333	95	96	den 
326	9	Fa4#4	F4#4	291	291	1	8	333	95	96	kaç
327	9	Re4	D4	274	274	1	4	667	95	96	sın  
328	9	Do5	C5	318	318	1	16	167	95	96	Se
329	9	Si4b1	B4b1	313	313	3	16	500	95	96	vi
330	9	La4	A4	305	305	1	8	333	95	96	şip 
331	9	Si4b1	B4b1	313	313	1	8	333	95	96	kok
332	9	Do5	C5	318	318	1	8	333	95	96	laş
333	9	Mi5	E5	336	336	1	8	333	95	96	ma
334	9	Re5	D5	327	327	1	4	667	95	96	mız  
335	9	Si4b1	B4b1	313	313	3	16	500	95	96	Et
336	9	Sol4	G4	296	296	1	16	167	95	96	ra
337	9	La4	A4	305	305	1	8	333	95	96	fa 
338	9	Si4b1	B4b1	313	313	1	8	333	95	96	neş
339	9	La4	A4	305	305	1	8	333	95	96	e 
340	9	Re4	D4	274	274	1	8	333	95	96	saç
341	9	Sol4	G4	296	296	1	4	667	95	96	sın  
342	9	Si4b1	B4b1	313	313	1	16	167	95	96	SAZ
343	9	Do5	C5	318	318	1	16	167	95	96	.
344	9	Re5	D5	327	327	1	16	167	95	96	.
345	9	Mi5	E5	336	336	1	16	167	95	96	.
346	9	Re5	D5	327	327	1	16	167	95	96	.
347	9	Do5	C5	318	318	1	16	167	95	96	.
348	9	Si4b1	B4b1	313	313	1	16	167	95	96	.
349	9	Do5	C5	318	318	1	16	167	95	96	.
350	9	Re5	D5	327	327	1	4	667	95	96	.
351	9			-1	-1	1	4	667	100	0	.
352	9	Re5	D5	327	327	1	16	167	95	96	.
353	9	Sol5	G5	349	349	1	16	167	95	96	.
354	9	Fa5#4	F5#4	344	344	1	16	167	95	96	.
355	9	Mi5	E5	336	336	1	16	167	95	96	.
356	9	Re5	D5	327	327	1	16	167	95	96	.
357	9	Do5	C5	318	318	1	16	167	95	96	.
358	9	Si4b1	B4b1	313	313	1	16	167	95	96	.
359	9	La4	A4	305	305	1	16	167	95	96	.
360	9	Sol4	G4	296	296	1	8	333	95	96	.
361	9	Re4	D4	274	274	1	8	333	95	96	.
362	9	Sol4	G4	296	296	1	4	667	95	96	.
363	9	Si4b1	B4b1	313	313	1	8	333	95	96	Kal nakarat
364	9	Re5	D5	327	327	1	8	333	95	96	bim 
365	9			-1	-1	1	8	333	100	0	
366	9	Do5	C5	318	318	1	16	167	95	96	se
367	9	Re5	D5	327	327	1	16	167	95	96	ni 
368	9	Mi5	E5	336	336	1	8	333	95	96	öz
369	9	Re5	D5	327	327	3	8	1000	95	96	ler  
370	9	Si4b1	B4b1	313	313	3	16	500	95	96	Yol
371	9	Sol4	G4	296	296	1	16	167	95	96	la
372	9	La4	A4	305	305	1	8	333	95	96	rı
373	9	Si4b1	B4b1	313	313	1	8	333	95	96	nı 
374	9	Do5	C5	318	318	1	8	333	95	96	göz
375	9	Si4b1	B4b1	313	313	1	8	333	95	96	ler  
376	9			-1	-1	1	4	667	100	0	
377	9	Do5	C5	318	318	3	16	500	95	96	Ner
378	9	Si4b1	B4b1	313	313	1	16	167	95	96	de 
379	9	La4	A4	305	305	1	8	333	95	96	ver
380	9	Si4b1	B4b1	313	313	1	8	333	95	96	di
381	9	Do5	C5	318	318	1	8	333	95	96	ğin 
382	9	Mi5	E5	336	336	1	8	333	95	96	söz
383	9	Re5	D5	327	327	1	4	667	95	96	ler  
384	9	Si4b1	B4b1	313	313	1	16	167	95	96	Ni
385	9	Sol4	G4	296	296	3	16	500	95	96	çin 
386	9	La4	A4	305	305	1	16	167	95	96	ne
387	9	Si4b1	B4b1	313	313	3	16	500	95	96	den 
388	9	La4	A4	305	305	1	8	333	95	96	gel
389	9	Re4	D4	274	274	1	8	333	95	96	me
390	9	Sol4	G4	296	296	1	4	667	95	96	din  
391	9	Si4b1	B4b1	313	313	1	8	333	95	96	Kal nakarat
392	9	Re5	D5	327	327	1	8	333	95	96	bim 
393	9			-1	-1	1	8	333	100	0	
394	9	Do5	C5	318	318	1	16	167	95	96	se
395	9	Re5	D5	327	327	1	16	167	95	96	ni 
396	9	Mi5	E5	336	336	1	8	333	95	96	öz
397	9	Re5	D5	327	327	3	8	1000	95	96	ler  
398	9	Si4b1	B4b1	313	313	3	16	500	95	96	Yol
399	9	Sol4	G4	296	296	1	16	167	95	96	la
400	9	La4	A4	305	305	1	8	333	95	96	rı
401	9	Si4b1	B4b1	313	313	1	8	333	95	96	nı 
402	9	Do5	C5	318	318	1	8	333	95	96	göz
403	9	Si4b1	B4b1	313	313	1	8	333	95	96	ler  
404	9			-1	-1	1	4	667	100	0	
405	9	Do5	C5	318	318	3	16	500	95	96	Ner
406	9	Si4b1	B4b1	313	313	1	16	167	95	96	de 
407	9	La4	A4	305	305	1	8	333	95	96	ver
408	9	Si4b1	B4b1	313	313	1	8	333	95	96	di
409	9	Do5	C5	318	318	1	8	333	95	96	ğin 
410	9	Mi5	E5	336	336	1	8	333	95	96	söz
411	9	Re5	D5	327	327	1	4	667	95	96	ler  
412	9	Si4b1	B4b1	313	313	1	16	167	95	96	Ni
413	9	Sol4	G4	296	296	3	16	500	95	96	çin 
414	9	La4	A4	305	305	1	16	167	95	96	ne
415	9	Si4b1	B4b1	313	313	3	16	500	95	96	den 
416	9	La4	A4	305	305	1	8	333	95	96	gel
417	9	Re4	D4	274	274	1	8	333	95	96	me
418	9	Sol4	G4	296	296	1	4	667	95	96	din  
