0.000000000000000000e+00	3.404872715473175049e-01	1.349466592073440552e-01	1.322169005870819092e-01	2.743153870105743408e-01	2.626160718500614166e-02	2.612615823745727539e-01	1.002073884010314941e-01	2.154858708381652832e-01	4.105907306075096130e-02	5.461506843566894531e-01	1.000000000000000000e+00	4.651110991835594177e-02
4.643990844488143921e-02	2.401127368211746216e-01	6.607010960578918457e-02	5.028497800230979919e-02	3.725723922252655029e-01	3.489214181900024414e-01	4.904152452945709229e-01	5.940942466259002686e-02	2.696127891540527344e-01	8.818213641643524170e-02	1.347313821315765381e-01	1.000000000000000000e+00	8.773503303527832031e-01
9.287981688976287842e-02	1.229990869760513306e-01	5.402065441012382507e-02	2.800332307815551758e-01	3.420083224773406982e-01	1.138492375612258911e-01	1.338590979576110840e-01	1.722944229841232300e-01	5.888075828552246094e-01	8.416484296321868896e-02	8.293332457542419434e-01	1.000000000000000000e+00	5.093309879302978516e-01
1.393197327852249146e-01	1.423941999673843384e-01	6.362613439559936523e-01	2.849639393389225006e-02	2.620360553264617920e-01	1.788413524627685547e-01	6.043277680873870850e-02	2.334787845611572266e-01	5.515282973647117615e-02	9.367629289627075195e-01	1.008564084768295288e-01	1.000000000000000000e+00	2.725552916526794434e-01
1.857596337795257568e-01	5.900691822171211243e-02	2.902018129825592041e-01	2.897081673145294189e-01	2.486450225114822388e-01	1.368016153573989868e-01	1.162443682551383972e-02	4.287451803684234619e-01	9.241246432065963745e-02	6.076577901840209961e-01	6.161940470337867737e-02	1.000000000000000000e+00	2.895306050777435303e-01
2.321995496749877930e-01	2.832718938589096069e-02	4.863462448120117188e-01	6.257668137550354004e-02	2.301373332738876343e-01	1.293738037347793579e-01	6.691963877528905869e-03	1.183201223611831665e-01	1.086877584457397461e-01	8.259019255638122559e-01	7.328699529170989990e-02	1.000000000000000000e+00	1.730999499559402466e-01
2.786394655704498291e-01	2.028929069638252258e-02	1.427009105682373047e-01	2.447916381061077118e-02	2.329441905021667480e-01	1.826825588941574097e-01	7.905732393264770508e-01	1.132669299840927124e-01	1.038843765854835510e-01	1.312170177698135376e-01	1.167944371700286865e-01	1.000000000000000000e+00	7.179343104362487793e-01
3.250793516635894775e-01	4.243284836411476135e-02	9.199248999357223511e-02	3.430835669860243797e-03	2.444016933441162109e-01	2.245685607194900513e-01	1.060964912176132202e-01	6.953804194927215576e-02	4.026459157466888428e-02	2.268602102994918823e-01	2.911563217639923096e-02	1.000000000000000000e+00	8.412075042724609375e-01
3.715192675590515137e-01	2.010194770991802216e-02	6.651830673217773438e-02	9.200490079820156097e-03	2.476878315210342407e-01	2.407368421554565430e-01	6.474183406680822372e-03	1.111766099929809570e-01	5.425026267766952515e-02	1.746741533279418945e-01	2.993560768663883209e-02	1.000000000000000000e+00	9.774256944656372070e-01
4.179591834545135498e-01	1.102134883403778076e-01	1.461481489241123199e-02	1.715659722685813904e-02	2.470155805349349976e-01	2.479634284973144531e-01	3.470489010214805603e-02	4.269402101635932922e-02	9.907506406307220459e-02	3.791277483105659485e-02	9.228638559579849243e-02	1.000000000000000000e+00	8.204036355018615723e-01
4.643990993499755859e-01	2.419762685894966125e-02	4.279601201415061951e-02	5.149833485484123230e-02	2.434360533952713013e-01	2.096603810787200928e-01	9.229531884193420410e-02	4.362012445926666260e-02	1.674530282616615295e-02	1.835882812738418579e-01	9.969989955425262451e-02	1.000000000000000000e+00	6.627698540687561035e-01
5.108389854431152344e-01	7.600302249193191528e-02	3.075949549674987793e-01	4.322722181677818298e-02	2.386276274919509888e-01	1.355145573616027832e-01	3.961922228336334229e-02	7.178396731615066528e-02	2.718482017517089844e-01	9.940299987792968750e-01	5.553164705634117126e-02	1.000000000000000000e+00	3.981945514678955078e-01
5.572789311408996582e-01	9.990603476762771606e-02	4.132791236042976379e-02	1.383002549409866333e-01	2.712266743183135986e-01	2.607652246952056885e-01	4.884611815214157104e-02	3.564811870455741882e-02	3.189759254455566406e-01	5.946383625268936157e-02	5.666595697402954102e-01	1.000000000000000000e+00	7.632481455802917480e-01
6.037188172340393066e-01	1.742607802152633667e-01	2.473332434892654419e-01	1.014679521322250366e-01	9.640914946794509888e-02	1.519257873296737671e-01	3.668087422847747803e-01	5.302498489618301392e-02	6.661516427993774414e-01	1.000000000000000000e+00	3.941601887345314026e-02	3.192010819911956787e-01	2.452110052108764648e-01
6.501587033271789551e-01	1.138552278280258179e-01	2.249780297279357910e-01	2.721299827098846436e-01	5.794692635536193848e-01	4.075249284505844116e-02	4.370216131210327148e-01	1.669474393129348755e-01	2.697098851203918457e-01	1.000000000000000000e+00	8.644661307334899902e-01	3.998754322528839111e-01	9.822929650545120239e-02
6.965986490249633789e-01	1.469954401254653931e-01	2.345463186502456665e-01	4.699955135583877563e-02	1.312188655138015747e-01	9.391940236091613770e-01	1.243079360574483871e-02	1.052586436271667480e-01	4.027645289897918701e-01	1.000000000000000000e+00	2.556266188621520996e-01	4.509649872779846191e-01	1.573527902364730835e-01
7.430385351181030273e-01	9.629712998867034912e-02	2.523941695690155029e-01	1.819640249013900757e-01	4.897232167422771454e-03	5.442233085632324219e-01	1.860098168253898621e-02	8.173979520797729492e-01	1.100553646683692932e-01	1.000000000000000000e+00	1.889595836400985718e-01	2.162399888038635254e-02	9.594354033470153809e-01
7.894784808158874512e-01	1.001763269305229187e-01	2.292838990688323975e-01	8.395706117153167725e-02	4.294455051422119141e-02	1.534493863582611084e-01	2.166432701051235199e-02	9.287284016609191895e-01	4.284924827516078949e-03	1.000000000000000000e+00	2.384682931005954742e-02	1.860137730836868286e-01	1.896192878484725952e-01
8.359183669090270996e-01	1.386078447103500366e-01	2.482296675443649292e-01	4.043976962566375732e-02	1.183016784489154816e-02	9.601861834526062012e-01	1.760427094995975494e-02	4.053881466388702393e-01	2.774012684822082520e-01	1.000000000000000000e+00	2.402466535568237305e-01	5.185434594750404358e-03	2.470930367708206177e-01
8.823582530021667480e-01	5.932130813598632812e-01	2.611592113971710205e-01	4.221762418746948242e-01	8.139976859092712402e-02	2.399416863918304443e-01	4.915734529495239258e-01	6.832770109176635742e-01	1.000000000000000000e+00	9.738483428955078125e-01	1.660740077495574951e-01	1.469792127609252930e-01	4.525325596332550049e-01
9.287981986999511719e-01	3.202846646308898926e-01	1.007532700896263123e-01	1.413131654262542725e-01	2.084260880947113037e-01	4.333495497703552246e-01	7.526110857725143433e-02	6.328499317169189453e-01	1.000000000000000000e+00	9.755422174930572510e-02	5.112445950508117676e-01	3.961272537708282471e-02	1.620603501796722412e-01
9.752380847930908203e-01	2.685634195804595947e-01	2.618068642914295197e-02	1.922063678503036499e-01	7.506287842988967896e-02	3.381783664226531982e-01	2.761199176311492920e-01	4.598341882228851318e-03	1.000000000000000000e+00	6.085334718227386475e-02	3.865175843238830566e-01	1.125415563583374023e-01	7.506410777568817139e-02
1.021677970886230469e+00	2.182210236787796021e-01	4.214023053646087646e-02	2.710203230381011963e-01	6.077527254819869995e-02	9.539622813463211060e-02	2.754634618759155273e-01	6.578831374645233154e-02	1.000000000000000000e+00	2.986144833266735077e-02	4.692646116018295288e-02	7.375938445329666138e-02	1.312112212181091309e-01
1.068117856979370117e+00	2.510846257209777832e-01	8.189664036035537720e-02	2.384933084249496460e-02	1.308784335851669312e-01	6.358661055564880371e-01	5.434027910232543945e-01	7.612983882427215576e-02	1.000000000000000000e+00	6.312244385480880737e-02	1.945924460887908936e-01	3.270914256572723389e-01	3.492566570639610291e-02
1.114557862281799316e+00	4.672931730747222900e-01	1.863168738782405853e-02	1.746571063995361328e-01	8.214049786329269409e-02	9.808731675148010254e-01	7.973996549844741821e-02	6.084548234939575195e-01	1.000000000000000000e+00	1.140994206070899963e-01	3.259462416172027588e-01	1.108161583542823792e-01	1.424570828676223755e-01
1.160997748374938965e+00	3.471338748931884766e-01	1.197150871157646179e-01	4.628030583262443542e-02	8.835607767105102539e-01	5.699656531214714050e-02	9.782510399818420410e-01	7.206943035125732422e-01	1.000000000000000000e+00	3.298349380493164062e-01	4.594664275646209717e-02	2.004429399967193604e-01	2.136310636997222900e-01
1.207437634468078613e+00	6.334382295608520508e-01	5.967283248901367188e-02	1.450476609170436859e-02	8.258659392595291138e-02	6.152039859443902969e-03	8.164517879486083984e-01	1.219364702701568604e-01	1.000000000000000000e+00	4.134199023246765137e-02	3.915815800428390503e-02	1.753264665603637695e-01	3.302720561623573303e-02
1.253877520561218262e+00	6.163979768753051758e-01	7.333700358867645264e-02	1.545733660459518433e-01	1.642917990684509277e-01	5.631902217864990234e-01	9.237321615219116211e-01	6.337071657180786133e-01	1.000000000000000000e+00	2.171553969383239746e-01	1.533530652523040771e-01	5.948114395141601562e-01	1.482866257429122925e-01
1.300317406654357910e+00	4.178308844566345215e-01	8.996100723743438721e-02	2.357680052518844604e-01	5.880287662148475647e-02	6.933958828449249268e-02	3.269131183624267578e-01	5.100586414337158203e-01	1.000000000000000000e+00	3.372876942157745361e-01	3.040998615324497223e-02	8.979933708906173706e-02	2.075362205505371094e-01
1.346757411956787109e+00	2.322432100772857666e-01	2.425166666507720947e-01	1.799054443836212158e-01	7.866955548524856567e-02	4.646712169051170349e-02	2.972522377967834473e-01	3.283320367336273193e-02	1.000000000000000000e+00	9.827522635459899902e-01	3.858643770217895508e-02	1.143702194094657898e-01	1.270001940429210663e-02
1.393197298049926758e+00	2.391054779291152954e-01	6.688982248306274414e-02	4.275813326239585876e-02	9.972984343767166138e-02	3.595494851469993591e-02	4.567001461982727051e-01	5.460171103477478027e-01	1.000000000000000000e+00	3.010314516723155975e-02	1.133134737610816956e-01	1.281585395336151123e-01	1.445558816194534302e-01
1.439637184143066406e+00	2.365802675485610962e-01	8.278103917837142944e-02	1.627649553120136261e-02	8.941051959991455078e-01	2.195055186748504639e-01	1.591430753469467163e-01	2.211637794971466064e-02	1.000000000000000000e+00	3.483844101428985596e-01	3.276451528072357178e-01	1.489221118390560150e-02	4.133897423744201660e-01
1.486077070236206055e+00	2.557983994483947754e-01	1.214260235428810120e-02	3.207871317863464355e-02	9.558317065238952637e-02	6.355338692665100098e-01	3.120309486985206604e-02	1.401526387780904770e-02	1.000000000000000000e+00	2.319341339170932770e-02	2.019492685794830322e-01	1.468927562236785889e-01	3.039304725825786591e-02
1.532516956329345703e+00	3.518187999725341797e-01	1.281616687774658203e-01	8.997321873903274536e-02	2.797134816646575928e-01	1.066607460379600525e-01	9.919519722461700439e-02	9.763597249984741211e-01	1.000000000000000000e+00	5.272437930107116699e-01	5.488577485084533691e-02	2.461342141032218933e-02	5.321646332740783691e-01
1.578956961631774902e+00	4.773362278938293457e-01	3.721691668033599854e-02	7.723876088857650757e-02	7.595872879028320312e-01	8.432273864746093750e-01	9.275452792644500732e-02	1.963582634925842285e-01	1.000000000000000000e+00	2.081933319568634033e-01	2.831197679042816162e-01	9.549226760864257812e-01	5.685386061668395996e-02
1.625396847724914551e+00	4.043537080287933350e-01	1.778785884380340576e-01	2.535873651504516602e-01	7.789716869592666626e-02	8.456327915191650391e-01	3.069222569465637207e-01	9.568031877279281616e-02	1.000000000000000000e+00	3.906573951244354248e-01	9.759598374366760254e-01	8.884365111589431763e-02	1.935855001211166382e-01
1.671836733818054199e+00	3.563481867313385010e-01	2.076483219861984253e-01	1.011487767100334167e-01	9.296395182609558105e-01	7.963496446609497070e-02	2.250300198793411255e-01	7.650315761566162109e-01	1.000000000000000000e+00	9.994117617607116699e-01	4.552475735545158386e-02	7.848925590515136719e-01	2.170789986848831177e-01
1.718276619911193848e+00	2.320199459791183472e-01	1.331831328570842743e-02	2.068389952182769775e-01	1.204419881105422974e-01	1.957467989996075630e-03	2.522096335887908936e-01	4.947634413838386536e-02	1.000000000000000000e+00	2.059875056147575378e-02	2.969196625053882599e-02	2.886689007282257080e-01	9.120471775531768799e-03
1.764716506004333496e+00	3.289641737937927246e-01	1.688598245382308960e-01	1.189925819635391235e-01	8.044536411762237549e-02	3.089902102947235107e-01	5.424979329109191895e-01	9.745105504989624023e-01	1.000000000000000000e+00	6.021492481231689453e-01	1.289538443088531494e-01	1.433914005756378174e-01	2.383509129285812378e-01
1.811156511306762695e+00	4.363461434841156006e-01	4.935269802808761597e-02	4.351682662963867188e-01	6.180048733949661255e-02	7.505373954772949219e-01	2.437808662652969360e-01	8.815985918045043945e-01	1.000000000000000000e+00	1.675040274858474731e-01	2.198343873023986816e-01	5.696016550064086914e-02	1.739040613174438477e-01
1.857596397399902344e+00	3.340086936950683594e-01	1.102367341518402100e-01	1.412247270345687866e-01	1.091936603188514709e-01	4.289022982120513916e-01	1.000000000000000000e+00	7.658124566078186035e-01	9.783964157104492188e-01	2.558267414569854736e-01	2.853678166866302490e-01	2.810766696929931641e-01	1.724989563226699829e-01
1.904036283493041992e+00	2.661078870296478271e-01	3.336926922202110291e-02	4.208679869771003723e-02	2.078486829996109009e-01	6.861777901649475098e-01	2.980176918208599091e-02	8.149645477533340454e-02	1.000000000000000000e+00	5.766490846872329712e-02	2.246893793344497681e-01	6.209225058555603027e-01	1.877686008810997009e-02
1.950476169586181641e+00	2.873902320861816406e-01	1.069469302892684937e-01	5.420129746198654175e-02	1.921702027320861816e-01	1.000000000000000000e+00	2.866333536803722382e-02	1.117063686251640320e-01	9.971817731857299805e-01	2.411984354257583618e-01	2.655085325241088867e-01	5.644110441207885742e-01	4.394667595624923706e-02
1.996916055679321289e+00	3.446012139320373535e-01	1.663182824850082397e-01	8.405039459466934204e-02	2.803068757057189941e-01	7.800634205341339111e-02	9.775397777557373047e-01	2.291080355644226074e-01	1.000000000000000000e+00	3.439306318759918213e-01	4.338423162698745728e-02	3.969064056873321533e-01	4.854517057538032532e-02
2.043355941772460938e+00	2.175877541303634644e-01	1.417945027351379395e-01	1.618108749389648438e-01	3.675841391086578369e-01	8.547502756118774414e-02	8.678201436996459961e-01	1.418230682611465454e-02	1.000000000000000000e+00	2.738190293312072754e-01	1.012387946248054504e-01	6.196717023849487305e-01	4.815526679158210754e-02
2.089795827865600586e+00	2.030074298381805420e-01	5.981658697128295898e-01	1.000000000000000000e+00	6.837360858917236328e-01	9.085705876350402832e-02	9.909335970878601074e-01	8.371847271919250488e-01	2.908499240875244141e-01	2.638012170791625977e-01	3.126640990376472473e-02	5.632101893424987793e-01	1.475414186716079712e-01
2.136235713958740234e+00	4.107779860496520996e-01	4.004375636577606201e-02	6.535364985466003418e-01	1.000000000000000000e+00	5.866911634802818298e-02	1.106796190142631531e-01	1.507627498358488083e-02	9.278066158294677734e-01	2.432521432638168335e-01	2.855496667325496674e-02	1.728268563747406006e-01	2.309872359037399292e-01
2.182675838470458984e+00	1.349198073148727417e-01	5.729556456208229065e-02	2.480935491621494293e-02	1.000000000000000000e+00	9.791108965873718262e-01	2.058635093271732330e-02	2.750497460365295410e-01	1.182622909545898438e-01	2.371241003274917603e-01	2.318310290575027466e-01	3.744662180542945862e-02	4.245693385601043701e-01
2.229115724563598633e+00	2.967297732830047607e-01	1.949402987957000732e-01	5.224375054240226746e-02	1.000000000000000000e+00	8.287915587425231934e-02	6.908936798572540283e-02	7.239568829536437988e-01	1.519168075174093246e-02	2.458841502666473389e-01	4.432031139731407166e-02	8.145567774772644043e-01	2.969187200069427490e-01
2.275555610656738281e+00	8.582630753517150879e-01	1.024488732218742371e-01	3.379770517349243164e-01	1.000000000000000000e+00	7.889216542243957520e-01	3.000946044921875000e-01	4.306322336196899414e-02	8.553889393806457520e-01	4.479685127735137939e-01	2.234718948602676392e-01	7.407201826572418213e-02	9.611310958862304688e-01
2.321995496749877930e+00	7.081224322319030762e-01	3.514477312564849854e-01	2.866774238646030426e-02	1.000000000000000000e+00	3.490958735346794128e-02	9.161760807037353516e-01	1.503580361604690552e-01	3.091175854206085205e-01	2.597210705280303955e-01	6.020027026534080505e-02	5.368654131889343262e-01	4.257699474692344666e-02
2.368435382843017578e+00	8.949892520904541016e-01	5.950781330466270447e-02	4.152128398418426514e-01	1.000000000000000000e+00	9.565243124961853027e-02	3.170111477375030518e-01	1.117434427142143250e-01	1.103657111525535583e-01	3.471983969211578369e-01	1.349342465400695801e-01	3.489560484886169434e-01	4.052969813346862793e-01
2.414875268936157227e+00	3.294944763183593750e-01	1.977364569902420044e-01	1.346914842724800110e-02	5.121682286262512207e-01	4.279353916645050049e-01	1.000000000000000000e+00	2.285999432206153870e-02	1.688183695077896118e-01	3.431805670261383057e-01	9.480862319469451904e-02	2.211064845323562622e-01	7.307024598121643066e-01
2.461315155029296875e+00	2.235310673713684082e-01	3.678072392940521240e-01	7.275808602571487427e-02	7.185605168342590332e-02	2.109113633632659912e-01	1.000000000000000000e+00	4.403236508369445801e-02	2.169470489025115967e-01	7.945489883422851562e-01	4.134841635823249817e-02	1.812625229358673096e-01	1.878772974014282227e-01
2.507755041122436523e+00	4.352037012577056885e-01	5.184414386749267578e-01	1.016589719802141190e-02	2.942268848419189453e-01	8.538669347763061523e-02	9.503687620162963867e-01	1.241337954998016357e-01	1.303355693817138672e-01	4.093662202358245850e-01	3.277999907732009888e-02	1.000000000000000000e+00	1.351107191294431686e-02
2.554194927215576172e+00	5.968324542045593262e-01	3.860299289226531982e-01	4.277944564819335938e-02	1.280747056007385254e-01	6.550095081329345703e-01	1.000000000000000000e+00	3.383172675967216492e-02	1.998497396707534790e-01	8.940968513488769531e-01	1.704853624105453491e-01	2.069530487060546875e-01	3.257570788264274597e-03
2.600634813308715820e+00	6.441942602396011353e-02	2.124667912721633911e-01	1.485353857278823853e-01	7.158277183771133423e-02	5.736537575721740723e-01	1.000000000000000000e+00	3.402455151081085205e-01	2.887304127216339111e-01	3.392974287271499634e-02	2.296392172574996948e-01	1.744803488254547119e-01	9.956253767013549805e-01
2.647074937820434570e+00	1.420463770627975464e-01	3.810904026031494141e-01	3.368395194411277771e-02	1.794212162494659424e-01	7.485157251358032227e-01	1.000000000000000000e+00	1.245198473334312439e-01	2.141108363866806030e-01	7.965472936630249023e-01	1.860840916633605957e-01	2.036560773849487305e-01	9.757707715034484863e-01
2.693514823913574219e+00	1.427950561046600342e-01	1.859053075313568115e-01	4.242732375860214233e-02	1.278990805149078369e-01	1.000000000000000000e+00	5.923750996589660645e-01	1.246344372630119324e-01	4.455789625644683838e-01	3.644443154335021973e-01	2.461163401603698730e-01	1.642574071884155273e-01	3.622952997684478760e-01
2.739954710006713867e+00	4.069214165210723877e-01	8.093816041946411133e-02	4.678533077239990234e-01	5.744614452123641968e-02	6.624482274055480957e-01	2.164728492498397827e-01	5.056851506233215332e-01	1.000000000000000000e+00	1.636779904365539551e-01	3.896279036998748779e-01	1.019196733832359314e-01	1.299986392259597778e-01
2.786394596099853516e+00	2.671817541122436523e-01	4.264411050826311111e-03	9.637251496315002441e-02	1.873614788055419922e-01	4.920799434185028076e-01	5.756909400224685669e-02	3.587850928306579590e-02	1.000000000000000000e+00	1.591146178543567657e-02	1.685360819101333618e-01	5.517973303794860840e-01	8.664610236883163452e-02
2.832834482192993164e+00	2.334603369235992432e-01	3.577307760715484619e-01	6.152727454900741577e-02	4.919237270951271057e-02	2.904644608497619629e-01	4.621157050132751465e-02	5.980983972549438477e-01	1.000000000000000000e+00	1.114435717463493347e-01	8.646670728921890259e-02	1.044364273548126221e-02	4.655702114105224609e-01
2.879274368286132812e+00	2.521505355834960938e-01	2.906556427478790283e-02	3.218678385019302368e-02	1.388280093669891357e-01	7.794774174690246582e-01	3.798632696270942688e-02	2.269141003489494324e-02	1.000000000000000000e+00	2.930312231183052063e-02	2.415360957384109497e-01	2.202003598213195801e-01	1.677950471639633179e-02
2.925714254379272461e+00	4.942176640033721924e-01	1.227819547057151794e-01	4.398230016231536865e-01	8.083155006170272827e-02	3.399565815925598145e-01	3.696013689041137695e-01	5.791649818420410156e-01	1.000000000000000000e+00	1.385776549577713013e-01	1.273392587900161743e-01	1.629218161106109619e-01	1.303477436304092407e-01
2.972154140472412109e+00	4.560447931289672852e-01	1.094434875994920731e-02	6.803630292415618896e-02	1.027864068746566772e-01	7.423063516616821289e-01	8.052706718444824219e-02	4.444272071123123169e-02	1.000000000000000000e+00	5.444758385419845581e-02	2.353729605674743652e-01	1.613254249095916748e-01	7.276033051311969757e-03
3.018594026565551758e+00	1.012909263372421265e-01	2.377988994121551514e-01	2.070325016975402832e-01	8.118540793657302856e-02	1.544794887304306030e-01	5.552873611450195312e-01	2.581467851996421814e-02	5.774200335144996643e-02	1.000000000000000000e+00	2.354178577661514282e-01	4.185917675495147705e-01	3.721379861235618591e-02
3.065033912658691406e+00	5.105549097061157227e-01	2.140335738658905029e-01	1.303883492946624756e-01	7.934009432792663574e-01	1.733326762914657593e-01	1.709880530834197998e-01	1.915711909532546997e-01	3.899374902248382568e-01	1.000000000000000000e+00	4.695317745208740234e-01	4.737090766429901123e-01	1.461038738489151001e-01
3.111474037170410156e+00	2.624351680278778076e-01	2.340171933174133301e-01	1.763702183961868286e-02	3.891851603984832764e-01	3.077854402363300323e-02	1.080517098307609558e-01	3.123653493821620941e-02	6.630578041076660156e-01	1.000000000000000000e+00	6.240269541740417480e-02	2.523684874176979065e-02	2.229968458414077759e-02
3.157913923263549805e+00	1.142194718122482300e-01	2.364881485700607300e-01	1.095258966088294983e-01	6.606090348213911057e-03	1.726131290197372437e-01	1.011594757437705994e-01	9.009993672370910645e-01	5.030190572142601013e-02	1.000000000000000000e+00	8.616699278354644775e-02	2.452968619763851166e-02	6.883289813995361328e-01
3.204353809356689453e+00	7.367809861898422241e-02	3.128723204135894775e-01	7.657217979431152344e-02	5.804340913891792297e-02	8.202014863491058350e-02	9.591009616851806641e-01	1.599792987108230591e-01	5.437393859028816223e-02	1.000000000000000000e+00	2.112116664648056030e-01	2.276006191968917847e-01	3.810426965355873108e-02
3.250793695449829102e+00	7.642935216426849365e-02	3.763840496540069580e-01	9.023587405681610107e-02	4.104049503803253174e-02	6.412129849195480347e-02	7.881278395652770996e-01	9.791285991668701172e-01	3.164035677909851074e-01	1.000000000000000000e+00	1.057035997509956360e-01	1.933100819587707520e-01	2.395699769258499146e-01
3.297233581542968750e+00	1.680669486522674561e-01	4.419702589511871338e-01	3.997644782066345215e-02	2.085754089057445526e-02	7.238595932722091675e-02	1.114089936017990112e-01	5.711763501167297363e-01	2.018579281866550446e-02	1.000000000000000000e+00	5.683026462793350220e-02	5.305855721235275269e-02	1.258704066276550293e-01
3.343673467636108398e+00	1.242668554186820984e-01	2.446806132793426514e-01	6.907484494149684906e-03	3.069105744361877441e-02	1.450200527906417847e-01	2.843707799911499023e-02	9.529699385166168213e-02	3.388721942901611328e-01	1.000000000000000000e+00	2.287563495337963104e-02	1.936304569244384766e-02	9.474090486764907837e-02
3.390113353729248047e+00	2.253763973712921143e-01	2.387192398309707642e-01	4.311646521091461182e-01	1.710785925388336182e-02	7.461304962635040283e-02	1.435082703828811646e-01	9.992893934249877930e-01	5.217030048370361328e-01	1.000000000000000000e+00	2.199504226446151733e-01	9.279938787221908569e-02	2.637503147125244141e-01
3.436553239822387695e+00	6.360933929681777954e-02	3.080985844135284424e-01	1.988845765590667725e-01	1.203853916376829147e-02	2.103954851627349854e-01	1.278264969587326050e-01	5.301123857498168945e-02	4.049472510814666748e-02	1.000000000000000000e+00	8.984836935997009277e-01	2.744230255484580994e-02	5.968414619565010071e-02
3.482993125915527344e+00	2.069110423326492310e-02	2.384704649448394775e-01	1.109508946537971497e-01	1.193167548626661301e-02	4.335772991180419922e-02	2.521850168704986572e-01	3.222807124257087708e-02	7.010557502508163452e-02	1.000000000000000000e+00	1.063005700707435608e-01	7.947557419538497925e-02	3.696495294570922852e-02
3.529433012008666992e+00	1.761562004685401917e-02	2.884517312049865723e-01	2.116567939519882202e-01	1.008447445929050446e-02	1.221436113119125366e-01	3.927041962742805481e-02	8.220897614955902100e-02	5.277192965149879456e-02	1.000000000000000000e+00	8.421338200569152832e-01	3.675594553351402283e-02	2.269268780946731567e-02
3.575872898101806641e+00	1.922187022864818573e-02	2.826877832412719727e-01	6.579415872693061829e-03	3.773609697818756104e-01	1.481574177742004395e-01	2.989200651645660400e-01	1.086139678955078125e-01	4.679043591022491455e-02	1.000000000000000000e+00	5.584694817662239075e-02	1.787433624267578125e-01	1.678787916898727417e-01
3.622313022613525391e+00	2.353637814521789551e-01	1.457393169403076172e-01	1.851693540811538696e-01	6.593398004770278931e-02	4.083926379680633545e-01	4.443123936653137207e-02	9.869844317436218262e-01	1.000000000000000000e+00	2.615127861499786377e-01	5.447872281074523926e-01	1.007867511361837387e-02	2.492731213569641113e-01
3.668752908706665039e+00	4.273139536380767822e-01	3.930893242359161377e-01	8.939005434513092041e-02	8.946394175291061401e-02	8.424981236457824707e-01	3.860952258110046387e-01	9.926889091730117798e-02	1.000000000000000000e+00	8.467069268226623535e-02	2.645960152149200439e-01	1.823038160800933838e-01	9.676621109247207642e-02
3.715192794799804688e+00	2.383890300989151001e-01	5.699538812041282654e-02	4.291449785232543945e-01	8.435656875371932983e-02	5.168674588203430176e-01	2.489629946649074554e-02	1.048729494214057922e-01	1.000000000000000000e+00	2.095414698123931885e-01	1.514335870742797852e-01	1.363879144191741943e-01	6.830797344446182251e-02
3.761632680892944336e+00	2.717296779155731201e-01	8.295664191246032715e-02	3.407381102442741394e-02	2.242184281349182129e-01	9.858265519142150879e-01	9.388501048088073730e-01	6.569435447454452515e-02	1.000000000000000000e+00	8.805729448795318604e-02	2.768455147743225098e-01	7.592363953590393066e-01	2.172483690083026886e-02
3.808072566986083984e+00	4.305166006088256836e-01	1.907601356506347656e-01	4.819342121481895447e-02	9.845057129859924316e-02	4.468011558055877686e-01	1.000000000000000000e+00	2.031314820051193237e-01	9.974840879440307617e-01	2.633666694164276123e-01	1.468939185142517090e-01	2.521169781684875488e-01	4.528881609439849854e-02
3.854512453079223633e+00	3.901118040084838867e-01	9.827750921249389648e-02	4.347686842083930969e-02	8.737861514091491699e-01	8.266234397888183594e-02	9.795719385147094727e-01	5.324099659919738770e-01	1.000000000000000000e+00	2.457792013883590698e-01	6.358363479375839233e-02	2.037295103073120117e-01	1.581901311874389648e-01
3.900952339172363281e+00	4.495036900043487549e-01	8.802068978548049927e-02	5.010322667658329010e-03	1.176868006587028503e-01	1.912150233983993530e-01	1.000000000000000000e+00	2.301236847415566444e-03	5.932695865631103516e-01	5.297884717583656311e-02	4.194728285074234009e-02	2.123402804136276245e-01	7.869699001312255859e-01
3.947392225265502930e+00	3.086250424385070801e-01	3.979294598102569580e-01	2.926879376173019409e-02	1.622430607676506042e-02	9.399020671844482422e-01	1.000000000000000000e+00	9.954184293746948242e-02	1.984385251998901367e-01	9.247350692749023438e-01	2.043673843145370483e-01	1.803193837404251099e-01	2.972435951232910156e-01
3.993832111358642578e+00	3.292739391326904297e-01	6.291899085044860840e-01	1.866525225341320038e-02	1.822523958981037140e-02	2.997458875179290771e-01	1.000000000000000000e+00	1.005796194076538086e-01	2.317641973495483398e-01	6.740054488182067871e-01	5.159127339720726013e-02	1.886717379093170166e-01	7.906435728073120117e-01
4.040272235870361328e+00	8.559152483940124512e-01	1.789248287677764893e-01	8.897303044795989990e-02	3.302391245961189270e-02	1.498928815126419067e-01	1.000000000000000000e+00	3.625246882438659668e-02	8.125000596046447754e-01	1.231836304068565369e-01	3.801044076681137085e-02	2.478994429111480713e-01	5.764902103692293167e-03
4.086711883544921875e+00	1.041668429970741272e-01	2.622929811477661133e-01	5.364250764250755310e-02	2.935113944113254547e-02	9.852360486984252930e-01	1.000000000000000000e+00	7.612798810005187988e-01	2.712399661540985107e-01	4.663430154323577881e-02	2.336557954549789429e-01	2.346109449863433838e-01	8.865883350372314453e-01
4.133152008056640625e+00	4.225767776370048523e-02	2.148228287696838379e-01	8.160394616425037384e-03	2.056094557046890259e-01	4.386311769485473633e-02	1.000000000000000000e+00	1.096658632159233093e-01	1.498481631278991699e-01	3.077853918075561523e-01	1.324392948299646378e-02	8.989983797073364258e-01	1.235459223389625549e-01
4.179591655731201172e+00	1.519205123186111450e-01	1.732713282108306885e-01	6.936065852642059326e-02	3.900001943111419678e-01	1.273834798485040665e-02	8.866624236106872559e-01	5.592101439833641052e-02	1.126648336648941040e-01	2.167142778635025024e-01	7.394046057015657425e-03	1.000000000000000000e+00	3.330362960696220398e-02
4.226031780242919922e+00	6.995336413383483887e-01	3.995528221130371094e-01	4.062433540821075439e-02	1.829721927642822266e-01	8.486211299896240234e-01	1.000000000000000000e+00	1.260457634925842285e-01	2.114743739366531372e-01	8.493631482124328613e-01	2.253356426954269409e-01	3.475423455238342285e-01	1.711736023426055908e-01
4.272471427917480469e+00	1.215253025293350220e-01	1.742965281009674072e-01	2.030297741293907166e-02	1.385670751333236694e-01	1.080293059349060059e-01	1.000000000000000000e+00	1.440618187189102173e-01	9.759882092475891113e-02	3.468252420425415039e-01	1.906795985996723175e-02	2.067983597517013550e-01	3.115711212158203125e-01
4.318911552429199219e+00	5.136542767286300659e-02	3.205596506595611572e-01	3.338160738348960876e-02	8.896698057651519775e-02	1.068876683712005615e-01	9.781303405761718750e-01	1.609198600053787231e-01	1.394630968570709229e-01	1.000000000000000000e+00	1.026748120784759521e-01	3.868710994720458984e-01	3.881592676043510437e-02
4.365351676940917969e+00	1.093063056468963623e-01	9.773186594247817993e-02	8.976754546165466309e-02	7.270500808954238892e-02	7.431548088788986206e-02	1.000000000000000000e+00	3.271501883864402771e-02	1.370859444141387939e-01	7.889121025800704956e-02	7.015030086040496826e-02	3.854874968528747559e-01	3.835806995630264282e-02
4.411791324615478516e+00	6.364790350198745728e-02	1.755322515964508057e-01	9.042911976575851440e-02	4.310209304094314575e-02	2.061516791582107544e-01	1.000000000000000000e+00	1.688757725059986115e-02	2.503945231437683105e-01	3.466405272483825684e-01	5.044308677315711975e-02	2.556106746196746826e-01	4.131972193717956543e-01
4.458231449127197266e+00	2.120421230792999268e-01	3.150995969772338867e-01	1.154944300651550293e-01	4.950826242566108704e-02	1.000000000000000000e+00	7.169255018234252930e-01	1.381278038024902344e-01	2.425249516963958740e-01	4.241845309734344482e-01	2.883226871490478516e-01	1.430503129959106445e-01	1.004489809274673462e-01
4.504671096801757812e+00	2.725880742073059082e-01	1.709945946931838989e-01	6.979328393936157227e-02	1.087045595049858093e-01	4.654318690299987793e-01	1.000000000000000000e+00	2.296167239546775818e-02	2.348661720752716064e-01	1.793870031833648682e-01	1.126603633165359497e-01	4.491133093833923340e-01	4.329271316528320312e-01
4.551111221313476562e+00	4.366949796676635742e-01	4.007834494113922119e-01	1.821683198213577271e-01	3.347109258174896240e-01	9.965502619743347168e-01	1.000000000000000000e+00	2.292523682117462158e-01	5.508508682250976562e-01	2.424330562353134155e-01	3.974607884883880615e-01	5.606519579887390137e-01	9.513152837753295898e-01
4.597550868988037109e+00	2.517180144786834717e-01	1.342221796512603760e-01	1.142395753413438797e-02	6.218506023287773132e-02	9.509148448705673218e-02	1.000000000000000000e+00	3.255296126008033752e-02	8.470737934112548828e-02	1.953744739294052124e-01	1.987289823591709137e-02	2.950854301452636719e-01	1.183009799569845200e-02
4.643990993499755859e+00	2.885396480560302734e-01	3.068247437477111816e-01	1.243757307529449463e-01	6.689000874757766724e-02	2.477763593196868896e-01	1.000000000000000000e+00	1.604923009872436523e-01	1.823657304048538208e-01	6.948291063308715820e-01	1.437781602144241333e-01	2.618794441223144531e-01	4.069870412349700928e-01
4.690430641174316406e+00	1.140615865588188171e-01	2.767594158649444580e-01	2.836151607334613800e-02	5.801747441291809082e-01	1.442511677742004395e-01	1.000000000000000000e+00	2.464764192700386047e-02	3.033751249313354492e-01	3.131609857082366943e-01	6.025506183505058289e-02	2.618644535541534424e-01	6.600942015647888184e-01
4.736870765686035156e+00	1.021978631615638733e-01	1.065937429666519165e-01	1.161697730422019958e-01	1.385609507560729980e-01	9.465171955525875092e-03	1.000000000000000000e+00	1.637007482349872589e-02	1.421153992414474487e-01	2.594446018338203430e-02	3.961721658706665039e-01	6.287895441055297852e-01	5.644370615482330322e-02
4.783310890197753906e+00	4.999228417873382568e-01	2.509266138076782227e-01	2.137009613215923309e-02	7.992571592330932617e-02	2.391961216926574707e-01	1.000000000000000000e+00	1.027896478772163391e-01	1.256287395954132080e-01	6.200600266456604004e-01	5.459557846188545227e-02	4.305332303047180176e-01	2.093275077641010284e-02
4.829750537872314453e+00	5.897172689437866211e-01	1.691219657659530640e-01	1.360202580690383911e-01	4.015196487307548523e-02	1.498241573572158813e-01	1.000000000000000000e+00	2.280523478984832764e-01	4.510674476623535156e-01	3.911350294947624207e-02	4.472563862800598145e-01	1.869070380926132202e-01	2.852253317832946777e-01
4.876190662384033203e+00	4.745332002639770508e-01	2.107800096273422241e-01	1.290322095155715942e-01	1.939016580581665039e-01	2.541914284229278564e-01	1.000000000000000000e+00	3.806768357753753662e-01	3.157305121421813965e-01	1.979863345623016357e-01	4.199939221143722534e-02	6.811960339546203613e-01	9.425663948059082031e-01
4.922630310058593750e+00	2.673612534999847412e-01	1.866035461425781250e-01	1.171096712350845337e-01	2.094172835350036621e-01	1.505337506532669067e-01	1.000000000000000000e+00	8.812956511974334717e-02	4.971812367439270020e-01	6.362749636173248291e-02	6.360782682895660400e-02	5.809162855148315430e-01	6.666805595159530640e-02
4.969070434570312500e+00	5.035178065299987793e-01	1.757729649543762207e-01	8.929151296615600586e-02	6.971880793571472168e-01	1.429258286952972412e-01	1.000000000000000000e+00	1.312339603900909424e-01	2.179297506809234619e-01	1.921066194772720337e-01	2.686354704201221466e-02	9.735662937164306641e-01	2.330878227949142456e-01
5.015510082244873047e+00	1.839510947465896606e-01	1.792319864034652710e-01	3.073474764823913574e-01	4.009557142853736877e-02	1.351751387119293213e-01	1.000000000000000000e+00	2.684889733791351318e-01	1.970025002956390381e-01	1.478995680809020996e-01	9.647803902626037598e-01	1.703084856271743774e-01	2.317037582397460938e-01
5.061950206756591797e+00	8.404259681701660156e-01	2.096371650695800781e-01	1.047887355089187622e-01	1.340375244617462158e-01	1.840040683746337891e-01	1.000000000000000000e+00	9.590245783329010010e-02	2.381978034973144531e-01	1.952029615640640259e-01	3.968757390975952148e-02	2.605563104152679443e-01	7.560759186744689941e-01
5.108389854431152344e+00	9.945531487464904785e-01	1.000000000000000000e+00	5.608132481575012207e-02	1.664709486067295074e-02	8.092770725488662720e-02	2.517281472682952881e-01	2.673489153385162354e-01	4.601269960403442383e-03	9.447223693132400513e-02	8.448174595832824707e-02	4.328001290559768677e-02	5.305539816617965698e-02
5.154829978942871094e+00	3.597308695316314697e-01	1.000000000000000000e+00	4.743469879031181335e-02	5.928473919630050659e-02	2.597189042717218399e-03	7.342714667320251465e-01	2.281208187341690063e-01	2.115120552480220795e-02	2.969374321401119232e-02	2.228994965553283691e-01	2.410267740488052368e-01	3.566418960690498352e-02
5.201269626617431641e+00	3.590343520045280457e-02	1.000000000000000000e+00	1.645912677049636841e-01	5.929410085082054138e-02	8.859728574752807617e-01	2.660454437136650085e-02	2.627161443233489990e-01	8.963307365775108337e-03	2.792854905128479004e-01	2.738015651702880859e-01	2.633789777755737305e-01	9.809520244598388672e-01
5.247709751129150391e+00	7.590990662574768066e-01	1.000000000000000000e+00	5.945855379104614258e-02	3.707434237003326416e-02	3.906468749046325684e-01	1.623299419879913330e-01	2.451634258031845093e-01	2.829092554748058319e-03	8.293349742889404297e-01	1.423419564962387085e-01	1.913013309240341187e-01	2.739045023918151855e-02
5.294149875640869141e+00	9.310039877891540527e-01	1.000000000000000000e+00	1.069678291678428650e-01	1.655669510364532471e-02	7.400882430374622345e-03	2.803620100021362305e-01	2.399930357933044434e-01	6.662199646234512329e-02	6.755302101373672485e-02	1.164455711841583252e-01	7.632691413164138794e-02	4.113469645380973816e-02
5.340589523315429688e+00	9.612287282943725586e-01	1.000000000000000000e+00	6.001009047031402588e-02	5.894131958484649658e-03	2.148216404020786285e-02	2.355487197637557983e-01	2.359104156494140625e-01	1.749941334128379822e-02	2.258349061012268066e-01	4.634186252951622009e-02	4.069767147302627563e-02	6.627409160137176514e-02
5.387029647827148438e+00	7.933823764324188232e-02	1.000000000000000000e+00	7.669903337955474854e-02	1.905617676675319672e-02	2.139448523521423340e-01	2.237272858619689941e-01	3.281254470348358154e-01	9.069754928350448608e-02	1.912545599043369293e-02	7.424348592758178711e-02	5.740502104163169861e-02	9.685390591621398926e-01
5.433469295501708984e+00	1.852338612079620361e-01	6.778907030820846558e-02	6.267591714859008789e-01	1.000000000000000000e+00	4.791428148746490479e-02	7.286816835403442383e-02	6.259982287883758545e-02	8.576939105987548828e-01	2.275964766740798950e-01	3.727262094616889954e-02	2.122370451688766479e-01	1.837376505136489868e-01
5.479909420013427734e+00	9.568340778350830078e-01	6.753208488225936890e-02	3.950511664152145386e-02	1.000000000000000000e+00	4.403554499149322510e-01	2.102697789669036865e-01	3.351519256830215454e-02	3.681230545043945312e-01	2.790194153785705566e-01	1.452299356460571289e-01	5.452304333448410034e-02	1.594902575016021729e-01
5.526349067687988281e+00	6.393197178840637207e-01	7.440480589866638184e-02	1.149051710963249207e-01	1.000000000000000000e+00	7.236366719007492065e-02	1.376830488443374634e-01	9.895206093788146973e-01	9.191833436489105225e-03	3.118683099746704102e-01	4.659223183989524841e-02	1.042494550347328186e-01	2.494119852781295776e-01
5.572789192199707031e+00	9.250468015670776367e-01	9.521166980266571045e-02	3.852632343769073486e-01	1.000000000000000000e+00	7.630825638771057129e-01	3.227851092815399170e-01	3.209022060036659241e-02	5.269070267677307129e-01	2.869702279567718506e-01	8.078532814979553223e-01	1.730583459138870239e-01	5.722799301147460938e-01
5.619228839874267578e+00	4.458550810813903809e-01	2.571232914924621582e-01	8.709101937711238861e-03	1.000000000000000000e+00	5.425563827157020569e-02	2.462614476680755615e-01	1.612065434455871582e-01	1.971192955970764160e-01	2.352875471115112305e-01	2.409325540065765381e-02	7.826802134513854980e-01	1.894116550683975220e-01
5.665668964385986328e+00	8.673784136772155762e-01	8.437473326921463013e-02	5.349079966545104980e-01	1.000000000000000000e+00	4.717209190130233765e-02	2.886744737625122070e-01	4.332475364208221436e-02	1.013941168785095215e-01	3.826596736907958984e-01	9.597589969635009766e-01	1.781320571899414062e-01	1.915515065193176270e-01
5.712108612060546875e+00	8.679088205099105835e-02	1.699775010347366333e-01	1.336093153804540634e-02	5.092955231666564941e-01	3.178907632827758789e-01	1.000000000000000000e+00	1.827956549823284149e-02	1.535582840442657471e-01	2.190353870391845703e-01	7.730735093355178833e-02	2.230183482170104980e-01	9.115827083587646484e-01
5.758548736572265625e+00	1.833797246217727661e-01	4.389961659908294678e-01	3.184200078248977661e-02	8.216559141874313354e-02	3.242361545562744141e-01	1.000000000000000000e+00	5.187612399458885193e-02	2.454207092523574829e-01	9.490364789962768555e-01	7.720178365707397461e-02	1.669506728649139404e-01	2.892529070377349854e-01
5.804988861083984375e+00	1.464279294013977051e-01	5.706402659416198730e-01	2.359106950461864471e-02	2.969252765178680420e-01	7.421813160181045532e-02	9.444440603256225586e-01	1.430902630090713501e-01	1.309261769056320190e-01	4.428753256797790527e-01	3.111951984465122223e-02	1.000000000000000000e+00	1.545148715376853943e-02
5.851428508758544922e+00	3.898226320743560791e-01	4.176938533782958984e-01	4.179089888930320740e-02	1.081352457404136658e-01	7.817590236663818359e-01	1.000000000000000000e+00	3.838120400905609131e-02	2.684620320796966553e-01	9.175623655319213867e-01	1.779325753450393677e-01	1.907814592123031616e-01	9.242567420005798340e-01
5.897868633270263672e+00	4.182901233434677124e-02	2.249086052179336548e-01	1.302807182073593140e-01	7.698730379343032837e-02	5.947348475456237793e-01	1.000000000000000000e+00	5.168420672416687012e-01	3.094096183776855469e-01	2.929043024778366089e-02	2.626606523990631104e-01	1.750502437353134155e-01	9.987651109695434570e-01
5.944308280944824219e+00	5.405396223068237305e-02	4.071509838104248047e-01	5.061262100934982300e-02	1.590850800275802612e-01	7.972362041473388672e-01	9.969115853309631348e-01	1.180434226989746094e-01	2.710129022598266602e-01	8.076726794242858887e-01	1.796453148126602173e-01	1.939905881881713867e-01	1.000000000000000000e+00
5.990748405456542969e+00	1.040178388357162476e-01	2.356815189123153687e-01	1.123968213796615601e-01	1.588973253965377808e-01	1.000000000000000000e+00	6.600369215011596680e-01	6.602053344249725342e-02	3.101381957530975342e-01	6.607002019882202148e-01	2.436908632516860962e-01	1.926057040691375732e-01	4.606623053550720215e-01
6.037188053131103516e+00	3.615747690200805664e-01	5.131392180919647217e-02	3.710895776748657227e-01	5.715354904532432556e-02	5.295934081077575684e-01	1.003677621483802795e-01	4.726814925670623779e-01	1.000000000000000000e+00	2.550589479506015778e-02	3.774453997611999512e-01	6.384325027465820312e-02	1.207496151328086853e-01
6.083628177642822266e+00	2.356081455945968628e-01	1.766727492213249207e-02	6.500736474990844727e-01	1.841112375259399414e-01	3.309680819511413574e-01	4.429411143064498901e-02	1.320367902517318726e-01	1.000000000000000000e+00	1.571181789040565491e-02	1.278447210788726807e-01	5.856712460517883301e-01	9.297411143779754639e-02
6.130067825317382812e+00	2.331575304269790649e-01	3.766286671161651611e-01	5.517364665865898132e-02	5.257962271571159363e-02	2.580084502696990967e-01	1.210118383169174194e-01	5.575983524322509766e-01	1.000000000000000000e+00	1.115131303668022156e-01	7.554644346237182617e-02	2.388216182589530945e-02	4.265939593315124512e-01
6.176507949829101562e+00	2.532478272914886475e-01	3.757363930344581604e-02	3.153934702277183533e-02	1.202527955174446106e-01	7.962332963943481445e-01	3.712444752454757690e-02	2.834391035139560699e-02	1.000000000000000000e+00	2.558499388396739960e-02	2.459343075752258301e-01	2.436977624893188477e-01	2.208221517503261566e-02
6.222948074340820312e+00	8.405987024307250977e-01	1.049953699111938477e-01	1.009445488452911377e-01	8.951583504676818848e-02	2.835382223129272461e-01	5.153771638870239258e-01	3.869107365608215332e-01	1.000000000000000000e+00	1.302277892827987671e-01	1.352381259202957153e-01	1.515873372554779053e-01	9.186549484729766846e-02
6.269387722015380859e+00	3.342552483081817627e-01	3.039549570530653000e-03	5.539634823799133301e-02	6.966482102870941162e-02	9.339127540588378906e-01	5.034843459725379944e-02	5.396971702575683594e-01	1.000000000000000000e+00	1.093672774732112885e-02	2.494440674781799316e-01	3.607365489006042480e-02	1.223881766200065613e-01
6.315827846527099609e+00	4.776244759559631348e-01	8.623092621564865112e-02	2.373532392084598541e-02	8.711837232112884521e-02	2.275413833558559418e-02	9.248004555702209473e-01	1.121900305151939392e-01	1.000000000000000000e+00	1.276398152112960815e-01	3.943535685539245605e-02	2.067032009363174438e-01	2.392072975635528564e-02
6.362267494201660156e+00	2.904012799263000488e-01	1.954744011163711548e-02	5.236420035362243652e-02	1.210916489362716675e-01	6.382403522729873657e-02	1.811832338571548462e-01	1.712801754474639893e-01	1.000000000000000000e+00	5.051971971988677979e-02	1.898003369569778442e-01	3.901006281375885010e-02	4.509913176298141479e-02
6.408707618713378906e+00	2.582659125328063965e-01	2.467107623815536499e-01	1.402647327631711960e-02	8.247251063585281372e-02	2.261165082454681396e-01	1.595935523509979248e-01	1.247217580676078796e-01	1.000000000000000000e+00	3.573717921972274780e-02	6.694240123033523560e-02	3.991854190826416016e-02	1.359953135251998901e-01
6.455147266387939453e+00	3.524091541767120361e-01	1.729515790939331055e-01	5.159015059471130371e-01	6.564951688051223755e-02	2.776313722133636475e-01	7.841520011425018311e-02	4.136032164096832275e-01	1.000000000000000000e+00	8.689085245132446289e-01	7.239157706499099731e-02	1.463209539651870728e-01	1.200395748019218445e-01
6.501587390899658203e+00	2.479815483093261719e-01	2.917642146348953247e-02	7.151291705667972565e-03	7.420685887336730957e-02	1.156822964549064636e-02	1.518431901931762695e-01	1.000901311635971069e-01	1.000000000000000000e+00	3.226675093173980713e-03	4.264833405613899231e-02	4.410322010517120361e-02	5.175873637199401855e-02
6.548027038574218750e+00	2.464168965816497803e-01	2.124416679143905640e-01	2.013479471206665039e-01	6.651886552572250366e-02	5.503827705979347229e-02	9.111550450325012207e-02	1.362952739000320435e-01	1.000000000000000000e+00	8.528009653091430664e-01	8.318161964416503906e-02	3.402137383818626404e-02	5.946741625666618347e-02
6.594467163085937500e+00	7.927688956260681152e-02	6.296901404857635498e-02	3.036996163427829742e-02	1.498350203037261963e-01	1.942783147096633911e-01	1.000000000000000000e+00	5.274020880460739136e-02	2.761033177375793457e-01	3.931865096092224121e-02	3.887772560119628906e-02	2.272333651781082153e-01	8.012537956237792969e-01
6.640906810760498047e+00	4.653556346893310547e-01	3.637005090713500977e-01	2.729162573814392090e-02	2.906606495380401611e-01	8.777759075164794922e-01	1.000000000000000000e+00	7.941200584173202515e-02	1.652993559837341309e-01	9.044988155364990234e-01	1.966767609119415283e-01	2.097573727369308472e-01	1.730983108282089233e-01
6.687346935272216797e+00	5.127511620521545410e-01	3.142682015895843506e-01	5.921158567070960999e-02	1.593815162777900696e-02	1.658018380403518677e-01	1.000000000000000000e+00	2.289124205708503723e-02	1.787039041519165039e-01	7.964810132980346680e-01	5.930520221590995789e-02	1.979892253875732422e-01	4.769186973571777344e-01
6.733787059783935547e+00	1.421800553798675537e-01	1.620210707187652588e-01	2.967874146997928619e-02	2.824245207011699677e-02	2.931933104991912842e-01	1.000000000000000000e+00	1.225406117737293243e-02	3.819157481193542480e-01	2.700857073068618774e-02	4.823052883148193359e-02	2.133157402276992798e-01	9.470126032829284668e-01
6.780226707458496094e+00	1.142397746443748474e-01	5.312032103538513184e-01	3.931562602519989014e-02	2.402687221765518188e-01	5.882450938224792480e-01	8.766310214996337891e-01	4.390491545200347900e-01	1.672464758157730103e-01	2.734329700469970703e-01	1.739632189273834229e-01	1.000000000000000000e+00	1.102685257792472839e-01
6.826666831970214844e+00	1.547922380268573761e-02	1.872376650571823120e-01	4.348235204815864563e-03	1.302669644355773926e-01	7.700000703334808350e-02	1.000000000000000000e+00	6.071941182017326355e-02	1.208210960030555725e-01	1.819452345371246338e-01	1.916790194809436798e-02	6.356809735298156738e-01	1.383546143770217896e-01
6.873106479644775391e+00	1.350886225700378418e-01	3.144030570983886719e-01	5.650002136826515198e-02	2.606851160526275635e-01	1.421606540679931641e-01	1.000000000000000000e+00	4.221386834979057312e-02	6.240519881248474121e-01	6.645810604095458984e-02	5.139862000942230225e-02	9.136686325073242188e-01	1.853686869144439697e-01
6.919546604156494141e+00	4.299109876155853271e-01	4.283232986927032471e-02	2.132997363805770874e-01	1.000000000000000000e+00	1.527858078479766846e-01	1.957867592573165894e-01	4.403653740882873535e-01	1.560673862695693970e-01	2.440479397773742676e-01	1.014000028371810913e-01	3.727661073207855225e-01	6.563315391540527344e-01
6.965986251831054688e+00	1.277745068073272705e-01	1.374346315860748291e-01	4.659459926187992096e-03	1.000000000000000000e+00	2.978193201124668121e-02	1.954937726259231567e-02	3.765756636857986450e-02	5.323702096939086914e-01	2.351385205984115601e-01	3.592579066753387451e-02	9.183048456907272339e-02	1.422829777002334595e-01
7.012426376342773438e+00	7.562546730041503906e-01	1.154865249991416931e-01	5.699518322944641113e-01	1.000000000000000000e+00	1.008647382259368896e-01	2.601664066314697266e-01	5.905412435531616211e-01	1.032888740301132202e-01	2.821030318737030029e-01	9.722886681556701660e-01	1.316650062799453735e-01	3.916046917438507080e-01
7.058866024017333984e+00	3.690477311611175537e-01	1.808850467205047607e-01	1.239199265837669373e-01	1.000000000000000000e+00	2.165594138205051422e-02	1.339074820280075073e-01	6.649793982505798340e-01	3.529657050967216492e-02	2.573411166667938232e-01	1.329074241220951080e-02	8.090913891792297363e-01	1.862993985414505005e-01
7.105306148529052734e+00	1.685543507337570190e-01	2.847689390182495117e-02	2.013413794338703156e-02	1.000000000000000000e+00	1.380737423896789551e-01	6.236680969595909119e-02	5.447184666991233826e-02	5.983066931366920471e-02	2.257275879383087158e-01	8.848214149475097656e-02	7.978265881538391113e-01	6.388480216264724731e-02
7.151745796203613281e+00	4.591860622167587280e-02	9.471806138753890991e-02	4.617203176021575928e-01	1.000000000000000000e+00	5.002554059028625488e-01	6.508426368236541748e-02	2.940523810684680939e-02	1.386321336030960083e-01	4.829578697681427002e-01	9.962375760078430176e-01	2.490070462226867676e-02	1.909084320068359375e-01
7.198185920715332031e+00	1.016288399696350098e-01	3.657976537942886353e-02	2.718727588653564453e-01	1.000000000000000000e+00	2.474597841501235962e-01	1.029689088463783264e-01	1.516127772629261017e-02	4.347841441631317139e-01	2.385107576847076416e-01	9.749190211296081543e-01	3.412029519677162170e-02	8.954075723886489868e-02
7.244626045227050781e+00	2.428893595933914185e-01	3.548002615571022034e-02	5.071808770298957825e-02	1.000000000000000000e+00	7.592283934354782104e-02	6.764038652181625366e-02	8.076856136322021484e-01	1.852226257324218750e-02	2.518053352832794189e-01	5.835024639964103699e-02	4.450747370719909668e-01	4.049347639083862305e-01
7.291065692901611328e+00	5.171297490596771240e-02	2.702780663967132568e-01	3.227529525756835938e-01	1.000000000000000000e+00	6.559307128190994263e-02	2.149650827050209045e-02	7.857414335012435913e-02	1.774383783340454102e-01	2.790175080299377441e-01	1.946558803319931030e-01	3.071170449256896973e-01	2.861542105674743652e-01
7.337505817413330078e+00	3.617167472839355469e-02	1.461293697357177734e-01	9.635092318058013916e-02	9.822040796279907227e-01	2.287912964820861816e-01	1.089592725038528442e-01	8.516052365303039551e-02	7.845151424407958984e-02	2.607672512531280518e-01	3.233681619167327881e-01	1.069723516702651978e-01	1.000000000000000000e+00
7.383945465087890625e+00	3.403444290161132812e-01	1.577929705381393433e-01	3.269957378506660461e-02	1.000000000000000000e+00	9.579403325915336609e-03	1.113570258021354675e-01	7.115583121776580811e-02	8.771346211433410645e-01	2.313461601734161377e-01	3.131689503788948059e-02	1.908081322908401489e-01	7.811056822538375854e-02
7.430385589599609375e+00	3.008813858032226562e-01	5.249413847923278809e-02	6.193268299102783203e-01	1.000000000000000000e+00	4.749952629208564758e-02	1.518136262893676758e-01	1.240745037794113159e-01	7.200975418090820312e-01	2.540029585361480713e-01	8.252182006835937500e-01	6.662244349718093872e-02	2.849222123622894287e-01
7.476825237274169922e+00	3.372247144579887390e-02	7.247398048639297485e-02	5.023453757166862488e-02	1.000000000000000000e+00	1.618647277355194092e-01	9.278730303049087524e-02	5.722527951002120972e-02	7.432611286640167236e-02	2.200033068656921387e-01	5.046603828668594360e-02	8.245609402656555176e-01	9.123428910970687866e-02
7.523265361785888672e+00	8.850407600402832031e-01	4.109174385666847229e-02	5.802757143974304199e-01	1.000000000000000000e+00	3.960389792919158936e-01	2.833519876003265381e-01	3.868688344955444336e-01	2.894887030124664307e-01	2.555270493030548096e-01	2.406551539897918701e-01	4.980015754699707031e-01	7.124357223510742188e-01
7.569705009460449219e+00	2.242687642574310303e-01	1.718322485685348511e-01	1.077840290963649750e-02	1.000000000000000000e+00	4.622172564268112183e-02	4.115645959973335266e-02	4.543194174766540527e-02	5.575438737869262695e-01	2.544338405132293701e-01	4.367371276021003723e-02	1.128391548991203308e-01	2.263113260269165039e-01
7.616145133972167969e+00	9.608350992202758789e-01	3.606884926557540894e-02	2.779366075992584229e-01	1.000000000000000000e+00	4.937524348497390747e-02	3.293442428112030029e-01	5.107677578926086426e-01	4.155521094799041748e-02	2.891467213630676270e-01	8.469207882881164551e-01	4.851048067212104797e-02	2.526815235614776611e-01
7.662585258483886719e+00	3.841112852096557617e-01	1.725610494613647461e-01	1.961129009723663330e-01	1.000000000000000000e+00	2.052114717662334442e-02	1.232276707887649536e-01	6.179844737052917480e-01	6.434164196252822876e-02	2.523256838321685791e-01	6.639278028160333633e-03	8.122916221618652344e-01	1.638671457767486572e-01
7.709024906158447266e+00	2.626844942569732666e-01	2.747275121510028839e-02	1.457972265779972076e-02	1.000000000000000000e+00	1.241497695446014404e-01	7.119536399841308594e-02	5.889472737908363342e-02	1.187354996800422668e-01	2.292679101228713989e-01	5.820453539490699768e-02	8.122995495796203613e-01	1.255832761526107788e-01
7.755465030670166016e+00	2.506375312805175781e-01	7.937003672122955322e-02	3.190634548664093018e-01	1.000000000000000000e+00	1.575883105397224426e-02	8.992962539196014404e-02	1.035511121153831482e-02	1.196901053190231323e-01	4.389140605926513672e-01	6.091179251670837402e-01	2.446674741804599762e-02	4.167454689741134644e-02
7.801904678344726562e+00	9.757969975471496582e-01	4.912529885768890381e-01	7.537157833576202393e-02	1.000000000000000000e+00	8.159913867712020874e-02	2.292957901954650879e-01	1.295785307884216309e-01	5.869410466402769089e-03	3.917039632797241211e-01	1.180619671940803528e-01	5.743092671036720276e-02	6.740424036979675293e-02
7.848344802856445312e+00	9.702551960945129395e-01	1.000000000000000000e+00	3.693769872188568115e-02	9.490619599819183350e-02	2.432679291814565659e-03	6.937955021858215332e-01	2.363680452108383179e-01	1.650359481573104858e-02	8.392845094203948975e-02	1.220774874091148376e-01	2.047623842954635620e-01	3.630931302905082703e-02
7.894784450531005859e+00	8.061337471008300781e-01	1.000000000000000000e+00	3.742172420024871826e-01	4.900820553302764893e-02	9.893221259117126465e-01	1.880354285240173340e-01	2.727859318256378174e-01	1.569281369447708130e-01	1.681731790304183960e-01	7.380775809288024902e-01	4.794813692569732666e-02	8.290249854326248169e-02
7.941224575042724609e+00	1.418040245771408081e-01	1.000000000000000000e+00	3.458856791257858276e-02	4.925705119967460632e-02	6.528321504592895508e-01	5.152328684926033020e-02	2.484953254461288452e-01	7.844879478216171265e-02	5.139904618263244629e-01	1.516352891921997070e-01	1.536224931478500366e-01	9.253209829330444336e-01
7.987664222717285156e+00	9.054712653160095215e-01	1.000000000000000000e+00	3.540640324354171753e-02	4.435156285762786865e-02	1.024710386991500854e-01	2.073112875223159790e-01	2.394786477088928223e-01	2.713753608986735344e-03	2.297739386558532715e-01	6.069278344511985779e-02	1.233286112546920776e-01	3.156994655728340149e-02
8.034104347229003906e+00	9.534420371055603027e-01	1.000000000000000000e+00	4.099408909678459167e-02	1.683640107512474060e-02	2.207694947719573975e-02	2.336235046386718750e-01	2.358729094266891479e-01	1.645168475806713104e-02	2.397629767656326294e-01	4.214459285140037537e-02	3.680989146232604980e-02	7.474894076585769653e-02
8.080544471740722656e+00	1.125630289316177368e-01	1.000000000000000000e+00	5.058583989739418030e-02	2.800145149230957031e-01	5.314444657415151596e-03	5.850575119256973267e-02	2.289480715990066528e-01	4.638217091560363770e-01	7.850667834281921387e-02	4.491869732737541199e-02	9.313820600509643555e-01	3.021463006734848022e-02
8.126984596252441406e+00	1.000000000000000000e+00	4.932074993848800659e-02	1.464979257434606552e-02	2.921636402606964111e-02	5.874565616250038147e-02	2.437184453010559082e-01	1.319117750972509384e-02	2.272646315395832062e-02	7.557862251996994019e-02	1.961817964911460876e-02	4.416515305638313293e-02	4.201311152428388596e-03
8.173423767089843750e+00	1.000000000000000000e+00	3.015478886663913727e-02	1.886021345853805542e-02	2.783819846808910370e-02	2.066659927368164062e-02	2.359034419059753418e-01	8.067031390964984894e-03	8.101813495159149170e-03	5.741622298955917358e-02	6.330578587949275970e-03	4.422796517610549927e-02	2.187520498409867287e-03
8.219863891601562500e+00	1.000000000000000000e+00	3.230825066566467285e-02	1.683500036597251892e-02	1.287303306162357330e-02	1.670274138450622559e-02	2.366528064012527466e-01	9.431820362806320190e-03	4.381875973194837570e-03	5.030403286218643188e-02	4.431910812854766846e-03	4.698449745774269104e-02	1.611516345292329788e-03
8.266304016113281250e+00	1.000000000000000000e+00	9.722882881760597229e-03	1.794189028441905975e-02	1.244760118424892426e-02	3.071616403758525848e-02	2.355798184871673584e-01	3.773503703996539116e-03	7.645913865417242050e-03	5.136237666010856628e-02	7.750018965452909470e-03	5.012338235974311829e-02	9.199057822115719318e-04
8.312744140625000000e+00	1.000000000000000000e+00	2.263943105936050415e-01	8.236832916736602783e-03	1.051841489970684052e-02	3.040800243616104126e-02	2.392601668834686279e-01	5.504222214221954346e-02	2.308464795351028442e-02	4.117027297616004944e-02	1.769710332155227661e-02	4.505776613950729370e-02	8.464342914521694183e-03
8.359183311462402344e+00	1.000000000000000000e+00	8.461611717939376831e-02	1.719917729496955872e-02	6.179435178637504578e-03	1.528579741716384888e-02	2.350959479808807373e-01	2.195324935019016266e-02	2.932275272905826569e-02	4.866205528378486633e-02	8.433673530817031860e-03	3.736478462815284729e-02	3.118732944130897522e-03
8.405623435974121094e+00	1.000000000000000000e+00	1.744028031826019287e-01	3.139068186283111572e-01	3.170703649520874023e-01	2.725631184875965118e-02	3.386262655258178711e-01	4.758390784263610840e-02	1.925526559352874756e-01	1.116365790367126465e-01	4.948535561561584473e-01	8.595838546752929688e-01	6.645622104406356812e-02
8.452063560485839844e+00	8.485102653503417969e-02	2.381964959204196930e-02	3.682367503643035889e-02	2.491042017936706543e-01	4.453790374100208282e-03	3.857190161943435669e-02	3.276193514466285706e-02	1.371378824114799500e-02	5.145677551627159119e-02	2.762097632512450218e-03	1.000000000000000000e+00	1.339417649433016777e-03
8.498503684997558594e+00	2.894709818065166473e-02	1.443421840667724609e-02	2.385004051029682159e-02	2.501650750637054443e-01	1.483722939155995846e-03	1.152302976697683334e-02	3.236531466245651245e-02	7.670591585338115692e-03	5.180722847580909729e-02	5.125775351189076900e-04	1.000000000000000000e+00	9.644413948990404606e-04
8.544942855834960938e+00	1.618652790784835815e-02	1.806418783962726593e-02	3.100353106856346130e-02	2.510376572608947754e-01	1.311110798269510269e-03	5.806999281048774719e-03	2.826533094048500061e-02	9.209460578858852386e-03	5.479119718074798584e-02	3.343575226608663797e-04	1.000000000000000000e+00	9.026941843330860138e-04
8.591382980346679688e+00	3.335394710302352905e-02	1.677724719047546387e-02	4.238409921526908875e-02	2.554589211940765381e-01	1.225867075845599174e-03	1.193181611597537994e-02	2.861956879496574402e-02	1.119271665811538696e-02	5.678996443748474121e-02	2.242923073936253786e-04	1.000000000000000000e+00	1.527588116005063057e-03
8.637823104858398438e+00	3.408259898424148560e-02	1.665391027927398682e-02	4.390521347522735596e-02	2.503623664379119873e-01	9.773510973900556564e-04	2.120601385831832886e-02	2.836122550070285797e-02	1.103501208126544952e-02	5.487348884344100952e-02	1.643346040509641171e-04	1.000000000000000000e+00	9.513479890301823616e-04
8.684263229370117188e+00	9.591842442750930786e-02	3.553185239434242249e-02	5.743463709950447083e-02	3.825362324714660645e-01	3.959171473979949951e-03	5.092000588774681091e-02	4.234930872917175293e-02	1.377570778131484985e-01	1.503406614065170288e-01	3.361096978187561035e-02	1.000000000000000000e+00	8.857881650328636169e-03
8.730703353881835938e+00	1.686007678508758545e-01	2.269442230463027954e-01	1.211096253246068954e-02	6.229821443557739258e-01	3.708367794752120972e-02	4.481241479516029358e-02	8.006278425455093384e-02	6.009013205766677856e-02	1.000000000000000000e+00	1.780259050428867340e-02	1.745651364326477051e-01	3.306768089532852173e-02
8.777142524719238281e+00	1.763359308242797852e-01	2.297269254922866821e-01	5.855310242623090744e-03	6.713775396347045898e-01	3.445136174559593201e-02	4.336136952042579651e-02	7.399175316095352173e-02	1.151496893726289272e-03	1.000000000000000000e+00	1.270217704586684704e-03	9.416044503450393677e-02	3.245687112212181091e-02
8.823582649230957031e+00	2.397266477346420288e-01	2.271869331598281860e-01	7.169020827859640121e-03	6.254351139068603516e-01	3.573068603873252869e-02	5.714904144406318665e-02	9.152889251708984375e-02	7.206364069133996964e-03	1.000000000000000000e+00	4.115723422728478909e-04	5.963273346424102783e-02	3.510320559144020081e-02
8.870022773742675781e+00	3.059569895267486572e-01	2.247484326362609863e-01	8.871274068951606750e-03	5.435800552368164062e-01	3.529050573706626892e-02	7.298768311738967896e-02	1.070216149091720581e-01	2.176500624045729637e-03	1.000000000000000000e+00	3.595452290028333664e-04	5.944208055734634399e-02	3.596557676792144775e-02
8.916462898254394531e+00	3.251861035823822021e-01	2.288943529129028320e-01	9.083791635930538177e-03	5.782417654991149902e-01	3.609131649136543274e-02	7.734477519989013672e-02	1.243865489959716797e-01	8.250385522842407227e-03	1.000000000000000000e+00	4.959634970873594284e-04	7.186499238014221191e-02	4.082432761788368225e-02
8.962902069091796875e+00	3.083154857158660889e-01	2.302881479263305664e-01	9.839845821261405945e-03	5.259351730346679688e-01	3.688283637166023254e-02	7.367806881666183472e-02	1.443261802196502686e-01	5.546218715608119965e-03	1.000000000000000000e+00	5.909453029744327068e-04	6.135224178433418274e-02	4.435029625892639160e-02
9.009342193603515625e+00	3.059375286102294922e-01	5.835075378417968750e-01	1.105149164795875549e-01	4.568186402320861816e-01	4.944170638918876648e-02	9.647738933563232422e-02	2.571782469749450684e-01	4.641947895288467407e-02	1.000000000000000000e+00	1.093821320682764053e-02	9.819195270538330078e-01	9.417084604501724243e-02
9.055782318115234375e+00	3.101954422891139984e-02	4.915138334035873413e-02	3.391012176871299744e-02	2.505477666854858398e-01	4.304812755435705185e-03	2.447638660669326782e-02	4.082291573286056519e-02	8.801917545497417450e-03	1.089251115918159485e-01	3.111333586275577545e-03	1.000000000000000000e+00	2.662593964487314224e-03
9.102222442626953125e+00	6.874434649944305420e-03	1.847017556428909302e-02	2.144005335867404938e-02	2.612383365631103516e-01	1.618501031771302223e-03	5.851886700838804245e-03	3.400870412588119507e-02	6.279303692281246185e-03	7.331763207912445068e-02	6.979066529311239719e-04	1.000000000000000000e+00	1.589044462889432907e-03
9.148662567138671875e+00	1.017344556748867035e-02	2.251923829317092896e-02	2.732808515429496765e-02	2.795788943767547607e-01	1.650581485591828823e-03	4.525588825345039368e-03	3.176220133900642395e-02	9.402765892446041107e-03	7.728353142738342285e-02	2.162397868232801557e-04	1.000000000000000000e+00	2.563131041824817657e-03
9.195101737976074219e+00	1.774362847208976746e-02	2.051808685064315796e-02	3.778158873319625854e-02	2.715204954147338867e-01	1.528653316199779510e-03	9.451390244066715240e-03	3.469060361385345459e-02	9.646358899772167206e-03	6.901570409536361694e-02	3.330706094857305288e-04	1.000000000000000000e+00	3.229805268347263336e-03
9.241541862487792969e+00	8.659426122903823853e-03	2.180328592658042908e-02	4.025082662701606750e-02	2.652064263820648193e-01	1.331309904344379902e-03	1.662333309650421143e-02	3.272731602191925049e-02	9.999030269682407379e-03	6.671394407749176025e-02	3.385713207535445690e-04	1.000000000000000000e+00	2.353516407310962677e-03
9.287981986999511719e+00	8.258161693811416626e-02	2.536136656999588013e-02	3.663147240877151489e-02	3.081920146942138672e-01	1.276151929050683975e-02	5.066279321908950806e-02	3.789722174406051636e-02	1.671355031430721283e-02	7.521512359380722046e-02	5.064466036856174469e-03	1.000000000000000000e+00	3.381495364010334015e-03
9.334422111511230469e+00	1.000000000000000000e+00	5.309135653078556061e-03	2.385127544403076172e-02	6.398994475603103638e-02	4.707163944840431213e-02	2.424695044755935669e-01	9.235033765435218811e-03	2.309441938996315002e-02	6.245533749461174011e-02	1.160866487771272659e-02	1.726072430610656738e-01	3.033198881894350052e-03
9.380861282348632812e+00	1.000000000000000000e+00	6.864166352897882462e-04	2.018393948674201965e-02	2.341931685805320740e-02	1.804778166115283966e-02	2.374605387449264526e-01	4.224638454616069794e-03	7.316695060580968857e-03	5.237162113189697266e-02	4.393425304442644119e-03	1.099411174654960632e-01	3.784293658100068569e-04
9.427301406860351562e+00	1.000000000000000000e+00	8.616527775302529335e-04	1.862189918756484985e-02	8.134691044688224792e-03	1.645805314183235168e-02	2.363071441650390625e-01	1.955430023372173309e-03	4.459645599126815796e-03	4.958032071590423584e-02	3.913419321179389954e-03	5.577092990279197693e-02	2.414716873317956924e-03
9.473741531372070312e+00	1.000000000000000000e+00	9.024829487316310406e-04	1.827746070921421051e-02	1.916960068047046661e-02	3.234433382749557495e-02	2.355964332818984985e-01	3.415313316509127617e-03	1.061630342155694962e-02	5.133938044309616089e-02	7.816825062036514282e-03	9.680565446615219116e-02	3.941601898986846209e-04
9.520181655883789062e+00	1.000000000000000000e+00	2.506412100046873093e-03	7.465403527021408081e-03	4.587037116289138794e-02	2.771123871207237244e-02	2.400949001312255859e-01	7.167592644691467285e-03	2.332396991550922394e-02	5.087047815322875977e-02	6.728221662342548370e-03	1.928125321865081787e-01	1.259064069017767906e-03
9.566621780395507812e+00	1.000000000000000000e+00	1.465657167136669159e-02	1.820143684744834900e-02	3.545237705111503601e-02	1.514486037194728851e-02	2.357324808835983276e-01	6.127326283603906631e-03	3.108189813792705536e-02	6.221753358840942383e-02	4.383369348943233490e-03	1.434522271156311035e-01	1.598637551069259644e-03
9.613060951232910156e+00	1.000000000000000000e+00	9.753963351249694824e-01	2.047883905470371246e-02	1.730086281895637512e-02	4.897431656718254089e-02	2.421423643827438354e-01	2.554299235343933105e-01	4.445937927812337875e-03	5.346655845642089844e-02	2.289227023720741272e-02	8.518788963556289673e-02	3.875397518277168274e-02
9.659501075744628906e+00	1.593871563673019409e-01	1.000000000000000000e+00	2.054571174085140228e-02	1.635469049215316772e-01	1.123893423937261105e-03	3.353669643402099609e-01	2.544127404689788818e-01	1.289507281035184860e-02	4.565359652042388916e-02	1.252381801605224609e-01	6.603611707687377930e-01	3.414957970380783081e-02
9.705941200256347656e+00	9.973130226135253906e-01	1.000000000000000000e+00	2.021220326423645020e-02	6.410910189151763916e-02	7.302133366465568542e-03	2.351053506135940552e-01	2.502466142177581787e-01	6.055118283256888390e-04	6.709793210029602051e-02	3.610588610172271729e-02	2.882436513900756836e-01	3.299532830715179443e-02
9.752381324768066406e+00	8.119809627532958984e-01	1.000000000000000000e+00	4.466880485415458679e-02	2.387824654579162598e-01	5.692700669169425964e-02	1.825440376996994019e-01	2.613024413585662842e-01	3.348804893903434277e-04	1.863673776388168335e-01	5.213213339447975159e-02	9.671026468276977539e-01	3.144898638129234314e-02
9.798820495605468750e+00	9.898347258567810059e-01	1.000000000000000000e+00	1.942690275609493256e-02	5.493425205349922180e-02	1.859743148088455200e-03	2.404588907957077026e-01	2.432079613208770752e-01	1.128597068600356579e-03	5.768942832946777344e-02	3.412545472383499146e-02	2.401337772607803345e-01	3.359217941761016846e-02
9.845260620117187500e+00	9.984652996063232422e-01	1.000000000000000000e+00	1.780748553574085236e-02	3.129927814006805420e-02	1.232473412528634071e-03	2.378662228584289551e-01	2.434475421905517578e-01	2.473439788445830345e-03	5.452929064631462097e-02	3.885191679000854492e-02	1.321805417537689209e-01	3.366751968860626221e-02
9.891700744628906250e+00	1.096309535205364227e-02	1.000000000000000000e+00	4.562655929476022720e-03	2.804008424282073975e-01	5.023065023124217987e-03	8.600173145532608032e-02	3.137389123439788818e-01	2.804059302434325218e-03	7.839038223028182983e-02	4.988045990467071533e-02	9.567805528640747070e-01	4.126145318150520325e-02
9.938140869140625000e+00	9.198064804077148438e-01	6.939904391765594482e-02	5.120475888252258301e-01	1.000000000000000000e+00	1.123289112001657486e-02	2.322610467672348022e-01	3.816899284720420837e-02	6.745045185089111328e-01	2.568360269069671631e-01	1.437218673527240753e-02	2.245309203863143921e-01	3.957529738545417786e-02
9.984580039978027344e+00	9.117835760116577148e-01	5.361347645521163940e-02	2.488823793828487396e-02	1.000000000000000000e+00	2.425718754529953003e-01	2.142401933670043945e-01	6.155385076999664307e-02	2.504576183855533600e-02	2.752661108970642090e-01	6.308974325656890869e-02	3.632283806800842285e-01	4.830839112401008606e-02
1.003102016448974609e+01	8.578940629959106445e-01	1.848763227462768555e-01	4.490174725651741028e-02	1.000000000000000000e+00	2.692186273634433746e-02	1.908198893070220947e-01	3.551270365715026855e-01	1.498097903095185757e-03	4.223079383373260498e-01	9.438114240765571594e-03	6.232419610023498535e-01	9.543461352586746216e-02
1.007746028900146484e+01	5.468329787254333496e-02	2.891830801963806152e-01	1.597312241792678833e-01	1.000000000000000000e+00	4.283704236149787903e-02	4.439777880907058716e-02	8.435510098934173584e-02	2.554341852664947510e-01	5.807858109474182129e-01	2.361411042511463165e-02	7.669351696968078613e-01	1.260997205972671509e-01
1.012390041351318359e+01	2.815140783786773682e-01	1.056045070290565491e-01	9.639286436140537262e-03	1.000000000000000000e+00	2.025910886004567146e-03	1.147021502256393433e-01	6.160979345440864563e-02	2.990053966641426086e-02	2.556031644344329834e-01	1.331819873303174973e-02	8.047127127647399902e-01	3.608953952789306641e-02
1.017034053802490234e+01	7.193169742822647095e-02	5.265203490853309631e-02	8.767127245664596558e-02	1.000000000000000000e+00	7.282410748302936554e-03	4.020502045750617981e-02	3.422936424612998962e-02	2.004818059504032135e-02	2.322055697441101074e-01	1.368721127510070801e-01	8.071264028549194336e-01	4.782775416970252991e-02
1.021677970886230469e+01	6.663395762443542480e-01	1.854592561721801758e-01	8.252021856606006622e-03	4.889328181743621826e-01	3.023233115673065186e-01	1.000000000000000000e+00	2.343117259442806244e-02	1.102062612771987915e-01	3.298688232898712158e-01	6.636562198400497437e-02	4.790676832199096680e-01	4.928437173366546631e-01
1.026321983337402344e+01	6.310039758682250977e-01	2.690439522266387939e-01	8.782734721899032593e-02	6.400901824235916138e-02	8.105618506669998169e-02	1.000000000000000000e+00	2.764753997325897217e-02	1.658834218978881836e-01	5.541209578514099121e-01	1.676529832184314728e-02	1.795629262924194336e-01	5.780386738479137421e-03
1.030965995788574219e+01	8.147139549255371094e-01	2.945471704006195068e-01	2.460205554962158203e-02	2.609836161136627197e-01	3.283844143152236938e-02	1.000000000000000000e+00	6.354560703039169312e-02	1.223992258310317993e-01	2.426148653030395508e-01	1.426117774099111557e-02	8.889580368995666504e-01	7.819182239472866058e-03
1.035610008239746094e+01	7.754765152931213379e-01	1.872165352106094360e-01	2.009703591465950012e-02	1.497746258974075317e-01	1.176071017980575562e-01	1.000000000000000000e+00	1.565813831984996796e-02	1.519555598497390747e-01	2.026900947093963623e-01	3.229421377182006836e-02	3.685773611068725586e-01	2.819190733134746552e-03
1.040253925323486328e+01	8.238105773925781250e-01	1.944481879472732544e-01	1.327698975801467896e-01	2.292549908161163330e-01	2.518769800662994385e-01	1.000000000000000000e+00	2.421037852764129639e-01	2.230366319417953491e-01	1.011718958616256714e-01	9.472057223320007324e-02	8.397021889686584473e-01	2.817764580249786377e-01
1.044897937774658203e+01	3.973577171564102173e-02	3.247546851634979248e-01	2.636141330003738403e-02	3.698014020919799805e-01	5.406670570373535156e-01	8.542029261589050293e-01	1.147257462143898010e-01	2.001043558120727539e-01	6.579008102416992188e-01	1.257454007863998413e-01	1.000000000000000000e+00	6.463279724121093750e-01
1.049541950225830078e+01	1.808198988437652588e-01	1.447536200284957886e-01	7.314821332693099976e-02	8.929744362831115723e-02	1.000000000000000000e+00	5.365563631057739258e-01	6.853289008140563965e-01	5.711377263069152832e-01	1.734773069620132446e-01	2.455837279558181763e-01	1.552053540945053101e-01	3.736273944377899170e-01
1.054185962677001953e+01	3.107053637504577637e-01	1.201616153120994568e-01	4.183847308158874512e-01	6.043297424912452698e-02	6.868432164192199707e-01	1.840063780546188354e-01	4.612576961517333984e-01	1.000000000000000000e+00	3.061929345130920410e-01	2.809579372406005859e-01	1.113894283771514893e-01	1.166760548949241638e-01
1.058829975128173828e+01	2.577373087406158447e-01	2.493083663284778595e-02	3.056828491389751434e-02	5.066469311714172363e-01	6.845872402191162109e-01	3.185134828090667725e-01	3.876661136746406555e-02	1.000000000000000000e+00	7.942044734954833984e-02	2.104402929544448853e-01	6.759920120239257812e-01	5.304333940148353577e-02
1.063473892211914062e+01	2.383811175823211670e-01	4.663364887237548828e-01	6.647581607103347778e-02	4.834733158349990845e-02	3.470122218132019043e-01	3.584424406290054321e-02	3.071754574775695801e-01	1.000000000000000000e+00	1.175426617264747620e-01	1.071250960230827332e-01	2.911227010190486908e-02	3.627847433090209961e-01
1.068117904663085938e+01	2.519235908985137939e-01	2.298005111515522003e-02	3.308987244963645935e-02	1.258246749639511108e-01	8.122879266738891602e-01	4.116627573966979980e-02	1.555301528424024582e-02	1.000000000000000000e+00	3.527039662003517151e-02	2.461725324392318726e-01	7.316780090332031250e-02	1.933463290333747864e-02
1.072761917114257812e+01	5.430948734283447266e-01	1.328755319118499756e-01	3.633818030357360840e-01	9.530402719974517822e-02	3.834578692913055420e-01	3.762558400630950928e-01	5.687486529350280762e-01	1.000000000000000000e+00	1.180777102708816528e-01	1.155677512288093567e-01	2.174713760614395142e-01	1.301045119762420654e-01
1.077405929565429688e+01	2.790613472461700439e-01	2.058493345975875854e-02	4.877083003520965576e-02	2.684646546840667725e-01	6.359812617301940918e-01	5.799251049757003784e-02	3.958701193332672119e-01	1.000000000000000000e+00	5.783398449420928955e-02	2.039982527494430542e-01	2.787762582302093506e-01	2.872958481311798096e-01
1.082049846649169922e+01	2.189358323812484741e-01	2.602039836347103119e-02	7.473243772983551025e-02	2.671273946762084961e-01	2.821071147918701172e-01	4.755175858736038208e-02	7.336220741271972656e-01	2.330132424831390381e-01	4.293100163340568542e-02	1.498762965202331543e-01	1.000000000000000000e+00	5.265012383460998535e-01
1.086693859100341797e+01	6.729171425104141235e-02	7.222074866294860840e-01	1.237358245998620987e-02	5.143994688987731934e-01	2.096757143735885620e-01	5.996901392936706543e-01	1.817507594823837280e-01	8.536050468683242798e-02	8.009368181228637695e-01	9.409828484058380127e-02	1.000000000000000000e+00	7.762441635131835938e-01
1.091337871551513672e+01	1.020511332899332047e-02	2.107100635766983032e-01	2.117672115564346313e-01	6.525316238403320312e-01	2.235345691442489624e-01	1.077657043933868408e-01	1.380784213542938232e-01	1.300746798515319824e-01	7.634007334709167480e-01	9.745669960975646973e-01	1.000000000000000000e+00	9.787195324897766113e-01
1.095981884002685547e+01	1.720451265573501587e-01	1.530601680278778076e-01	1.289211213588714600e-02	2.397134304046630859e-01	2.053514271974563599e-01	4.055263102054595947e-02	6.264137476682662964e-02	1.354707404971122742e-02	6.706807613372802734e-01	3.507746756076812744e-02	1.000000000000000000e+00	1.203467920422554016e-01
1.100625896453857422e+01	1.620991714298725128e-02	3.743925094604492188e-01	5.091751925647258759e-03	2.620938122272491455e-01	1.624726653099060059e-01	1.125483214855194092e-02	1.968395709991455078e-01	6.749276071786880493e-02	9.396393299102783203e-01	3.975027799606323242e-02	1.000000000000000000e+00	2.409682720899581909e-01
1.105269813537597656e+01	2.457284741103649139e-02	2.466261088848114014e-01	2.732515148818492889e-02	2.414499521255493164e-01	1.810058057308197021e-01	5.758175253868103027e-02	1.285789608955383301e-01	1.000177413225173950e-01	9.899941086769104004e-01	2.990547195076942444e-02	1.000000000000000000e+00	4.480354189872741699e-01
1.109913825988769531e+01	1.176615133881568909e-01	1.889436841011047363e-01	3.656759858131408691e-02	3.042671680450439453e-01	1.358321011066436768e-01	4.376775026321411133e-01	2.468444705009460449e-01	3.832585811614990234e-01	6.972393393516540527e-01	3.580676764249801636e-02	1.000000000000000000e+00	1.454594433307647705e-01
1.114557838439941406e+01	1.279708892107009888e-01	2.293772995471954346e-01	2.348941415548324585e-01	5.823637843132019043e-01	3.775918856263160706e-02	4.344768822193145752e-01	5.488147959113121033e-02	3.306357562541961670e-01	1.000000000000000000e+00	8.681423068046569824e-01	6.082993745803833008e-01	6.219084560871124268e-02
1.119201850891113281e+01	3.764023631811141968e-02	2.362667322158813477e-01	4.688417911529541016e-02	6.552048772573471069e-02	8.558849096298217773e-01	2.494420390576124191e-03	1.049114540219306946e-01	1.100884471088647842e-02	1.000000000000000000e+00	2.157141566276550293e-01	2.778233289718627930e-01	1.693479418754577637e-01
1.123845767974853516e+01	5.357028916478157043e-02	3.071974217891693115e-01	4.108904302120208740e-02	4.666752368211746216e-02	9.790512174367904663e-02	1.108953263610601425e-02	7.806157469749450684e-01	1.790566183626651764e-02	1.000000000000000000e+00	3.484203293919563293e-02	9.130728989839553833e-02	1.812127977609634399e-01
1.128489780426025391e+01	1.683433055877685547e-01	2.566616833209991455e-01	1.053876951336860657e-01	3.914560377597808838e-02	3.438366353511810303e-01	3.252491727471351624e-02	8.940526247024536133e-01	1.036722306162118912e-02	1.000000000000000000e+00	6.558518856763839722e-02	1.834991574287414551e-01	2.153306901454925537e-01
1.133133792877197266e+01	2.518755197525024414e-01	3.604252934455871582e-01	3.912238031625747681e-02	4.858180135488510132e-02	1.000000000000000000e+00	2.648409456014633179e-02	2.144484817981719971e-01	8.259618878364562988e-01	9.722138047218322754e-01	2.486626505851745605e-01	5.906158685684204102e-02	1.968561112880706787e-01
1.137777805328369141e+01	1.740675866603851318e-01	2.420777082443237305e-01	8.393343687057495117e-01	4.076600447297096252e-02	9.044732898473739624e-02	1.909750103950500488e-01	7.642228007316589355e-01	1.889592409133911133e-01	1.000000000000000000e+00	4.341406747698783875e-02	1.659422367811203003e-01	1.925295889377593994e-01
1.142421722412109375e+01	6.472648978233337402e-01	6.187707185745239258e-01	7.056435197591781616e-02	8.864346891641616821e-02	1.904688179492950439e-01	2.259509414434432983e-01	1.251386851072311401e-01	2.029446214437484741e-01	1.000000000000000000e+00	1.399839371442794800e-01	2.543652951717376709e-01	5.379787683486938477e-01
1.147065734863281250e+01	4.803455471992492676e-01	2.456246763467788696e-01	6.527846306562423706e-02	7.263538241386413574e-02	1.950078010559082031e-01	1.737767010927200317e-01	7.195206880569458008e-01	1.240810751914978027e-01	1.000000000000000000e+00	3.972847014665603638e-02	8.384704589843750000e-02	3.006484508514404297e-01
1.151709747314453125e+01	1.865349858999252319e-01	2.411221712827682495e-01	1.476268470287322998e-01	2.119356580078601837e-02	6.944156438112258911e-02	1.795547455549240112e-01	3.318999707698822021e-02	5.336037278175354004e-02	1.000000000000000000e+00	5.394963622093200684e-01	1.162625327706336975e-01	1.913966238498687744e-02
1.156353759765625000e+01	6.668830756098031998e-04	2.459411621093750000e-01	1.804362167604267597e-03	3.686481388285756111e-03	4.774797707796096802e-02	6.059718504548072815e-02	3.161829710006713867e-02	9.133299812674522400e-03	1.000000000000000000e+00	1.806683372706174850e-03	2.639933116734027863e-02	4.233235493302345276e-02
1.160997772216796875e+01	1.123070493340492249e-01	3.169236481189727783e-01	2.644493477419018745e-03	8.860886096954345703e-02	4.466809332370758057e-02	3.195653557777404785e-01	1.035584807395935059e-01	1.960042715072631836e-01	1.000000000000000000e+00	4.966415930539369583e-03	3.346637189388275146e-01	6.506145745515823364e-02
1.165641689300537109e+01	5.256597697734832764e-02	2.702796459197998047e-01	6.595938466489315033e-03	3.836651518940925598e-02	6.247631087899208069e-02	6.634830236434936523e-01	5.101175233721733093e-02	1.143152862787246704e-01	1.000000000000000000e+00	1.720418967306613922e-02	2.371379882097244263e-01	4.262803122401237488e-03
1.170285701751708984e+01	9.679210931062698364e-02	2.809805274009704590e-01	8.752173930406570435e-02	1.618854701519012451e-02	1.127555519342422485e-01	1.969505399465560913e-01	1.000000000000000000e+00	1.903863698244094849e-01	9.923263788223266602e-01	1.662691533565521240e-01	5.233018472790718079e-02	2.423995435237884521e-01
1.174929714202880859e+01	7.361754029989242554e-02	2.558873295783996582e-01	2.440765127539634705e-02	1.083215475082397461e-01	8.746096491813659668e-02	1.676222123205661774e-02	2.632668018341064453e-01	3.874358534812927246e-02	1.000000000000000000e+00	6.467295810580253601e-03	3.163091838359832764e-02	2.264264822006225586e-01
1.179573726654052734e+01	3.410912454128265381e-01	2.342247366905212402e-01	7.034142315387725830e-02	6.370084732770919800e-02	4.093916341662406921e-02	1.296866238117218018e-01	2.723167240619659424e-01	5.991335511207580566e-01	1.000000000000000000e+00	1.967076510190963745e-01	1.002648025751113892e-01	7.284196466207504272e-02
1.184217643737792969e+01	1.718622893095016479e-01	2.453094422817230225e-01	2.610866129398345947e-01	6.883647292852401733e-02	4.339352622628211975e-02	2.385613471269607544e-01	4.289429783821105957e-01	1.443246752023696899e-01	1.000000000000000000e+00	9.539512395858764648e-01	5.901562049984931946e-02	1.124583855271339417e-01
1.188861656188964844e+01	1.691058129072189331e-01	2.253984957933425903e-01	1.465497761964797974e-01	1.328196823596954346e-01	6.585783511400222778e-02	4.952488839626312256e-02	9.301977753639221191e-01	1.214319616556167603e-01	1.000000000000000000e+00	2.467812895774841309e-01	4.576393961906433105e-02	2.060117572546005249e-01
1.193505668640136719e+01	7.400305569171905518e-02	2.464366257190704346e-01	1.282255817204713821e-02	1.916053891181945801e-02	3.028948009014129639e-01	1.601418852806091309e-02	8.980923146009445190e-02	4.089086875319480896e-02	1.000000000000000000e+00	6.474481523036956787e-02	4.754869639873504639e-02	1.898083835840225220e-02
1.198149681091308594e+01	6.979040503501892090e-01	2.510259151458740234e-01	3.046845830976963043e-02	1.766699180006980896e-02	5.923241004347801208e-02	2.421315461397171021e-01	9.550122916698455811e-02	1.888876222074031830e-02	1.000000000000000000e+00	1.286002621054649353e-02	5.516504123806953430e-02	1.290377825498580933e-01
